Otimização para log em TOTEM - Limites: eps_1_mg_0_a2_0
Configuração: down | up | strategy | migrad | mg ± error | eps ± error | a1 ± error | a2 ± error | χ²/ndof
========================================================================================================================
0.9 | 1.1 | 0 | 70 | 0.38394074244817167 ± 0.0063076624979328914 | 0.08740477581780817 ± 0.002734211812941867 | 1.5039602323242767 ± 0.004983027024397013 | 3.8485041125469146 ± 0.03881520535573594 | 0.9309713708827408
0.9 | 1.1 | 0 | 90 | 0.3839049318168207 ± 0.006126212683179971 | 0.08740058597201825 ± 0.002655696912328802 | 1.505518889378317 ± 0.00301879478669298 | 3.83749189973784 ± 0.032485942042333384 | 0.9226412917233977
0.9 | 1.1 | 0 | 150 | 0.3838340361172997 ± 0.0008070797764485099 | 0.08737117485210984 ± 0.0003554520208594175 | 1.5058292958642134 ± 0.005741125957477 | 3.8392833707903518 ± 0.03153321560875586 | 0.9187044370183656
0.9 | 1.1 | 0 | 200 | 0.3820566053689401 ± 0.002075447735799091 | 0.0865921687316507 ± 0.0009178631294114586 | 1.5033873020898652 ± 0.0035968245280729727 | 3.8601814440929014 ± 0.03502828748669155 | 0.8978405691710569
0.9 | 1.1 | 1 | 90 | 0.38393980375642844 ± 0.0007483357538834529 | 0.08740145635446124 ± 0.0003308164230799507 | 1.5043372130646135 ± 0.023812430700876686 | 3.846608313401212 ± 0.05042869853074114 | 0.9295978498746161
0.9 | 1.1 | 1 | 150 | 0.38386504999725907 ± 0.008287008920785972 | 0.08738955051301485 ± 0.0035448952588623475 | 1.505890510715379 ± 0.00441761104345928 | 3.841479743193195 ± 0.031167129314465657 | 0.9191095213817206
0.9 | 1.1 | 1 | 200 | 0.382368231383069 ± 0.002369484798476692 | 0.08672757020459029 ± 0.0010464154769423417 | 1.5037115514809931 ± 0.0035922486325197234 | 3.8566068145705557 ± 0.03502232087714695 | 0.8990877504659445
0.9 | 1.1 | 2 | 150 | 0.38390229735302284 ± 0.007718203878023572 | 0.08734200732821618 ± 0.0033323323266098576 | 1.499221891096989 ± 0.010304350813880814 | 3.869298348470731 ± 0.06024804280809456 | 0.9542060081896647
0.9 | 1.1 | 2 | 200 | 0.38326606839016536 ± 0.0036977207866647774 | 0.08712510090664081 ± 0.0016222228191129784 | 1.5057961669533784 ± 0.0019538410332304856 | 3.834532875973239 ± 0.031383922686840614 | 0.9060065474132266
0.91 | 1.0899999999999999 | 0 | 70 | 0.38394572421505485 ± 0.005954205975879375 | 0.08740736349502473 ± 0.002575936536671257 | 1.5039966135424803 ± 0.004915190344061737 | 3.8483203287549834 ± 0.03861216476147218 | 0.9309289181533384
0.91 | 1.0899999999999999 | 0 | 90 | 0.3839082161506556 ± 0.005038174289891784 | 0.08740313033794733 ± 0.0021893365280075128 | 1.505566539164947 ± 0.002686882422940129 | 3.8367660823168093 ± 0.0321848078547294 | 0.922774304156779
0.91 | 1.0899999999999999 | 0 | 150 | 0.383834098717746 ± 0.0008310014919617345 | 0.08737141791859025 ± 0.0003659543793017375 | 1.5058932481194898 ± 0.020175929007663518 | 3.8409882103396327 ± 0.031199114709741575 | 0.9186875469599057
0.91 | 1.0899999999999999 | 0 | 200 | 0.3802227975565178 ± 0.0016373490198364877 | 0.08579872088099197 ± 0.0007283456053403317 | 1.505149875648454 ± 0.002017795361380248 | 3.8593883022891853 ± 0.032461387326347964 | 0.8462987906328
0.91 | 1.0899999999999999 | 1 | 90 | 0.3839451359903982 ± 0.0007481195558452174 | 0.0874042383842466 ± 0.0003306164508787915 | 1.5043359013684205 ± 0.023351506018207124 | 3.846834784278573 ± 0.04902047250250773 | 0.9296699805819654
0.91 | 1.0899999999999999 | 1 | 150 | 0.3838697667410444 ± 0.007959323832461318 | 0.08739146722594113 ± 0.0033896145646440737 | 1.5058847345038577 ± 0.004325117902020836 | 3.8412693688132133 ± 0.031196863211836637 | 0.919256778105225
0.91 | 1.0899999999999999 | 1 | 200 | 0.38025337369049933 ± 0.00164344260054553 | 0.08581145802927204 ± 0.0007309713441474783 | 1.5050911232544437 ± 0.0020952507826326183 | 3.8593045824852896 ± 0.032557962403715765 | 0.8469963670877717
0.91 | 1.0899999999999999 | 2 | 150 | 0.38392930615198884 ± 0.007460006012022421 | 0.08735358045835598 ± 0.0032066641826799316 | 1.4991992532143814 ± 0.01028722530459436 | 3.8692347539840726 ± 0.06011090696652383 | 0.9550612721947801
0.91 | 1.0899999999999999 | 2 | 200 | 0.38324985580949456 ± 0.0052859964976152045 | 0.08711853801135097 ± 0.002297925342734465 | 1.5058968344039045 ± 0.00324096385544137 | 3.839319872468586 ± 0.03113204622516746 | 0.9028372873991317
0.92 | 1.08 | 0 | 70 | 0.3839526988978532 ± 0.005476176886276677 | 0.08741100962060301 ± 0.0023650390120992515 | 1.5040447816751414 ± 0.004816191208022791 | 3.848089055097727 ± 0.03831682157728959 | 0.9308885691766944
0.92 | 1.08 | 0 | 90 | 0.3839163863131358 ± 0.004981603698686647 | 0.08740614239789089 ± 0.002157220317309645 | 1.5055844247349495 ± 0.0027761902980372177 | 3.8363015854735316 ± 0.0321607778847674 | 0.9229280846207121
0.92 | 1.08 | 0 | 150 | 0.3838358234368134 ± 0.0008173904053971905 | 0.0873727373410954 ± 0.0003599532949212711 | 1.5058884636080399 ± 0.021273085924945256 | 3.8420016503401078 ± 0.03135011202564945 | 0.9188558027957523
0.92 | 1.08 | 0 | 200 | 0.3818974031270276 ± 0.0028392407471083034 | 0.08649817874698255 ± 0.0012514056881874 | 1.5035090579167885 ± 0.004468508677540228 | 3.84546720319868 ± 0.03713355710675789 | 0.8809388887232068
0.92 | 1.08 | 1 | 70 | 0.38395269890044514 ± 0.005474231902031292 | 0.08741100962181046 ± 0.0023642244479727056 | 1.5040447817020057 ± 0.004809678732812794 | 3.848089052647648 ± 0.03829186542569713 | 0.9308885693395307
0.92 | 1.08 | 1 | 90 | 0.383916386277594 ± 0.004980580012242615 | 0.08740614209784703 ± 0.0021567906650468635 | 1.505584442040301 ± 0.002770624219149753 | 3.836301469747239 ± 0.0321560660324289 | 0.9229279421786801
0.92 | 1.08 | 1 | 150 | 0.38387775199893814 ± 0.007960730729717352 | 0.0873948966629176 ± 0.0033575422171552294 | 1.5058847954706296 ± 0.004365118983560956 | 3.8412454053662057 ± 0.03119728527452699 | 0.9194679828949439
0.92 | 1.08 | 1 | 200 | 0.38198872842938 ± 0.0022723099338264317 | 0.08654989398144886 ± 0.001002966591043028 | 1.5041208628933072 ± 0.0034324313772692294 | 3.844445914806223 ± 0.03472997872994121 | 0.8820880123654847
0.92 | 1.08 | 2 | 150 | 0.3839674617643657 ± 0.0077827682801481805 | 0.08736997051144949 ± 0.003305970702242686 | 1.4991677468768418 ± 0.010448075413521885 | 3.8695174595195856 ± 0.06112389849717117 | 0.9562648678402456
0.92 | 1.08 | 2 | 200 | 0.383272900202233 ± 0.003424349808299749 | 0.08713189312250144 ± 0.0014987883556120823 | 1.5059047662644731 ± 0.0023608932665910576 | 3.839056850766851 ± 0.031115123042414955 | 0.9042262754424081
0.93 | 1.0699999999999998 | 0 | 70 | 0.3839628819738659 ± 0.004814132832701001 | 0.08741639067720099 ± 0.0020774642559989384 | 1.5041097803473515 ± 0.004666232511740476 | 3.8478161786540825 ± 0.037874849087598604 | 0.9308685502775043
0.93 | 1.0699999999999998 | 0 | 90 | 0.38392905958521084 ± 0.004306912897114403 | 0.08741146414705513 ± 0.0018650014696111744 | 1.5055584768479107 ± 0.002640389148702904 | 3.8359005481338926 ± 0.03219211759588158 | 0.9236116605319816
0.93 | 1.0699999999999998 | 0 | 150 | 0.38388866677101724 ± 0.00782686960377262 | 0.0873997678768937 ± 0.003259412795513006 | 1.5058825839441177 ± 0.004407274284875751 | 3.8413955647196714 ± 0.03121012964186948 | 0.9197772153524917
0.93 | 1.0699999999999998 | 0 | 200 | 0.3817772513843596 ± 0.001706794144452537 | 0.08646880106247418 ± 0.0007540162408962089 | 1.5045844344311223 ± 0.002819235444673329 | 3.8487592783013813 ± 0.03360104833599761 | 0.8766637130370689
0.93 | 1.0699999999999998 | 1 | 70 | 0.38396288197743617 ± 0.004813368131167212 | 0.08741639067868703 ± 0.002077140642745709 | 1.5041097803815524 ± 0.004659724411028243 | 3.847816175780005 ± 0.03785054125448743 | 0.930868550475213
0.93 | 1.0699999999999998 | 1 | 90 | 0.3839290592229405 ± 0.004306896121853844 | 0.08741146385150048 ± 0.0018649936375796025 | 1.505558500980316 ± 0.0026355216489929445 | 3.8359003499230893 ± 0.03218773375422774 | 0.9236115040479138
0.93 | 1.0699999999999998 | 1 | 150 | 0.3838886667797777 ± 0.007826253876053452 | 0.08739976780521441 ± 0.003259185168950407 | 1.5058825831323706 ± 0.004407296887084855 | 3.8413955355796023 ± 0.03121013321647087 | 0.9197772172613076
0.93 | 1.0699999999999998 | 1 | 200 | 0.3817759476446304 ± 0.001706582412078445 | 0.08646825439100506 ± 0.0007539268734129898 | 1.5045859479700174 ± 0.0028152680592429258 | 3.84875905949439 ± 0.033592845416971676 | 0.8766339609023681
0.93 | 1.0699999999999998 | 2 | 150 | 0.3840239505350621 ± 0.008055975196455236 | 0.08739427014440915 ± 0.0033605335679690804 | 1.499125095703636 ± 0.02208157645100639 | 3.8696839447235156 ± 0.061844334601076474 | 0.9580324564458939
0.93 | 1.0699999999999998 | 2 | 200 | 0.38333761921239823 ± 0.0029431093748629434 | 0.08716099108503922 ± 0.0012878811981740165 | 1.5059067083132125 ± 0.002244449658529435 | 3.8389427966545586 ± 0.0311114649399379 | 0.9061623078817589
0.94 | 1.06 | 0 | 70 | 0.38397856398990077 ± 0.003919169096417181 | 0.08742482834439602 ± 0.001693201287593045 | 1.5041988709814993 ± 0.004433058417473101 | 3.847575662572621 ± 0.037207913285260796 | 0.930927116161622
0.94 | 1.06 | 0 | 90 | 0.3839508090736901 ± 0.0038570812112487004 | 0.08741973484737736 ± 0.0016664624331734976 | 1.5054755621995073 ± 0.0026142145434738806 | 3.8356835879911837 ± 0.032439356161463324 | 0.9247810274385935
0.94 | 1.06 | 0 | 150 | 0.3838069273358784 ± 0.0003352041120049745 | 0.08735958882349254 ± 0.00014818124120367232 | 1.5058628558051148 ± 0.02286012125454595 | 3.8440057520448954 ± 0.11978164053037615 | 0.9189553873416137
0.94 | 1.06 | 0 | 200 | 0.3820463742208743 ± 0.004970521846391401 | 0.0865733427162339 ± 0.0021333115847508577 | 1.5030444011731596 ± 0.015799616721351883 | 3.871162821754034 ± 0.06229523079363815 | 0.893766062649548
0.94 | 1.06 | 1 | 70 | 0.38397856399495667 ± 0.003918304544954518 | 0.08742482834650461 ± 0.0016928378507701167 | 1.5041988710282184 ± 0.00442674282467681 | 3.8475756591266665 ± 0.037185276975756666 | 0.9309271164293906
0.94 | 1.06 | 1 | 90 | 0.38395080872506376 ± 0.003857554528689615 | 0.08741973462911452 ± 0.0016666592038164715 | 1.5054755840628715 ± 0.0026142532042338074 | 3.8356833855659107 ± 0.03243930825027238 | 0.9247809094540155
0.94 | 1.06 | 1 | 150 | 0.38390787171951674 ± 0.007786593144306388 | 0.08740805248088938 ± 0.0031710456193072764 | 1.505885061588192 ± 0.004419360087132063 | 3.841219841795812 ± 0.031196452164735072 | 0.9202722753313964
0.94 | 1.06 | 1 | 200 | 0.38157814714873683 ± 0.002465650292164614 | 0.0863730052812946 ± 0.0010847894496368651 | 1.502904285268289 ± 0.015509376764262117 | 3.878687392322587 ± 0.053694652419793265 | 0.8903525264902998
0.94 | 1.06 | 2 | 150 | 0.3841126520178662 ± 0.027828845735630204 | 0.0874321314476424 ± 0.005415713075319406 | 1.4990768831941266 ± 0.023862552870197673 | 3.869933941689641 ± 0.07530142129214475 | 0.9607247892258592
0.94 | 1.06 | 2 | 200 | 0.3834561344030665 ± 0.002907454271073127 | 0.08721120150638226 ± 0.0012678402637096575 | 1.5059015446229158 ± 0.0024657989702910887 | 3.838172632462272 ± 0.031118508503204752 | 0.9089335993892362
0.95 | 1.05 | 0 | 70 | 0.38400256694447193 ± 0.002541039365107508 | 0.08743995977272127 ± 0.0011047390496431858 | 1.5042924410028775 ± 0.003982934895424894 | 3.848897020685695 ± 0.035989039214778265 | 0.9317259315518205
0.95 | 1.05 | 0 | 90 | 0.38398835119341196 ± 0.00305877477785311 | 0.08743441485768834 ± 0.001322364603857526 | 1.50524405269861 ± 0.0024853098809344276 | 3.836502084914501 ± 0.03305586801018546 | 0.9271148801723316
0.95 | 1.05 | 0 | 150 | 0.3839288946484136 ± 0.0008497487079915207 | 0.08741724451594529 ± 0.0003737324094035613 | 1.505895850867873 ± 0.006110382104027368 | 3.8427557583803003 ± 0.031061943627446277 | 0.9209404115665846
0.95 | 1.05 | 0 | 200 | 0.383017768129614 ± 0.0026116024703718163 | 0.08702143009625997 ± 0.0011364915359546104 | 1.5055975438065832 ± 0.0036440257264936937 | 3.849281957918605 ± 0.032456166650207965 | 0.8998152907502538
0.95 | 1.05 | 1 | 70 | 0.3840025669494443 ± 0.002541200485166187 | 0.08743995977635821 ± 0.0011048061182322988 | 1.5042924410485077 ± 0.0039777718930789074 | 3.848897017600768 ± 0.035972201609938685 | 0.9317259322798455
0.95 | 1.05 | 1 | 90 | 0.3839883512875353 ± 0.003058533709627045 | 0.08743441480339635 ± 0.0013222640395622182 | 1.505244055395684 ± 0.0024853169205680814 | 3.8365020804989687 ± 0.03305588109195211 | 0.9271148398847238
0.95 | 1.05 | 1 | 150 | 0.38394016819490223 ± 0.006349763058570357 | 0.08742235332301292 ± 0.0025833738133704334 | 1.505890414511602 ± 0.004237593786807881 | 3.8409629903355964 ± 0.031162781319671384 | 0.9211111592527265
0.95 | 1.05 | 1 | 200 | 0.38301712311509334 ± 0.00262329423503945 | 0.08702118134199753 ± 0.001141435685915966 | 1.5056018553102517 ± 0.0036750523516777545 | 3.8493007638269088 ± 0.0324523868730157 | 0.8997830842187812
0.95 | 1.05 | 2 | 150 | 0.38424908954185616 ± 0.0032833459974344376 | 0.08749862325818789 ± 0.0014188557758482087 | 1.499111484319187 ± 0.009687731934734378 | 3.8730661230822974 ± 0.05645662766213113 | 0.9649287569201531
0.95 | 1.05 | 2 | 200 | 0.38364289288847914 ± 0.002073653545209776 | 0.08729636418915515 ± 0.0009056994162475393 | 1.5058887058483799 ± 0.0021078304548660665 | 3.839147597622582 ± 0.031153272688953508 | 0.9147096055192377
0.96 | 1.04 | 0 | 70 | 0.3840496219217068 ± 0.0016383041707656873 | 0.0874675033778677 ± 0.0007136796211150986 | 1.5044357265589325 ± 0.0035586653785555367 | 3.851772534579647 ± 0.03499147017888551 | 0.9339080597748592
0.96 | 1.04 | 0 | 90 | 0.3840483784616808 ± 0.0022557148434870287 | 0.08746079564189294 ± 0.0009756485476623694 | 1.505116128568251 ± 0.002675661994986367 | 3.8377970827840073 ± 0.033352688109452217 | 0.9292809922393228
0.96 | 1.04 | 0 | 150 | 0.38399862921235867 ± 0.005380628897378972 | 0.08744823075236856 ± 0.002146081974176109 | 1.5058914165407247 ± 0.004233697461338837 | 3.841080258541645 ± 0.031155839349012372 | 0.9226823869158628
0.96 | 1.04 | 0 | 200 | 0.382445354796403 ± 0.0008702864840391483 | 0.08678157662020437 ± 0.00038219332612629553 | 1.5059049208592608 ± 0.0015467622759894883 | 3.8474287358164365 ± 0.031154200307989592 | 0.8890988048871987
0.96 | 1.04 | 1 | 70 | 0.3840496219255076 ± 0.0016381846910340937 | 0.0874675033848151 ± 0.0007136294847246497 | 1.5044357266220743 ± 0.003554218359111516 | 3.8517725327472747 ± 0.03497802029496435 | 0.9339080620271781
0.96 | 1.04 | 1 | 90 | 0.3840483784192071 ± 0.0022557317096322197 | 0.08746079560203168 ± 0.0009756555036354655 | 1.5051161340770622 ± 0.00267565426907046 | 3.8377970061721958 ± 0.0333526740205711 | 0.9292809710565422
0.96 | 1.04 | 1 | 150 | 0.383998629227375 ± 0.005379433517454336 | 0.08744823075668029 ± 0.0021457014051943293 | 1.505891416479442 ± 0.00423369968120868 | 3.841080261004699 ± 0.03115583801361429 | 0.9226823875774154
0.96 | 1.04 | 1 | 200 | 0.382445327757892 ± 0.0008702365225142306 | 0.08678156492092283 ± 0.00038217132650594787 | 1.5059049189379476 ± 0.0015467265563965382 | 3.847428602085789 ± 0.031154208146056486 | 0.8890984188758367
0.96 | 1.04 | 2 | 150 | 0.3844657847525453 ± 0.002069358384966463 | 0.08759331763246311 ± 0.0008962777003029276 | 1.50013016322067 ± 0.007087300107459948 | 3.85318054197421 ± 0.04491571243976413 | 0.9692637660134675
0.96 | 1.04 | 2 | 200 | 0.38397978446393594 ± 0.0015292131280435922 | 0.08744405677396075 ± 0.0006671891611274988 | 1.5058733962006585 ± 0.001791543510357041 | 3.8364284501589903 ± 0.031186594610305797 | 0.9250094043658691
0.97 | 1.03 | 0 | 70 | 0.38415849935212965 ± 0.0012669667862246683 | 0.08752557048888711 ± 0.0005495637757918781 | 1.505392338494491 ± 0.0027046656576854566 | 3.850764515992634 ± 0.03273590545774922 | 0.9323562415666938
0.97 | 1.03 | 0 | 90 | 0.3841340946257259 ± 0.0019361133325086996 | 0.08751080159821538 ± 0.0008276460742226155 | 1.5059091038245656 ± 0.0033432046963621787 | 3.8419358242908532 ± 0.031063569467789983 | 0.9264917372925231
0.97 | 1.03 | 0 | 150 | 0.3840526490653534 ± 0.0008551795230358032 | 0.08746988238385256 ± 0.00037473712611615223 | 1.5059029567268585 ± 0.020050277132043326 | 3.8426825037502526 ± 0.03100119681202162 | 0.924474162524459
0.97 | 1.03 | 0 | 200 | 0.3834002042775038 ± 0.0008138301210150817 | 0.08719098749922982 ± 0.0003546752679630602 | 1.505802024266543 ± 0.0018433582378922786 | 3.839908849388765 ± 0.03135731760020679 | 0.9097430353302275
0.97 | 1.03 | 1 | 70 | 0.3841584993755046 ± 0.0012669258460145372 | 0.08752557049554009 ± 0.0005495461746917799 | 1.5053923384949057 ± 0.0027046713929771427 | 3.8507645301125786 ± 0.032735911582697064 | 0.9323562420299663
0.97 | 1.03 | 1 | 90 | 0.38417408534608577 ± 0.00364169791311364 | 0.08752067669138378 ± 0.0014490179653779203 | 1.505442444338565 ± 0.003931693256959967 | 3.8421998198088527 ± 0.03325171368656472 | 0.9296807572376325
0.97 | 1.03 | 1 | 150 | 0.3840788223217738 ± 0.003834320237105026 | 0.08748112105977879 ± 0.0015034318345680323 | 1.5057315746186914 ± 0.004026253171681149 | 3.84059562960431 ± 0.03193821886969792 | 0.9256482208096999
0.97 | 1.03 | 1 | 200 | 0.3834041521092051 ± 0.0007992033683356907 | 0.08719346602945817 ± 0.0003483443142030043 | 1.5058289689118516 ± 0.0018032286138028875 | 3.8399171412063544 ± 0.03129517460931415 | 0.9099306499438802
0.97 | 1.03 | 2 | 150 | 0.3848223744186943 ± 0.001100608216279946 | 0.08779488125453422 ± 0.0004774200278968646 | 1.5037319362766495 ± 0.003574860721333173 | 3.84295833891666 ± 0.0349263357260202 | 0.9614619822122451
0.97 | 1.03 | 2 | 200 | 0.38463042570036404 ± 0.0015287551747794528 | 0.08772830037875165 ± 0.0006606976994594227 | 1.5058704119357962 ± 0.002284579858067959 | 3.8380590108360604 ± 0.03118202010390397 | 0.9409788732428895
0.98 | 1.02 | 0 | 70 | 0.3844816460436079 ± 0.0005064858711246568 | 0.08769680853229589 ± 0.0002167748551117482 | 1.5056291599746947 ± 0.004206708100715217 | 3.8783899181976933 ± 0.03243950053526812 | 0.9734768130120875
0.98 | 1.02 | 0 | 90 | 0.3845433621935152 ± 0.0013334348477697206 | 0.08768698426596513 ± 0.0005481284264567884 | 1.5057513488713608 ± 0.0036649397318825327 | 3.8412930261307006 ± 0.03174459563522022 | 0.9381734221148691
0.98 | 1.02 | 0 | 150 | 0.38440635605755075 ± 0.0007284832900595544 | 0.08762810391639866 ± 0.00031036695232376094 | 1.505711538457211 ± 0.0029076286693050513 | 3.8410232552550436 ± 0.031765260432224746 | 0.9349634144285819
0.98 | 1.02 | 0 | 200 | 0.384088702673639 ± 0.0008651869856156529 | 0.08748142295363565 ± 0.0005290841714754024 | 1.505908089238757 ± 0.005051797913397271 | 3.83591502580513 ± 0.030898969440438014 | 0.9256172701681733
0.98 | 1.02 | 1 | 90 | 0.3845465123211296 ± 0.0007910942740343656 | 0.08768693586031998 ± 0.00034025447360625655 | 1.5057386108995123 ± 0.00488037802984953 | 3.8420077466753875 ± 0.03192706543558241 | 0.9382919980810003
0.98 | 1.02 | 1 | 150 | 0.3844063538025734 ± 0.0007284870132747408 | 0.08762810294328596 ± 0.00031036842591299074 | 1.5057115385557978 ± 0.002907616136967328 | 3.8410232296558866 ± 0.03176526278745865 | 0.934963361083159
0.98 | 1.02 | 1 | 200 | 0.3840880742719732 ± 0.0008652403115337016 | 0.08748116563160524 ± 0.0005308078918288689 | 1.505908025134232 ± 0.004989126716200887 | 3.8358654462139734 ± 0.030898066580823252 | 0.9256043796675288
0.98 | 1.02 | 2 | 200 | 0.38593090980774575 ± 0.0027370484544491152 | 0.08829614019253024 ± 0.0010798437538870886 | 1.505443474691169 ± 0.0042073758123262195 | 3.847231694400298 ± 0.033358056849001255 | 0.978645636725145
0.99 | 1.01 | 0 | 90 | 0.38600162506624 ± 0.0005859153066217696 | 0.08831750461200151 ± 0.0017688580344794105 | 1.505144368377615 ± 0.02210899755741136 | 3.846622435297524 ± 0.030728994350507223 | 0.9822368116288557
0.99 | 1.01 | 0 | 150 | 0.38596941078189007 ± 0.0002308182254217742 | 0.08831429728582316 ± 0.0003237850628453956 | 1.5059099203933508 ± 0.003838192976066135 | 3.8415972379148995 ± 0.031018487381621492 | 0.9767462600276697
0.99 | 1.01 | 0 | 200 | 0.3859655412731971 ± 0.00021844189032826697 | 0.0883120674899424 ± 0.0010704162392295505 | 1.5059076244521175 ± 0.003963875389543237 | 3.8413409034504493 ± 0.03103042045161844 | 0.9766171249365607
0.99 | 1.01 | 1 | 150 | 0.38597041454395303 ± 0.0002118615089993675 | 0.08831437617614077 ± 0.0002646765412208721 | 1.5059095616428415 ± 0.003621778813960419 | 3.840840991512592 ± 0.03102394811361104 | 0.9767683985967144
0.99 | 1.01 | 1 | 200 | 0.38596564127508903 ± 0.00022031888457352378 | 0.08831210773562853 ± 0.0010721573040910481 | 1.5059077255705764 ± 0.003968687005827198 | 3.841344763729946 ± 0.03102985842493428 | 0.9766191523991128
