Otimização para log em ATLAS - Limites: eps_1_mg_1_a2_1
Configuração: down | up | strategy | migrad | mg ± error | eps ± error | a1 ± error | a2 ± error | χ²/ndof
========================================================================================================================
0.91 | 1.0899999999999999 | 0 | 60 | 0.3571821478519146 ± 0.02477938284694184 | 0.07424016242261196 ± 0.00877531280556914 | 1.6911765084960253 ± 0.06290377052622491 | 2.7248685441191935 ± 0.35295410702000196 | 0.5368623291476962
0.91 | 1.0899999999999999 | 0 | 65 | 0.3568298968341491 ± 0.004644857387419682 | 0.07407586295687904 ± 0.002314424394466795 | 1.6908557209366668 ± 0.03905979979060042 | 2.7071943682145925 ± 0.2739282390620916 | 0.531483668485358
0.91 | 1.0899999999999999 | 0 | 70 | 0.3568298968341491 ± 0.004644857387419682 | 0.07407586295687904 ± 0.002314424394466795 | 1.6908557209366668 ± 0.03905979979060042 | 2.7071943682145925 ± 0.2739282390620916 | 0.531483668485358
0.91 | 1.0899999999999999 | 0 | 75 | 0.3568298968341491 ± 0.004644857387419682 | 0.07407586295687904 ± 0.002314424394466795 | 1.6908557209366668 ± 0.03905979979060042 | 2.7071943682145925 ± 0.2739282390620916 | 0.531483668485358
0.91 | 1.0899999999999999 | 0 | 80 | 0.35345272207175565 ± 0.0063124911693106245 | 0.07309779383599828 ± 0.002960159595264057 | 1.7312502555275049 ± 0.07755592200287886 | 2.3540173401888786 ± 0.3685407584422695 | 0.5005647599842334
0.91 | 1.0899999999999999 | 0 | 85 | 0.35345272207175565 ± 0.0063124911693106245 | 0.07309779383599828 ± 0.002960159595264057 | 1.7312502555275049 ± 0.07755592200287886 | 2.3540173401888786 ± 0.3685407584422695 | 0.5005647599842334
0.91 | 1.0899999999999999 | 0 | 90 | 0.35345272207175565 ± 0.0063124911693106245 | 0.07309779383599828 ± 0.002960159595264057 | 1.7312502555275049 ± 0.07755592200287886 | 2.3540173401888786 ± 0.3685407584422695 | 0.5005647599842334
0.91 | 1.0899999999999999 | 0 | 95 | 0.35345272207175565 ± 0.0063124911693106245 | 0.07309779383599828 ± 0.002960159595264057 | 1.7312502555275049 ± 0.07755592200287886 | 2.3540173401888786 ± 0.3685407584422695 | 0.5005647599842334
0.91 | 1.0899999999999999 | 1 | 60 | 0.35718214594115216 ± 0.02477225870776334 | 0.0742401616497521 ± 0.008777228639781295 | 1.691176465695947 ± 0.06288710812754619 | 2.724868522819603 ± 0.35299104105677714 | 0.5368622672359675
0.91 | 1.0899999999999999 | 1 | 65 | 0.35718214594115216 ± 0.02477225870776334 | 0.0742401616497521 ± 0.008777228639781295 | 1.691176465695947 ± 0.06288710812754619 | 2.724868522819603 ± 0.35299104105677714 | 0.5368622672359675
0.91 | 1.0899999999999999 | 1 | 70 | 0.35718214594115216 ± 0.02477225870776334 | 0.0742401616497521 ± 0.008777228639781295 | 1.691176465695947 ± 0.06288710812754619 | 2.724868522819603 ± 0.35299104105677714 | 0.5368622672359675
0.91 | 1.0899999999999999 | 1 | 75 | 0.3568299000764033 ± 0.004644858350656256 | 0.07407586460666415 ± 0.0023144246934104842 | 1.6908557809022584 ± 0.0390597749854918 | 2.707194603400933 ± 0.2739290847352396 | 0.5314836730427346
0.91 | 1.0899999999999999 | 1 | 80 | 0.3568299000764033 ± 0.004644858350656256 | 0.07407586460666415 ± 0.0023144246934104842 | 1.6908557809022584 ± 0.0390597749854918 | 2.707194603400933 ± 0.2739290847352396 | 0.5314836730427346
0.91 | 1.0899999999999999 | 1 | 85 | 0.3568299000764033 ± 0.004644858350656256 | 0.07407586460666415 ± 0.0023144246934104842 | 1.6908557809022584 ± 0.0390597749854918 | 2.707194603400933 ± 0.2739290847352396 | 0.5314836730427346
0.91 | 1.0899999999999999 | 1 | 90 | 0.3534502304025002 ± 0.006309901498124021 | 0.07309704980706035 ± 0.002959511685276417 | 1.7312785435928932 ± 0.07741221026448919 | 2.3537623801608016 ± 0.36908537798883767 | 0.5005556967654265
0.91 | 1.0899999999999999 | 1 | 95 | 0.3534502304025002 ± 0.006309901498124021 | 0.07309704980706035 ± 0.002959511685276417 | 1.7312785435928932 ± 0.07741221026448919 | 2.3537623801608016 ± 0.36908537798883767 | 0.5005556967654265
0.91 | 1.0899999999999999 | 1 | 100 | 0.3534502304025002 ± 0.006309901498124021 | 0.07309704980706035 ± 0.002959511685276417 | 1.7312785435928932 ± 0.07741221026448919 | 2.3537623801608016 ± 0.36908537798883767 | 0.5005556967654265
0.91 | 1.0899999999999999 | 2 | 85 | 0.3570386393819955 ± 0.0070671401537935885 | 0.07490612392186972 ± 0.0034095117403053904 | 1.76158981596743 ± 0.05850098888229262 | 2.446367267280733 ± 0.3625462733708831 | 0.6438244252984665
0.91 | 1.0899999999999999 | 2 | 90 | 0.3570386393819955 ± 0.0070671401537935885 | 0.07490612392186972 ± 0.0034095117403053904 | 1.76158981596743 ± 0.05850098888229262 | 2.446367267280733 ± 0.3625462733708831 | 0.6438244252984665
0.91 | 1.0899999999999999 | 2 | 95 | 0.35718449071957126 ± 0.004505382194008922 | 0.07482828535717077 ± 0.0023609214453360755 | 1.7447557567050722 ± 0.18677045352806154 | 2.4228878482139566 ± 0.2547990750148934 | 0.5802395330204354
0.91 | 1.0899999999999999 | 2 | 100 | 0.35718449071957126 ± 0.004505382194008922 | 0.07482828535717077 ± 0.0023609214453360755 | 1.7447557567050722 ± 0.18677045352806154 | 2.4228878482139566 ± 0.2547990750148934 | 0.5802395330204354
0.91 | 1.0899999999999999 | 2 | 150 | 0.35434838638600646 ± 0.006473889655123827 | 0.0736973863995454 ± 0.003158664841128367 | 1.74253544419531 ± 0.04130779146165026 | 2.2866349865974303 ± 0.4273738763323227 | 0.5324544551043446
0.91 | 1.0899999999999999 | 2 | 200 | 0.35343939823204096 ± 0.0061557204991221914 | 0.07314034978799523 ± 0.0029412018661474013 | 1.7347334826954708 ± 0.06377158492781286 | 2.331096751663882 ± 0.36510907779647006 | 0.5040570920714602
0.92 | 1.08 | 0 | 60 | 0.35709983234731585 ± 0.0047711226690769215 | 0.07424920961787401 ± 0.0023595909804934867 | 1.6960998044147402 ± 0.036665788328524206 | 2.694695614993298 ± 0.28995886489944067 | 0.5379684283635394
0.92 | 1.08 | 0 | 65 | 0.35709983234731585 ± 0.0047711226690769215 | 0.07424920961787401 ± 0.0023595909804934867 | 1.6960998044147402 ± 0.036665788328524206 | 2.694695614993298 ± 0.28995886489944067 | 0.5379684283635394
0.92 | 1.08 | 0 | 70 | 0.35709983234731585 ± 0.0047711226690769215 | 0.07424920961787401 ± 0.0023595909804934867 | 1.6960998044147402 ± 0.036665788328524206 | 2.694695614993298 ± 0.28995886489944067 | 0.5379684283635394
0.92 | 1.08 | 0 | 75 | 0.3568998648392055 ± 0.004995970621582302 | 0.07411931630292723 ± 0.0024658874274845546 | 1.6929660897132757 ± 0.03520984989905424 | 2.6998910447643563 ± 0.28936767977770605 | 0.5347108973971862
0.92 | 1.08 | 0 | 80 | 0.3568998648392055 ± 0.004995970621582302 | 0.07411931630292723 ± 0.0024658874274845546 | 1.6929660897132757 ± 0.03520984989905424 | 2.6998910447643563 ± 0.28936767977770605 | 0.5347108973971862
0.92 | 1.08 | 0 | 85 | 0.3558276375517348 ± 0.012986656242041122 | 0.07372730842963389 ± 0.008225473014213884 | 1.6965059069847424 ± 0.06029603023440116 | 2.6272256038844244 ± 0.3612531627902178 | 0.5156852673049216
0.92 | 1.08 | 0 | 90 | 0.3558276375517348 ± 0.012986656242041122 | 0.07372730842963389 ± 0.008225473014213884 | 1.6965059069847424 ± 0.06029603023440116 | 2.6272256038844244 ± 0.3612531627902178 | 0.5156852673049216
0.92 | 1.08 | 0 | 95 | 0.3558276375517348 ± 0.012986656242041122 | 0.07372730842963389 ± 0.008225473014213884 | 1.6965059069847424 ± 0.06029603023440116 | 2.6272256038844244 ± 0.3612531627902178 | 0.5156852673049216
0.92 | 1.08 | 0 | 100 | 0.3558276375517348 ± 0.012986656242041122 | 0.07372730842963389 ± 0.008225473014213884 | 1.6965059069847424 ± 0.06029603023440116 | 2.6272256038844244 ± 0.3612531627902178 | 0.5156852673049216
0.92 | 1.08 | 1 | 60 | 0.3573915344421683 ± 0.011348978344039778 | 0.07451642816735975 ± 0.004992545962876502 | 1.7045592864729575 ± 0.07890650313975327 | 2.648020656304848 ± 0.3730371899895275 | 0.548295045450633
0.92 | 1.08 | 1 | 65 | 0.3570998339536107 ± 0.004770441618584836 | 0.0742492100976794 ± 0.002359274474328002 | 1.696099619478508 ± 0.0366735364031366 | 2.694695568027052 ± 0.29009573137980893 | 0.5379684542875021
0.92 | 1.08 | 1 | 70 | 0.3570998339536107 ± 0.004770441618584836 | 0.0742492100976794 ± 0.002359274474328002 | 1.696099619478508 ± 0.0366735364031366 | 2.694695568027052 ± 0.29009573137980893 | 0.5379684542875021
0.92 | 1.08 | 1 | 75 | 0.3570998339536107 ± 0.004770441618584836 | 0.0742492100976794 ± 0.002359274474328002 | 1.696099619478508 ± 0.0366735364031366 | 2.694695568027052 ± 0.29009573137980893 | 0.5379684542875021
0.92 | 1.08 | 1 | 80 | 0.3568998677838844 ± 0.00499597145350808 | 0.07411931757516867 ± 0.002465887846809213 | 1.6929660103278543 ± 0.03520984608105489 | 2.699891062715786 ± 0.28936726961158166 | 0.5347109755294305
0.92 | 1.08 | 1 | 85 | 0.3568998677838844 ± 0.00499597145350808 | 0.07411931757516867 ± 0.002465887846809213 | 1.6929660103278543 ± 0.03520984608105489 | 2.699891062715786 ± 0.28936726961158166 | 0.5347109755294305
0.92 | 1.08 | 1 | 90 | 0.3568998677838844 ± 0.00499597145350808 | 0.07411931757516867 ± 0.002465887846809213 | 1.6929660103278543 ± 0.03520984608105489 | 2.699891062715786 ± 0.28936726961158166 | 0.5347109755294305
0.92 | 1.08 | 1 | 95 | 0.35582760212759695 ± 0.012988298536421333 | 0.07372729661233551 ± 0.008225530340807127 | 1.696506959418234 ± 0.06029824367212522 | 2.6272215980779556 ± 0.3612511434094303 | 0.5156843685424243
0.92 | 1.08 | 1 | 100 | 0.35582760212759695 ± 0.012988298536421333 | 0.07372729661233551 ± 0.008225530340807127 | 1.696506959418234 ± 0.06029824367212522 | 2.6272215980779556 ± 0.3612511434094303 | 0.5156843685424243
0.92 | 1.08 | 2 | 75 | 0.3575076609797791 ± 0.0034191275932060616 | 0.07466361851167418 ± 0.001588295223370735 | 1.7004913204493555 ± 0.19129390449909386 | 2.6071037755025848 ± 0.23851284914640725 | 0.5672391470977731
0.92 | 1.08 | 2 | 80 | 0.3575076609797791 ± 0.0034191275932060616 | 0.07466361851167418 ± 0.001588295223370735 | 1.7004913204493555 ± 0.19129390449909386 | 2.6071037755025848 ± 0.23851284914640725 | 0.5672391470977731
0.92 | 1.08 | 2 | 85 | 0.3575076609797791 ± 0.0034191275932060616 | 0.07466361851167418 ± 0.001588295223370735 | 1.7004913204493555 ± 0.19129390449909386 | 2.6071037755025848 ± 0.23851284914640725 | 0.5672391470977731
0.92 | 1.08 | 2 | 90 | 0.3574766502573741 ± 0.010598310168020791 | 0.07466513360263166 ± 0.004751507838928713 | 1.712509450991274 ± 0.11874394835895763 | 2.594737056529643 ± 0.3331952860354135 | 0.5563122352851303
0.92 | 1.08 | 2 | 95 | 0.3574766502573741 ± 0.010598310168020791 | 0.07466513360263166 ± 0.004751507838928713 | 1.712509450991274 ± 0.11874394835895763 | 2.594737056529643 ± 0.3331952860354135 | 0.5563122352851303
0.92 | 1.08 | 2 | 100 | 0.35739553444025013 ± 0.015551548360498879 | 0.07460291986932077 ± 0.008682110434212513 | 1.7101164334097114 ± 0.07575791268351291 | 2.5893292209685357 ± 0.2208812245148153 | 0.5547562584481361
0.93 | 1.0699999999999998 | 0 | 60 | 0.3574369032135323 ± 0.009935343513909456 | 0.07449669078085594 ± 0.0043583975579279954 | 1.7010741631623516 ± 0.04156796470323694 | 2.6748573235325943 ± 0.18179726646107697 | 0.5470820247698235
0.93 | 1.0699999999999998 | 0 | 65 | 0.3574333361412947 ± 0.013331940310509771 | 0.07448007462907502 ± 0.007493335224505161 | 1.7006423170212026 ± 0.04313167790712439 | 2.674832368937671 ± 0.347681733927234 | 0.5466576045909076
0.93 | 1.0699999999999998 | 0 | 70 | 0.3574333361412947 ± 0.013331940310509771 | 0.07448007462907502 ± 0.007493335224505161 | 1.7006423170212026 ± 0.04313167790712439 | 2.674832368937671 ± 0.347681733927234 | 0.5466576045909076
0.93 | 1.0699999999999998 | 1 | 60 | 0.35743690321359317 ± 0.009935211314423847 | 0.0744966907811142 ± 0.0043583576206747895 | 1.701074163173192 ± 0.04156783305096833 | 2.6748573234677386 ± 0.1817972985577163 | 0.5470820247831093
0.93 | 1.0699999999999998 | 1 | 65 | 0.3574333361416631 ± 0.01333194069037108 | 0.07448007462953388 ± 0.007493335231019728 | 1.700642317037411 ± 0.04313167049957292 | 2.6748323688681297 ± 0.34768173358234855 | 0.5466576046058684
0.93 | 1.0699999999999998 | 1 | 70 | 0.3574333361416631 ± 0.01333194069037108 | 0.07448007462953388 ± 0.007493335231019728 | 1.700642317037411 ± 0.04313167049957292 | 2.6748323688681297 ± 0.34768173358234855 | 0.5466576046058684
0.93 | 1.0699999999999998 | 1 | 75 | 0.3574333361416631 ± 0.01333194069037108 | 0.07448007462953388 ± 0.007493335231019728 | 1.700642317037411 ± 0.04313167049957292 | 2.6748323688681297 ± 0.34768173358234855 | 0.5466576046058684
0.93 | 1.0699999999999998 | 2 | 75 | 0.3574301417445429 ± 0.0017219388824860904 | 0.07463385847155024 ± 0.0008549049436490722 | 1.7608929582804047 ± 0.010367387769198655 | 2.393515356604102 ± 0.30315110905149 | 1.0689626361157352
0.93 | 1.0699999999999998 | 2 | 80 | 0.3574301417445429 ± 0.0017219388824860904 | 0.07463385847155024 ± 0.0008549049436490722 | 1.7608929582804047 ± 0.010367387769198655 | 2.393515356604102 ± 0.30315110905149 | 1.0689626361157352
0.93 | 1.0699999999999998 | 2 | 85 | 0.3574301417445429 ± 0.0017219388824860904 | 0.07463385847155024 ± 0.0008549049436490722 | 1.7608929582804047 ± 0.010367387769198655 | 2.393515356604102 ± 0.30315110905149 | 1.0689626361157352
0.93 | 1.0699999999999998 | 2 | 90 | 0.3574301417445429 ± 0.0017219388824860904 | 0.07463385847155024 ± 0.0008549049436490722 | 1.7608929582804047 ± 0.010367387769198655 | 2.393515356604102 ± 0.30315110905149 | 1.0689626361157352
0.93 | 1.0699999999999998 | 2 | 95 | 0.3571757372700044 ± 0.004457580269808303 | 0.0747428579551723 ± 0.0022946528971247854 | 1.7830119806462592 ± 0.07392325477394371 | 2.5036666955738185 ± 0.20683168369074134 | 0.8180476697733478
0.93 | 1.0699999999999998 | 2 | 100 | 0.3571757372700044 ± 0.004457580269808303 | 0.0747428579551723 ± 0.0022946528971247854 | 1.7830119806462592 ± 0.07392325477394371 | 2.5036666955738185 ± 0.20683168369074134 | 0.8180476697733478
0.93 | 1.0699999999999998 | 2 | 150 | 0.3530570637693404 ± 0.0057581523186927275 | 0.0729423075319605 ± 0.0027601103593801676 | 1.7477769280328346 ± 0.04199252698827317 | 2.348724633836525 ± 0.32208282686474976 | 0.49661951769760493
0.94 | 1.06 | 0 | 60 | 0.35738585355061314 ± 0.009637682993131835 | 0.0745203470592004 ± 0.006309661552159784 | 1.704735479264673 ± 0.04727908664389425 | 2.646831518595273 ± 0.16186491731707764 | 0.5484447442880558
0.94 | 1.06 | 0 | 65 | 0.35737448229765495 ± 0.015252763866996033 | 0.07449817088559786 ± 0.006055484363528804 | 1.704499777778728 ± 0.04797889701392591 | 2.647238613333427 ± 0.2984436306680911 | 0.5479110370087875
0.94 | 1.06 | 0 | 70 | 0.35737448229765495 ± 0.015252763866996033 | 0.07449817088559786 ± 0.006055484363528804 | 1.704499777778728 ± 0.04797889701392591 | 2.647238613333427 ± 0.2984436306680911 | 0.5479110370087875
0.94 | 1.06 | 0 | 75 | 0.356066401075725 ± 0.004705336417270223 | 0.07379185557196252 ± 0.002283479037756442 | 1.690084471924811 ± 0.03688469871327032 | 2.639186723552865 ± 0.19089062890745478 | 0.5270731916627858
0.94 | 1.06 | 0 | 80 | 0.356066401075725 ± 0.004705336417270223 | 0.07379185557196252 ± 0.002283479037756442 | 1.690084471924811 ± 0.03688469871327032 | 2.639186723552865 ± 0.19089062890745478 | 0.5270731916627858
0.94 | 1.06 | 0 | 85 | 0.356066401075725 ± 0.004705336417270223 | 0.07379185557196252 ± 0.002283479037756442 | 1.690084471924811 ± 0.03688469871327032 | 2.639186723552865 ± 0.19089062890745478 | 0.5270731916627858
0.94 | 1.06 | 1 | 60 | 0.35738585355101615 ± 0.009637600280810232 | 0.07452034705921894 ± 0.006309655293069177 | 1.7047354792497331 ± 0.047278997970432286 | 2.6468315188680838 ± 0.1618649505088623 | 0.5484447442847915
0.94 | 1.06 | 1 | 65 | 0.35738585355101615 ± 0.009637600280810232 | 0.07452034705921894 ± 0.006309655293069177 | 1.7047354792497331 ± 0.047278997970432286 | 2.6468315188680838 ± 0.1618649505088623 | 0.5484447442847915
0.94 | 1.06 | 1 | 70 | 0.35737448229980584 ± 0.015251489887249642 | 0.07449817088670954 ± 0.006055719409855477 | 1.7044997777214794 ± 0.047991248444422596 | 2.6472386135585597 ± 0.29846924094643223 | 0.547911037024745
0.94 | 1.06 | 1 | 75 | 0.35737448229980584 ± 0.015251489887249642 | 0.07449817088670954 ± 0.006055719409855477 | 1.7044997777214794 ± 0.047991248444422596 | 2.6472386135585597 ± 0.29846924094643223 | 0.547911037024745
0.94 | 1.06 | 1 | 80 | 0.3560662851235062 ± 0.004705314989594228 | 0.07379180096466413 ± 0.002283468640637845 | 1.690083360589634 ± 0.03688490986434233 | 2.639185844870864 ± 0.1908921285085612 | 0.5270715955719539
0.94 | 1.06 | 1 | 85 | 0.3560662851235062 ± 0.004705314989594228 | 0.07379180096466413 ± 0.002283468640637845 | 1.690083360589634 ± 0.03688490986434233 | 2.639185844870864 ± 0.1908921285085612 | 0.5270715955719539
0.94 | 1.06 | 1 | 90 | 0.3560662851235062 ± 0.004705314989594228 | 0.07379180096466413 ± 0.002283468640637845 | 1.690083360589634 ± 0.03688490986434233 | 2.639185844870864 ± 0.1908921285085612 | 0.5270715955719539
0.94 | 1.06 | 2 | 80 | 0.35747567765511423 ± 0.002620287308093272 | 0.0746044331835479 ± 0.0012461631923100722 | 1.6898044591791892 ± 0.10198330986300845 | 2.6464626063796213 ± 0.2050900696474629 | 0.5874992370096493
0.94 | 1.06 | 2 | 85 | 0.35747567765511423 ± 0.002620287308093272 | 0.0746044331835479 ± 0.0012461631923100722 | 1.6898044591791892 ± 0.10198330986300845 | 2.6464626063796213 ± 0.2050900696474629 | 0.5874992370096493
0.94 | 1.06 | 2 | 90 | 0.35750550305093765 ± 0.015620386994050578 | 0.07458161718096003 ± 0.006055894281678777 | 1.7006011964240975 ± 0.05348831325213568 | 2.6228822470957693 ± 0.2062619542991666 | 0.5564009663752327
0.94 | 1.06 | 2 | 95 | 0.35750550305093765 ± 0.015620386994050578 | 0.07458161718096003 ± 0.006055894281678777 | 1.7006011964240975 ± 0.05348831325213568 | 2.6228822470957693 ± 0.2062619542991666 | 0.5564009663752327
0.94 | 1.06 | 2 | 100 | 0.3574657975343974 ± 0.009249819153021421 | 0.07459071930623384 ± 0.006292961502596499 | 1.7065762759139909 ± 0.11560343992008926 | 2.6318756327700594 ± 0.21906314773240299 | 0.5521315819223238
0.95 | 1.05 | 0 | 60 | 0.3572800619543378 ± 0.009827352636615883 | 0.07456491486446146 ± 0.005277782858480212 | 1.7123250443658873 ± 0.06810680217036673 | 2.5920823161759077 ± 0.1310836311525787 | 0.551461133951746
0.95 | 1.05 | 0 | 65 | 0.3571722268994228 ± 0.004886398737788927 | 0.07442724669343195 ± 0.002312028174212992 | 1.7057148563122886 ± 0.035493276762768866 | 2.624072558808015 ± 0.2419045898481249 | 0.5454605210443939
0.95 | 1.05 | 0 | 70 | 0.3571722268994228 ± 0.004886398737788927 | 0.07442724669343195 ± 0.002312028174212992 | 1.7057148563122886 ± 0.035493276762768866 | 2.624072558808015 ± 0.2419045898481249 | 0.5454605210443939
0.95 | 1.05 | 0 | 75 | 0.3571722268994228 ± 0.004886398737788927 | 0.07442724669343195 ± 0.002312028174212992 | 1.7057148563122886 ± 0.035493276762768866 | 2.624072558808015 ± 0.2419045898481249 | 0.5454605210443939
0.95 | 1.05 | 0 | 80 | 0.3570969671353666 ± 0.004899839091232094 | 0.07437788419947532 ± 0.0023173112535178203 | 1.7044934093070183 ± 0.035441407986021196 | 2.6240072956926697 ± 0.21512025083023412 | 0.5442969873204657
0.95 | 1.05 | 0 | 85 | 0.3570969671353666 ± 0.004899839091232094 | 0.07437788419947532 ± 0.0023173112535178203 | 1.7044934093070183 ± 0.035441407986021196 | 2.6240072956926697 ± 0.21512025083023412 | 0.5442969873204657
0.95 | 1.05 | 0 | 90 | 0.35503978093905236 ± 0.004257957619653446 | 0.07387149682608336 ± 0.0020342741332993186 | 1.7330895002877864 ± 0.034862122229291935 | 2.375633636854036 ± 0.24920834089929178 | 0.5325826910044642
0.95 | 1.05 | 0 | 95 | 0.35503978093905236 ± 0.004257957619653446 | 0.07387149682608336 ± 0.0020342741332993186 | 1.7330895002877864 ± 0.034862122229291935 | 2.375633636854036 ± 0.24920834089929178 | 0.5325826910044642
0.95 | 1.05 | 0 | 100 | 0.35503978093905236 ± 0.004257957619653446 | 0.07387149682608336 ± 0.0020342741332993186 | 1.7330895002877864 ± 0.034862122229291935 | 2.375633636854036 ± 0.24920834089929178 | 0.5325826910044642
0.95 | 1.05 | 0 | 150 | 0.3545506261365666 ± 0.018678406564314548 | 0.07353204227016046 ± 0.004313129907380205 | 1.741010648772145 ± 0.18165138476525047 | 2.4200341411111626 ± 0.13249302635738291 | 0.5170089599062551
0.95 | 1.05 | 1 | 60 | 0.35728006205316765 ± 0.009827366446217761 | 0.07456491477376231 ± 0.005277782593765157 | 1.712325054345786 ± 0.06810673525371948 | 2.592082389195581 ± 0.1310833953540489 | 0.5514611288511707
0.95 | 1.05 | 1 | 65 | 0.35717222702822277 ± 0.004887392622348802 | 0.0744272465301643 ± 0.0023124315303068993 | 1.705714418014559 ± 0.03548863158601622 | 2.624072620242204 ± 0.2418525269756675 | 0.5454604939017706
0.95 | 1.05 | 1 | 70 | 0.35717222702822277 ± 0.004887392622348802 | 0.0744272465301643 ± 0.0023124315303068993 | 1.705714418014559 ± 0.03548863158601622 | 2.624072620242204 ± 0.2418525269756675 | 0.5454604939017706
0.95 | 1.05 | 1 | 75 | 0.35717222702822277 ± 0.004887392622348802 | 0.0744272465301643 ± 0.0023124315303068993 | 1.705714418014559 ± 0.03548863158601622 | 2.624072620242204 ± 0.2418525269756675 | 0.5454604939017706
0.95 | 1.05 | 1 | 80 | 0.35717222702822277 ± 0.004887392622348802 | 0.0744272465301643 ± 0.0023124315303068993 | 1.705714418014559 ± 0.03548863158601622 | 2.624072620242204 ± 0.2418525269756675 | 0.5454604939017706
0.95 | 1.05 | 1 | 85 | 0.35709697088459674 ± 0.004899844568992201 | 0.07437788606950878 ± 0.0023173134821816432 | 1.7044934458894843 ± 0.035441382427631424 | 2.624007387909037 ± 0.2151207618004456 | 0.5442970602091813
0.95 | 1.05 | 1 | 90 | 0.35709697088459674 ± 0.004899844568992201 | 0.07437788606950878 ± 0.0023173134821816432 | 1.7044934458894843 ± 0.035441382427631424 | 2.624007387909037 ± 0.2151207618004456 | 0.5442970602091813
0.95 | 1.05 | 1 | 95 | 0.35503604370047703 ± 0.0042326865300257865 | 0.07387058566021334 ± 0.002023608083508384 | 1.7331570742139533 ± 0.03480699461561566 | 2.375567918749261 ± 0.2486167340777683 | 0.5326243630751958
0.95 | 1.05 | 1 | 100 | 0.35503604370047703 ± 0.0042326865300257865 | 0.07387058566021334 ± 0.002023608083508384 | 1.7331570742139533 ± 0.03480699461561566 | 2.375567918749261 ± 0.2486167340777683 | 0.5326243630751958
0.95 | 1.05 | 1 | 150 | 0.35474650483552655 ± 0.0027565504570863097 | 0.07367145385876094 ± 0.0013289496620322166 | 1.7396722062932886 ± 0.15851419850525714 | 2.390116653327824 ± 0.12757865593136675 | 0.5195941775787554
0.95 | 1.05 | 2 | 75 | 0.3577262115246439 ± 0.004807306886587814 | 0.07456810329425452 ± 0.0022825096621086408 | 1.6885025095503345 ± 0.03621787568517851 | 2.607770940427228 ± 0.1253275360688677 | 0.6146819420179199
0.95 | 1.05 | 2 | 80 | 0.3577262115246439 ± 0.004807306886587814 | 0.07456810329425452 ± 0.0022825096621086408 | 1.6885025095503345 ± 0.03621787568517851 | 2.607770940427228 ± 0.1253275360688677 | 0.6146819420179199
0.95 | 1.05 | 2 | 85 | 0.3577262115246439 ± 0.004807306886587814 | 0.07456810329425452 ± 0.0022825096621086408 | 1.6885025095503345 ± 0.03621787568517851 | 2.607770940427228 ± 0.1253275360688677 | 0.6146819420179199
0.95 | 1.05 | 2 | 90 | 0.3575691379827498 ± 0.004777497847522766 | 0.07462178913047 ± 0.0022704152458783364 | 1.711558423583554 ± 0.03639357751823031 | 2.6201260748801865 ± 0.1962860692559536 | 0.5599093955120465
0.95 | 1.05 | 2 | 95 | 0.3575691379827498 ± 0.004777497847522766 | 0.07462178913047 ± 0.0022704152458783364 | 1.711558423583554 ± 0.03639357751823031 | 2.6201260748801865 ± 0.1962860692559536 | 0.5599093955120465
0.95 | 1.05 | 2 | 100 | 0.3575121135958613 ± 0.00998028578359661 | 0.0746211976222303 ± 0.005305261065776244 | 1.7076687686519227 ± 0.04106439278523685 | 2.6236073127520445 ± 0.19898181283162808 | 0.5537576345771072
0.96 | 1.04 | 0 | 60 | 0.357284014876398 ± 0.009747927789385352 | 0.07454698740350067 ± 0.0039253533377999125 | 1.7104960860293628 ± 0.03948180390335267 | 2.5999879050368038 ± 0.16582845605721297 | 0.5505457489260617
0.96 | 1.04 | 0 | 65 | 0.357284014876398 ± 0.009747927789385352 | 0.07454698740350067 ± 0.0039253533377999125 | 1.7104960860293628 ± 0.03948180390335267 | 2.5999879050368038 ± 0.16582845605721297 | 0.5505457489260617
0.96 | 1.04 | 0 | 70 | 0.35718203966960405 ± 0.006534334918920387 | 0.07451909860096712 ± 0.004114784730708254 | 1.7137876155964027 ± 0.03618983441086701 | 2.599998941267747 ± 0.11163944334768483 | 0.5494921233749919
0.96 | 1.04 | 0 | 75 | 0.35718203966960405 ± 0.006534334918920387 | 0.07451909860096712 ± 0.004114784730708254 | 1.7137876155964027 ± 0.03618983441086701 | 2.599998941267747 ± 0.11163944334768483 | 0.5494921233749919
0.96 | 1.04 | 0 | 80 | 0.3551932136697014 ± 0.0008058592787701102 | 0.07357993673455338 ± 0.00039161082561722793 | 1.7098388351880027 ± 0.008945339909796077 | 2.5859407787109734 ± 0.10113313652342848 | 0.5124905765532484
0.96 | 1.04 | 0 | 85 | 0.3551932136697014 ± 0.0008058592787701102 | 0.07357993673455338 ± 0.00039161082561722793 | 1.7098388351880027 ± 0.008945339909796077 | 2.5859407787109734 ± 0.10113313652342848 | 0.5124905765532484
0.96 | 1.04 | 0 | 90 | 0.3551932136697014 ± 0.0008058592787701102 | 0.07357993673455338 ± 0.00039161082561722793 | 1.7098388351880027 ± 0.008945339909796077 | 2.5859407787109734 ± 0.10113313652342848 | 0.5124905765532484
0.96 | 1.04 | 0 | 95 | 0.354047542262561 ± 0.003716317393716445 | 0.07308193721109846 ± 0.0009365815775958172 | 1.7070430736950555 ± 0.17336509165826275 | 2.52161441144086 ± 0.1361494314611409 | 0.49665150192943697
0.96 | 1.04 | 0 | 100 | 0.354047542262561 ± 0.003716317393716445 | 0.07308193721109846 ± 0.0009365815775958172 | 1.7070430736950555 ± 0.17336509165826275 | 2.52161441144086 ± 0.1361494314611409 | 0.49665150192943697
0.96 | 1.04 | 1 | 60 | 0.3572840148763128 ± 0.009747764098276851 | 0.07454698740612134 ± 0.003925383662208418 | 1.7104960845051491 ± 0.039481594233576466 | 2.5999879048141774 ± 0.16582843181637874 | 0.5505457490137602
0.96 | 1.04 | 1 | 65 | 0.3572840148763128 ± 0.009747764098276851 | 0.07454698740612134 ± 0.003925383662208418 | 1.7104960845051491 ± 0.039481594233576466 | 2.5999879048141774 ± 0.16582843181637874 | 0.5505457490137602
0.96 | 1.04 | 1 | 70 | 0.3572840148763128 ± 0.009747764098276851 | 0.07454698740612134 ± 0.003925383662208418 | 1.7104960845051491 ± 0.039481594233576466 | 2.5999879048141774 ± 0.16582843181637874 | 0.5505457490137602
0.96 | 1.04 | 1 | 75 | 0.35718203982530355 ± 0.006534212199188122 | 0.07451909862278577 ± 0.004114780020788744 | 1.7137876222957122 ± 0.03618973254790698 | 2.5999989413255853 ± 0.11163944817975668 | 0.5494921245904069
0.96 | 1.04 | 1 | 80 | 0.35718203982530355 ± 0.006534212199188122 | 0.07451909862278577 ± 0.004114780020788744 | 1.7137876222957122 ± 0.03618973254790698 | 2.5999989413255853 ± 0.11163944817975668 | 0.5494921245904069
0.96 | 1.04 | 1 | 85 | 0.35519322986442514 ± 0.000798648903207827 | 0.07357994384482498 ± 0.00038813942379307964 | 1.7098388330513312 ± 0.008886540510734873 | 2.5859412550165515 ± 0.15794423507346078 | 0.5124907948807961
0.96 | 1.04 | 1 | 90 | 0.35519322986442514 ± 0.000798648903207827 | 0.07357994384482498 ± 0.00038813942379307964 | 1.7098388330513312 ± 0.008886540510734873 | 2.5859412550165515 ± 0.15794423507346078 | 0.5124907948807961
0.96 | 1.04 | 1 | 95 | 0.35519322986442514 ± 0.000798648903207827 | 0.07357994384482498 ± 0.00038813942379307964 | 1.7098388330513312 ± 0.008886540510734873 | 2.5859412550165515 ± 0.15794423507346078 | 0.5124907948807961
0.96 | 1.04 | 1 | 100 | 0.35404755958005557 ± 0.003996514125968104 | 0.07308194405402806 ± 0.0008754372165603597 | 1.7070430508565708 ± 0.17182037831480368 | 2.521616542312062 ± 0.1391647573655279 | 0.49665176959566404
0.96 | 1.04 | 2 | 95 | 0.35532010872502845 ± 0.002646602246040186 | 0.07359598007357457 ± 0.0012618091517624663 | 1.70361877427293 ± 0.03673964915549307 | 2.5989779296094673 ± 0.15105222070165647 | 0.5120462058847782
0.96 | 1.04 | 2 | 100 | 0.35532010872502845 ± 0.002646602246040186 | 0.07359598007357457 ± 0.0012618091517624663 | 1.70361877427293 ± 0.03673964915549307 | 2.5989779296094673 ± 0.15105222070165647 | 0.5120462058847782
0.96 | 1.04 | 2 | 150 | 0.35429508626073186 ± 0.0029175592164710773 | 0.07311403420115896 ± 0.001142759703734647 | 1.7037856006438372 ± 0.15329387308824358 | 2.5743962776998686 ± 0.11135145806015734 | 0.4917484225034869
0.97 | 1.03 | 0 | 60 | 0.3571418963031247 ± 0.007286159657130364 | 0.07456364373990722 ± 0.0027939499116400868 | 1.7176264231467424 ± 0.06173805064426451 | 2.5569284272426023 ± 0.07545860637288637 | 0.552225890837156
0.97 | 1.03 | 0 | 65 | 0.3571418963031247 ± 0.007286159657130364 | 0.07456364373990722 ± 0.0027939499116400868 | 1.7176264231467424 ± 0.06173805064426451 | 2.5569284272426023 ± 0.07545860637288637 | 0.552225890837156
0.97 | 1.03 | 0 | 70 | 0.3570998998093915 ± 0.00475920326070417 | 0.07448747450376977 ± 0.0029820304789927587 | 1.7134241972106972 ± 0.03558585446155124 | 2.5739518005101547 ± 0.1494309788746382 | 0.549063994600001
0.97 | 1.03 | 0 | 75 | 0.3570998998093915 ± 0.00475920326070417 | 0.07448747450376977 ± 0.0029820304789927587 | 1.7134241972106972 ± 0.03558585446155124 | 2.5739518005101547 ± 0.1494309788746382 | 0.549063994600001
0.97 | 1.03 | 0 | 80 | 0.3570998998093915 ± 0.00475920326070417 | 0.07448747450376977 ± 0.0029820304789927587 | 1.7134241972106972 ± 0.03558585446155124 | 2.5739518005101547 ± 0.1494309788746382 | 0.549063994600001
0.97 | 1.03 | 0 | 85 | 0.3570457289467852 ± 0.004811909773594664 | 0.07444849149845087 ± 0.002962436719911324 | 1.7118139389034277 ± 0.03536697187799228 | 2.5743920054780483 ± 0.14931611306714276 | 0.5481141121548477
0.97 | 1.03 | 0 | 90 | 0.3570457289467852 ± 0.004811909773594664 | 0.07444849149845087 ± 0.002962436719911324 | 1.7118139389034277 ± 0.03536697187799228 | 2.5743920054780483 ± 0.14931611306714276 | 0.5481141121548477
0.97 | 1.03 | 0 | 95 | 0.3568213319449424 ± 0.0029399581231097094 | 0.07439075035863572 ± 0.0012544894722727254 | 1.7127884559311501 ± 0.17931642742410153 | 2.5664439025053944 ± 0.07517448982149011 | 0.5443558489344994
0.97 | 1.03 | 0 | 100 | 0.3568213319449424 ± 0.0029399581231097094 | 0.07439075035863572 ± 0.0012544894722727254 | 1.7127884559311501 ± 0.17931642742410153 | 2.5664439025053944 ± 0.07517448982149011 | 0.5443558489344994
0.97 | 1.03 | 0 | 150 | 0.3552450936502307 ± 0.0026876202781514202 | 0.0738808410032049 ± 0.0012213520743666675 | 1.7339023948077605 ± 0.03629074035188264 | 2.4309828251554633 ± 0.1464881236162756 | 0.5272298498879889
0.97 | 1.03 | 0 | 200 | 0.3547443909158475 ± 0.0027526066634137036 | 0.07356652961319456 ± 0.0024602874085112025 | 1.733116415459061 ± 0.1746413402326489 | 2.444410285555876 ± 0.11267327120953752 | 0.5123648341666762
0.97 | 1.03 | 1 | 60 | 0.3571552917367708 ± 0.00556189233851484 | 0.07457081729668953 ± 0.00301708966563137 | 1.7140927329783324 ± 0.062122581701789255 | 2.554702728697203 ± 0.07946069157513391 | 0.5533783013115896
0.97 | 1.03 | 1 | 65 | 0.3571552917367708 ± 0.00556189233851484 | 0.07457081729668953 ± 0.00301708966563137 | 1.7140927329783324 ± 0.062122581701789255 | 2.554702728697203 ± 0.07946069157513391 | 0.5533783013115896
0.97 | 1.03 | 1 | 70 | 0.3571418961925184 ± 0.007286149467861269 | 0.07456364372273916 ± 0.002793952198507435 | 1.7176264219942052 ± 0.06173837096584642 | 2.5569284746170515 ± 0.07545684814096965 | 0.5522258876221696
0.97 | 1.03 | 1 | 75 | 0.3571418961925184 ± 0.007286149467861269 | 0.07456364372273916 ± 0.002793952198507435 | 1.7176264219942052 ± 0.06173837096584642 | 2.5569284746170515 ± 0.07545684814096965 | 0.5522258876221696
0.97 | 1.03 | 1 | 80 | 0.3570999018348429 ± 0.004759186070775273 | 0.07448747666804895 ± 0.0029820314293509953 | 1.7134243517796042 ± 0.035585940071542733 | 2.5739515938064184 ± 0.14943082494240034 | 0.5490640558569089
0.97 | 1.03 | 1 | 85 | 0.3570999018348429 ± 0.004759186070775273 | 0.07448747666804895 ± 0.0029820314293509953 | 1.7134243517796042 ± 0.035585940071542733 | 2.5739515938064184 ± 0.14943082494240034 | 0.5490640558569089
0.97 | 1.03 | 1 | 90 | 0.3570457424660033 ± 0.00481194165640475 | 0.07444849826957628 ± 0.002962440009045865 | 1.711814116350651 ± 0.035366849824958135 | 2.5743924841866876 ± 0.14931619201880042 | 0.5481143494524005
0.97 | 1.03 | 1 | 95 | 0.3570457424660033 ± 0.00481194165640475 | 0.07444849826957628 ± 0.002962440009045865 | 1.711814116350651 ± 0.035366849824958135 | 2.5743924841866876 ± 0.14931619201880042 | 0.5481143494524005
0.97 | 1.03 | 1 | 100 | 0.3568213107177132 ± 0.0029401078378596956 | 0.07439074197645953 ± 0.001254508967446423 | 1.7127879419289234 ± 0.17932401516995222 | 2.5664418250369754 ± 0.07505838780156937 | 0.5443557938124497
0.97 | 1.03 | 1 | 150 | 0.35536707810965595 ± 0.003153003223310691 | 0.07392197808946302 ± 0.0013806255646063234 | 1.7339125962431343 ± 0.04097646839920464 | 2.438865399798028 ± 0.14138575040939783 | 0.5282471824741689
0.97 | 1.03 | 1 | 200 | 0.3548694263644219 ± 0.0019813149952604137 | 0.07369534745683923 ± 0.0009121344723328137 | 1.7313725961248787 ± 0.03609286596010216 | 2.4339315201836875 ± 0.1448939528003923 | 0.5206999229659891
0.97 | 1.03 | 2 | 150 | 0.3631288117592262 ± 0.0010563787305230277 | 0.0775466885992849 ± 0.002872225554858096 | 1.7270219021300452 ± 0.050937090869804184 | 2.5698096120471052 ± 0.1309797587385575 | 0.7150072437302222
0.97 | 1.03 | 2 | 200 | 0.3628944683612638 ± 0.0018581505072337579 | 0.07737902998274725 ± 0.002369770334215787 | 1.725305554627509 ± 0.034273741614051986 | 2.5741030043802646 ± 0.14893875039136129 | 0.7066962960486102
0.98 | 1.02 | 0 | 60 | 0.35692100635175195 ± 0.002941243297704871 | 0.07455848742541757 ± 0.0018882387042509635 | 1.7189215251263346 ± 0.17891517656309164 | 2.4859644728592443 ± 0.06564597721779775 | 0.5577332615348244
0.98 | 1.02 | 0 | 65 | 0.35691779489324 ± 0.004822700395898105 | 0.0745503048199772 ± 0.0017466020383037975 | 1.7245285500533858 ± 0.12405219004154222 | 2.50791060532234 ± 0.056656413901019276 | 0.5531776968123604
0.98 | 1.02 | 0 | 70 | 0.35691779489324 ± 0.004822700395898105 | 0.0745503048199772 ± 0.0017466020383037975 | 1.7245285500533858 ± 0.12405219004154222 | 2.50791060532234 ± 0.056656413901019276 | 0.5531776968123604
0.98 | 1.02 | 0 | 75 | 0.35691459062503134 ± 0.004229601924185894 | 0.07447369867569185 ± 0.001577794001634443 | 1.7203073044239696 ± 0.043556591289592 | 2.528597446985918 ± 0.08668614436243094 | 0.5505370311994928
0.98 | 1.02 | 0 | 80 | 0.35691459062503134 ± 0.004229601924185894 | 0.07447369867569185 ± 0.001577794001634443 | 1.7203073044239696 ± 0.043556591289592 | 2.528597446985918 ± 0.08668614436243094 | 0.5505370311994928
0.98 | 1.02 | 0 | 85 | 0.35691459062503134 ± 0.004229601924185894 | 0.07447369867569185 ± 0.001577794001634443 | 1.7203073044239696 ± 0.043556591289592 | 2.528597446985918 ± 0.08668614436243094 | 0.5505370311994928
0.98 | 1.02 | 0 | 90 | 0.3568893616795239 ± 0.004476573127763006 | 0.0744164022186063 ± 0.001597214848610043 | 1.7159081285787117 ± 0.036367703753581525 | 2.546730021417231 ± 0.09797705792143363 | 0.5480349425416222
0.98 | 1.02 | 0 | 95 | 0.3568893616795239 ± 0.004476573127763006 | 0.0744164022186063 ± 0.001597214848610043 | 1.7159081285787117 ± 0.036367703753581525 | 2.546730021417231 ± 0.09797705792143363 | 0.5480349425416222
0.98 | 1.02 | 0 | 100 | 0.3568487253021282 ± 0.005104713126544175 | 0.07441519248774113 ± 0.0018321484685364722 | 1.7143997212601663 ± 0.03594791663332744 | 2.549074760577297 ± 0.07027160948322098 | 0.5458764777588132
0.98 | 1.02 | 0 | 150 | 0.3563039141773605 ± 0.0034850717598912395 | 0.0742320296017186 ± 0.0016683574930444062 | 1.7180845443629302 ± 0.10014666105460023 | 2.5058335700404015 ± 0.07551648095623542 | 0.539288326074758
0.98 | 1.02 | 0 | 200 | 0.355535261162141 ± 0.0013336722110672827 | 0.07398145222305433 ± 0.0005615551741461819 | 1.7310562903879383 ± 0.034188760634074944 | 2.450983970588933 ± 0.07096850565846435 | 0.5299526241367398
0.98 | 1.02 | 1 | 60 | 0.35692100644692276 ± 0.0029403570929829315 | 0.07455848738598096 ± 0.0018882392762620964 | 1.7189215253627066 ± 0.17888064509959717 | 2.4859645475490644 ± 0.065645929293223 | 0.5577332469319759
0.98 | 1.02 | 1 | 65 | 0.35692100644692276 ± 0.0029403570929829315 | 0.07455848738598096 ± 0.0018882392762620964 | 1.7189215253627066 ± 0.17888064509959717 | 2.4859645475490644 ± 0.065645929293223 | 0.5577332469319759
0.98 | 1.02 | 1 | 70 | 0.35692100644692276 ± 0.0029403570929829315 | 0.07455848738598096 ± 0.0018882392762620964 | 1.7189215253627066 ± 0.17888064509959717 | 2.4859645475490644 ± 0.065645929293223 | 0.5577332469319759
0.98 | 1.02 | 1 | 75 | 0.35691779507723564 ± 0.004822695116228598 | 0.07455030480578191 ± 0.0017466056665231197 | 1.7245285129636785 ± 0.12405254110997992 | 2.5079106583772086 ± 0.056654865134411425 | 0.553177690925981
0.98 | 1.02 | 1 | 80 | 0.35691779507723564 ± 0.004822695116228598 | 0.07455030480578191 ± 0.0017466056665231197 | 1.7245285129636785 ± 0.12405254110997992 | 2.5079106583772086 ± 0.056654865134411425 | 0.553177690925981
0.98 | 1.02 | 1 | 85 | 0.35691459159443123 ± 0.004229598650441785 | 0.07447370129825324 ± 0.001577798904640229 | 1.720307772072771 ± 0.043556944544088906 | 2.5285972111736754 ± 0.08668501844575482 | 0.5505371313339017
0.98 | 1.02 | 1 | 90 | 0.35691459159443123 ± 0.004229598650441785 | 0.07447370129825324 ± 0.001577798904640229 | 1.720307772072771 ± 0.043556944544088906 | 2.5285972111736754 ± 0.08668501844575482 | 0.5505371313339017
0.98 | 1.02 | 1 | 95 | 0.3568893626521207 ± 0.004476569537774311 | 0.07441640364128996 ± 0.0015972111659450644 | 1.7159083925405951 ± 0.03636774305831995 | 2.546729955632934 ± 0.09797711972576417 | 0.5480349597790339
0.98 | 1.02 | 1 | 100 | 0.3568893626521207 ± 0.004476569537774311 | 0.07441640364128996 ± 0.0015972111659450644 | 1.7159083925405951 ± 0.03636774305831995 | 2.546729955632934 ± 0.09797711972576417 | 0.5480349597790339
0.98 | 1.02 | 1 | 150 | 0.356564072688723 ± 0.004204267343717177 | 0.07431025940621303 ± 0.0017245337066861058 | 1.7190273978519524 ± 0.04723784287797011 | 2.524708564690144 ± 0.06235404647811338 | 0.5417894608289473
0.98 | 1.02 | 1 | 200 | 0.3555352128021828 ± 0.0013335482162528944 | 0.0739814128045899 ± 0.0005614884714215465 | 1.7310523112828944 ± 0.0341897976086416 | 2.450985715194299 ± 0.07093799050070726 | 0.5299495874472558
0.98 | 1.02 | 2 | 150 | 0.361540435049052 ± 0.003732220367670014 | 0.07678532867334519 ± 0.001546400899939869 | 1.726812545370898 ± 0.06947615125988342 | 2.5499986276460516 ± 0.051165642575808246 | 0.6702572352783446
0.98 | 1.02 | 2 | 200 | 0.3613232174950443 ± 0.001794603234679476 | 0.07666731077986674 ± 0.002277848086925806 | 1.7262436320657955 ± 0.039740041055938743 | 2.5331763956241264 ± 0.059320598556585225 | 0.6663044631376528
0.99 | 1.01 | 0 | 60 | 0.35700718024610506 ± 0.0055639417095701416 | 0.07464563092088498 ± 0.0007765050973403201 | 1.7399339480813896 ± 0.07626603934985432 | 2.498995527787225 ± 0.03771239770474111 | 0.5727215746794799
0.99 | 1.01 | 0 | 65 | 0.35708239599518937 ± 0.002138648729224507 | 0.0746432340801686 ± 0.00112822638020562 | 1.7280656252354423 ± 0.11516783733499893 | 2.4865573307465914 ± 0.02696908530546782 | 0.5605056017344192
0.99 | 1.01 | 0 | 70 | 0.35708239599518937 ± 0.002138648729224507 | 0.0746432340801686 ± 0.00112822638020562 | 1.7280656252354423 ± 0.11516783733499893 | 2.4865573307465914 ± 0.02696908530546782 | 0.5605056017344192
0.99 | 1.01 | 0 | 75 | 0.35706623319299396 ± 0.005638341340605008 | 0.07464538181048061 ± 0.0013520991465157811 | 1.7254387108598441 ± 0.16539500552539665 | 2.494641416066966 ± 0.03996440053440953 | 0.5582038914458479
0.99 | 1.01 | 0 | 80 | 0.35706623319299396 ± 0.005638341340605008 | 0.07464538181048061 ± 0.0013520991465157811 | 1.7254387108598441 ± 0.16539500552539665 | 2.494641416066966 ± 0.03996440053440953 | 0.5582038914458479
0.99 | 1.01 | 0 | 85 | 0.35713230396462314 ± 0.0018597037435595931 | 0.07461436958867107 ± 0.001442256238904309 | 1.7216196830300403 ± 0.03390837540324445 | 2.5249688837015185 ± 0.04951759204350825 | 0.5556968674420033
0.99 | 1.01 | 0 | 90 | 0.35713230396462314 ± 0.0018597037435595931 | 0.07461436958867107 ± 0.001442256238904309 | 1.7216196830300403 ± 0.03390837540324445 | 2.5249688837015185 ± 0.04951759204350825 | 0.5556968674420033
0.99 | 1.01 | 0 | 95 | 0.35713230396462314 ± 0.0018597037435595931 | 0.07461436958867107 ± 0.001442256238904309 | 1.7216196830300403 ± 0.03390837540324445 | 2.5249688837015185 ± 0.04951759204350825 | 0.5556968674420033
0.99 | 1.01 | 0 | 100 | 0.35713230396462314 ± 0.0018597037435595931 | 0.07461436958867107 ± 0.001442256238904309 | 1.7216196830300403 ± 0.03390837540324445 | 2.5249688837015185 ± 0.04951759204350825 | 0.5556968674420033
0.99 | 1.01 | 0 | 150 | 0.35691277832820295 ± 0.002839690765973457 | 0.0745622969419126 ± 0.0012119888600790746 | 1.7244177990641019 ± 0.11797549892772205 | 2.4994687388322894 ± 0.032141859829004416 | 0.5540366257746006
0.99 | 1.01 | 0 | 200 | 0.3569834413951682 ± 0.0006043932096137516 | 0.0745471417524082 ± 0.001307133597806369 | 1.721408297521846 ± 0.03687881621444843 | 2.523139241539228 ± 0.02547629632794335 | 0.5523934633675922
0.99 | 1.01 | 1 | 60 | 0.35700718177034413 ± 0.005563888431488362 | 0.07464563088150131 ± 0.0007765375826776846 | 1.7399338261142725 ± 0.07625878258930405 | 2.498994816652956 ± 0.03770485761763731 | 0.5727212608154246
0.99 | 1.01 | 1 | 65 | 0.35700718177034413 ± 0.005563888431488362 | 0.07464563088150131 ± 0.0007765375826776846 | 1.7399338261142725 ± 0.07625878258930405 | 2.498994816652956 ± 0.03770485761763731 | 0.5727212608154246
0.99 | 1.01 | 1 | 70 | 0.35708239582595624 ± 0.0021379795492312836 | 0.07464323426983394 ± 0.001127240125089829 | 1.7280653499590484 ± 0.11542114422103569 | 2.48655738218384 ± 0.026734543732459537 | 0.5605053844206762
0.99 | 1.01 | 1 | 75 | 0.35708239582595624 ± 0.0021379795492312836 | 0.07464323426983394 ± 0.001127240125089829 | 1.7280653499590484 ± 0.11542114422103569 | 2.48655738218384 ± 0.026734543732459537 | 0.5605053844206762
0.99 | 1.01 | 1 | 80 | 0.35708239582595624 ± 0.0021379795492312836 | 0.07464323426983394 ± 0.001127240125089829 | 1.7280653499590484 ± 0.11542114422103569 | 2.48655738218384 ± 0.026734543732459537 | 0.5605053844206762
0.99 | 1.01 | 1 | 85 | 0.3570662321925559 ± 0.0056383405716059765 | 0.0746453819594448 ± 0.001352097070554753 | 1.72543876161228 ± 0.16539499840498179 | 2.494641165544859 ± 0.039964809116045386 | 0.5582039092345349
0.99 | 1.01 | 1 | 90 | 0.3570662321925559 ± 0.0056383405716059765 | 0.0746453819594448 ± 0.001352097070554753 | 1.72543876161228 ± 0.16539499840498179 | 2.494641165544859 ± 0.039964809116045386 | 0.5582039092345349
0.99 | 1.01 | 1 | 95 | 0.35713230350095043 ± 0.0018596246376488268 | 0.07461436949065679 ± 0.0014422791396339896 | 1.72161959342078 ± 0.03390835382866974 | 2.524968884878399 ± 0.04951791587504717 | 0.555696847862716
0.99 | 1.01 | 1 | 100 | 0.35713230350095043 ± 0.0018596246376488268 | 0.07461436949065679 ± 0.0014422791396339896 | 1.72161959342078 ± 0.03390835382866974 | 2.524968884878399 ± 0.04951791587504717 | 0.555696847862716
0.99 | 1.01 | 1 | 150 | 0.35698421998949337 ± 0.0023608451129025487 | 0.07457630962752673 ± 0.0012965690244841274 | 1.723852566438046 ± 0.0919496736210361 | 2.51118834697123 ± 0.029627295152844235 | 0.5542786973763704
0.99 | 1.01 | 1 | 200 | 0.35698605965283575 ± 0.0006420701347475966 | 0.07454761629761829 ± 0.0015050053073140945 | 1.7220703114377418 ± 0.03725175834125059 | 2.521647807971585 ± 0.042632161116078704 | 0.5525659336400429
0.99 | 1.01 | 2 | 85 | 0.3572495525586499 ± 0.0008747046934162173 | 0.07477677474214493 ± 0.000368442527810299 | 1.7051000438108348 ± 0.03329755020019355 | 2.475000296572168 ± 0.02609307306953146 | 0.6159517518012452
0.99 | 1.01 | 2 | 90 | 0.3572495525586499 ± 0.0008747046934162173 | 0.07477677474214493 ± 0.000368442527810299 | 1.7051000438108348 ± 0.03329755020019355 | 2.475000296572168 ± 0.02609307306953146 | 0.6159517518012452
0.99 | 1.01 | 2 | 95 | 0.3572495525586499 ± 0.0008747046934162173 | 0.07477677474214493 ± 0.000368442527810299 | 1.7051000438108348 ± 0.03329755020019355 | 2.475000296572168 ± 0.02609307306953146 | 0.6159517518012452
0.99 | 1.01 | 2 | 100 | 0.3572495525586499 ± 0.0008747046934162173 | 0.07477677474214493 ± 0.000368442527810299 | 1.7051000438108348 ± 0.03329755020019355 | 2.475000296572168 ± 0.02609307306953146 | 0.6159517518012452
0.99 | 1.01 | 2 | 150 | 0.35736721841231395 ± 0.004627746411577982 | 0.07473074084271132 ± 0.0007658314307770614 | 1.7176145551266297 ± 0.046690664436337646 | 2.505575066800374 ± 0.02545839344565204 | 0.5658826706522045
0.99 | 1.01 | 2 | 200 | 0.3570852479239731 ± 0.0015269628004710156 | 0.07460534401391966 ± 0.001373348821485973 | 1.723037330295095 ± 0.048954369611253136 | 2.5228330486157855 ± 0.0475968845280621 | 0.5553643673291592
