Otimização para pl em ATLAS - Limites: eps_0_mg_1_a1_1_a2_1
Configuração: down | up | strategy | tol | migrad | mg ± error | eps ± error | a1 ± error | a2 ± error | χ²/ndof
======================================================================================================================================================
0.98 | 1.02 | 0 | 5e+00 | 300 | 0.416275 ± 0.001494 | 0.073794 ± 0.000206 | 1.622332 ± 0.039889 | 1.822897 ± 0.289342 | 0.521659
0.98 | 1.02 | 0 | 1e+00 | 300 | 0.416275 ± 0.001494 | 0.073794 ± 0.000206 | 1.622332 ± 0.039889 | 1.822897 ± 0.289342 | 0.521659
0.98 | 1.02 | 0 | 1e-01 | 300 | 0.416275 ± 0.001494 | 0.073794 ± 0.000206 | 1.622332 ± 0.039889 | 1.822897 ± 0.289342 | 0.521659
0.98 | 1.02 | 0 | 1e-02 | 300 | 0.416285 ± 0.001496 | 0.073794 ± 0.000200 | 1.622079 ± 0.039983 | 1.825025 ± 0.290070 | 0.521658
0.98 | 1.02 | 0 | 5e+00 | 400 | 0.416275 ± 0.001494 | 0.073794 ± 0.000206 | 1.622332 ± 0.039889 | 1.822897 ± 0.289342 | 0.521659
0.98 | 1.02 | 0 | 1e+00 | 400 | 0.416275 ± 0.001494 | 0.073794 ± 0.000206 | 1.622332 ± 0.039889 | 1.822897 ± 0.289342 | 0.521659
0.98 | 1.02 | 0 | 1e-01 | 400 | 0.416275 ± 0.001494 | 0.073794 ± 0.000206 | 1.622332 ± 0.039889 | 1.822897 ± 0.289342 | 0.521659
0.98 | 1.02 | 0 | 1e-02 | 400 | 0.416285 ± 0.001496 | 0.073794 ± 0.000200 | 1.622079 ± 0.039983 | 1.825025 ± 0.290070 | 0.521658
0.98 | 1.02 | 0 | 5e+00 | 500 | 0.416275 ± 0.001494 | 0.073794 ± 0.000206 | 1.622332 ± 0.039889 | 1.822897 ± 0.289342 | 0.521659
0.98 | 1.02 | 0 | 1e+00 | 500 | 0.416275 ± 0.001494 | 0.073794 ± 0.000206 | 1.622332 ± 0.039889 | 1.822897 ± 0.289342 | 0.521659
0.98 | 1.02 | 0 | 1e-01 | 500 | 0.416275 ± 0.001494 | 0.073794 ± 0.000206 | 1.622332 ± 0.039889 | 1.822897 ± 0.289342 | 0.521659
0.98 | 1.02 | 0 | 1e-02 | 500 | 0.416285 ± 0.001496 | 0.073794 ± 0.000200 | 1.622079 ± 0.039983 | 1.825025 ± 0.290070 | 0.521658
0.98 | 1.02 | 0 | 5e+00 | 600 | 0.416275 ± 0.001494 | 0.073794 ± 0.000206 | 1.622332 ± 0.039889 | 1.822897 ± 0.289342 | 0.521659
0.98 | 1.02 | 0 | 1e+00 | 600 | 0.416275 ± 0.001494 | 0.073794 ± 0.000206 | 1.622332 ± 0.039889 | 1.822897 ± 0.289342 | 0.521659
0.98 | 1.02 | 0 | 1e-01 | 600 | 0.416275 ± 0.001494 | 0.073794 ± 0.000206 | 1.622332 ± 0.039889 | 1.822897 ± 0.289342 | 0.521659
0.98 | 1.02 | 0 | 1e-02 | 600 | 0.416285 ± 0.001496 | 0.073794 ± 0.000200 | 1.622079 ± 0.039983 | 1.825025 ± 0.290070 | 0.521658
0.98 | 1.02 | 0 | 5e+00 | 700 | 0.416275 ± 0.001494 | 0.073794 ± 0.000206 | 1.622332 ± 0.039889 | 1.822897 ± 0.289342 | 0.521659
0.98 | 1.02 | 0 | 1e+00 | 700 | 0.416275 ± 0.001494 | 0.073794 ± 0.000206 | 1.622332 ± 0.039889 | 1.822897 ± 0.289342 | 0.521659
0.98 | 1.02 | 0 | 1e-01 | 700 | 0.416275 ± 0.001494 | 0.073794 ± 0.000206 | 1.622332 ± 0.039889 | 1.822897 ± 0.289342 | 0.521659
0.98 | 1.02 | 0 | 1e-02 | 700 | 0.416285 ± 0.001496 | 0.073794 ± 0.000200 | 1.622079 ± 0.039983 | 1.825025 ± 0.290070 | 0.521658
0.98 | 1.02 | 0 | 5e+00 | 800 | 0.416275 ± 0.001494 | 0.073794 ± 0.000206 | 1.622332 ± 0.039889 | 1.822897 ± 0.289342 | 0.521659
0.98 | 1.02 | 0 | 1e+00 | 800 | 0.416275 ± 0.001494 | 0.073794 ± 0.000206 | 1.622332 ± 0.039889 | 1.822897 ± 0.289342 | 0.521659
0.98 | 1.02 | 0 | 1e-01 | 800 | 0.416275 ± 0.001494 | 0.073794 ± 0.000206 | 1.622332 ± 0.039889 | 1.822897 ± 0.289342 | 0.521659
0.98 | 1.02 | 0 | 1e-02 | 800 | 0.416285 ± 0.001496 | 0.073794 ± 0.000200 | 1.622079 ± 0.039983 | 1.825025 ± 0.290070 | 0.521658
0.99 | 1.01 | 0 | 5e+00 | 300 | 0.417843 ± 0.001550 | 0.074553 ± 0.000165 | 1.635296 ± 0.040254 | 1.766047 ± 0.293256 | 0.557876
0.99 | 1.01 | 0 | 1e-01 | 300 | 0.418055 ± 0.001498 | 0.074547 ± 0.000183 | 1.629345 ± 0.039950 | 1.808348 ± 0.289720 | 0.557383
0.99 | 1.01 | 0 | 1e-02 | 300 | 0.418058 ± 0.001499 | 0.074547 ± 0.000182 | 1.629277 ± 0.039983 | 1.809166 ± 0.289969 | 0.557383
0.99 | 1.01 | 0 | 5e+00 | 400 | 0.417843 ± 0.001550 | 0.074553 ± 0.000165 | 1.635296 ± 0.040254 | 1.766047 ± 0.293256 | 0.557876
0.99 | 1.01 | 0 | 1e-01 | 400 | 0.418055 ± 0.001498 | 0.074547 ± 0.000183 | 1.629345 ± 0.039950 | 1.808348 ± 0.289720 | 0.557383
0.99 | 1.01 | 0 | 1e-02 | 400 | 0.418058 ± 0.001499 | 0.074547 ± 0.000182 | 1.629277 ± 0.039983 | 1.809166 ± 0.289969 | 0.557383
0.99 | 1.01 | 0 | 5e+00 | 500 | 0.417843 ± 0.001550 | 0.074553 ± 0.000165 | 1.635296 ± 0.040254 | 1.766047 ± 0.293256 | 0.557876
0.99 | 1.01 | 0 | 1e-01 | 500 | 0.418055 ± 0.001498 | 0.074547 ± 0.000183 | 1.629345 ± 0.039950 | 1.808348 ± 0.289720 | 0.557383
0.99 | 1.01 | 0 | 1e-02 | 500 | 0.418058 ± 0.001499 | 0.074547 ± 0.000182 | 1.629277 ± 0.039983 | 1.809166 ± 0.289969 | 0.557383
0.99 | 1.01 | 0 | 5e+00 | 600 | 0.417843 ± 0.001550 | 0.074553 ± 0.000165 | 1.635296 ± 0.040254 | 1.766047 ± 0.293256 | 0.557876
0.99 | 1.01 | 0 | 1e-01 | 600 | 0.418055 ± 0.001498 | 0.074547 ± 0.000183 | 1.629345 ± 0.039950 | 1.808348 ± 0.289720 | 0.557383
0.99 | 1.01 | 0 | 1e-02 | 600 | 0.418058 ± 0.001499 | 0.074547 ± 0.000182 | 1.629277 ± 0.039983 | 1.809166 ± 0.289969 | 0.557383
0.99 | 1.01 | 0 | 5e+00 | 700 | 0.417843 ± 0.001550 | 0.074553 ± 0.000165 | 1.635296 ± 0.040254 | 1.766047 ± 0.293256 | 0.557876
0.99 | 1.01 | 0 | 1e-01 | 700 | 0.418055 ± 0.001498 | 0.074547 ± 0.000183 | 1.629345 ± 0.039950 | 1.808348 ± 0.289720 | 0.557383
0.99 | 1.01 | 0 | 1e-02 | 700 | 0.418058 ± 0.001499 | 0.074547 ± 0.000182 | 1.629277 ± 0.039983 | 1.809166 ± 0.289969 | 0.557383
0.99 | 1.01 | 0 | 5e+00 | 800 | 0.417843 ± 0.001550 | 0.074553 ± 0.000165 | 1.635296 ± 0.040254 | 1.766047 ± 0.293256 | 0.557876
0.99 | 1.01 | 0 | 1e-01 | 800 | 0.418055 ± 0.001498 | 0.074547 ± 0.000183 | 1.629345 ± 0.039950 | 1.808348 ± 0.289720 | 0.557383
0.99 | 1.01 | 0 | 1e-02 | 800 | 0.418058 ± 0.001499 | 0.074547 ± 0.000182 | 1.629277 ± 0.039983 | 1.809166 ± 0.289969 | 0.557383
