Otimização para log em TOTEM - Limites: eps_1_mg_0_a2_0
Configuração: down | up | strategy | migrad | mg ± error | eps ± error | a1 ± error | a2 ± error | χ²/ndof
========================================================================================================================
0.91 | 1.0899999999999999 | 0 | 60 | 0.38332776376188765 ± 0.0027205162645511476 | 0.08767889398376558 ± 0.0012294176794325554 | 1.5633351468174101 ± 0.048891994824249226 | 3.5334689722120225 ± 0.21475792015609524 | 0.7563208065579959
0.91 | 1.0899999999999999 | 0 | 65 | 0.38332776376188765 ± 0.0027205162645511476 | 0.08767889398376558 ± 0.0012294176794325554 | 1.5633351468174101 ± 0.048891994824249226 | 3.5334689722120225 ± 0.21475792015609524 | 0.7563208065579959
0.91 | 1.0899999999999999 | 0 | 70 | 0.38328364159299 ± 0.003903561615492193 | 0.08769810065970385 ± 0.0018134278672380447 | 1.5634978331947653 ± 0.045475098126115616 | 3.596150395086833 ± 0.19827841558779763 | 0.658207307678297
0.91 | 1.0899999999999999 | 0 | 75 | 0.38328364159299 ± 0.003903561615492193 | 0.08769810065970385 ± 0.0018134278672380447 | 1.5634978331947653 ± 0.045475098126115616 | 3.596150395086833 ± 0.19827841558779763 | 0.658207307678297
0.91 | 1.0899999999999999 | 0 | 80 | 0.38328998231750605 ± 0.0007799363571088602 | 0.087694570722489 ± 0.0003516395038917347 | 1.5639330868543393 ± 0.023921569241643115 | 3.59228542228191 ± 0.10714245393342729 | 0.655490441092102
0.91 | 1.0899999999999999 | 0 | 85 | 0.38328998231750605 ± 0.0007799363571088602 | 0.087694570722489 ± 0.0003516395038917347 | 1.5639330868543393 ± 0.023921569241643115 | 3.59228542228191 ± 0.10714245393342729 | 0.655490441092102
0.91 | 1.0899999999999999 | 1 | 60 | 0.3833277637168843 ± 0.0027209354108797307 | 0.08767889400589082 ± 0.001229642759276818 | 1.56333515187557 ± 0.04889278483201549 | 3.5334689279466667 ± 0.21476116948616147 | 0.7563208614652228
0.91 | 1.0899999999999999 | 1 | 65 | 0.3833277637168843 ± 0.0027209354108797307 | 0.08767889400589082 ± 0.001229642759276818 | 1.56333515187557 ± 0.04889278483201549 | 3.5334689279466667 ± 0.21476116948616147 | 0.7563208614652228
0.91 | 1.0899999999999999 | 1 | 70 | 0.3832836415393301 ± 0.003903082207907972 | 0.08769810068568921 ± 0.0018132391333783998 | 1.563497838099032 ± 0.045473923052114215 | 3.596150374762468 ± 0.19827328762056176 | 0.6582072894384803
0.91 | 1.0899999999999999 | 1 | 75 | 0.3832836415393301 ± 0.003903082207907972 | 0.08769810068568921 ± 0.0018132391333783998 | 1.563497838099032 ± 0.045473923052114215 | 3.596150374762468 ± 0.19827328762056176 | 0.6582072894384803
0.91 | 1.0899999999999999 | 1 | 80 | 0.38328998226568395 ± 0.0007799341668396537 | 0.0876945707477153 ± 0.0003516397979857755 | 1.563933091752985 ± 0.023921437748034503 | 3.5922854007832963 ± 0.10714189423649496 | 0.6554904223567127
0.91 | 1.0899999999999999 | 1 | 85 | 0.38328998226568395 ± 0.0007799341668396537 | 0.0876945707477153 ± 0.0003516397979857755 | 1.563933091752985 ± 0.023921437748034503 | 3.5922854007832963 ± 0.10714189423649496 | 0.6554904223567127
0.91 | 1.0899999999999999 | 2 | 150 | 0.39188597374453976 ± 0.004431525800174713 | 0.0913781910636055 ± 0.0019738978343167776 | 1.5567388760784358 ± 0.04219769851797598 | 3.654152415252227 ± 0.18177224846218398 | 0.9167651327186201
0.92 | 1.08 | 0 | 60 | 0.3833306034037045 ± 0.002515189893163701 | 0.08768121701132221 ± 0.00111924792414788 | 1.5634188547388699 ± 0.04857330540893796 | 3.533452191588384 ± 0.21344620037982867 | 0.7550763115739545
0.92 | 1.08 | 0 | 65 | 0.3833306034037045 ± 0.002515189893163701 | 0.08768121701132221 ± 0.00111924792414788 | 1.5634188547388699 ± 0.04857330540893796 | 3.533452191588384 ± 0.21344620037982867 | 0.7550763115739545
0.92 | 1.08 | 0 | 70 | 0.38328672013149706 ± 0.0036028556542542223 | 0.08770025183349808 ± 0.0016634795888574722 | 1.5635825715234826 ± 0.04499136246468902 | 3.5957917373055017 ± 0.19628527827554001 | 0.6579554051410418
0.92 | 1.08 | 0 | 75 | 0.38328672013149706 ± 0.0036028556542542223 | 0.08770025183349808 ± 0.0016634795888574722 | 1.5635825715234826 ± 0.04499136246468902 | 3.5957917373055017 ± 0.19628527827554001 | 0.6579554051410418
0.92 | 1.08 | 0 | 80 | 0.38329308496047515 ± 0.0007796408236404503 | 0.0876967604452711 ± 0.00035165693800594255 | 1.5640185408853413 ± 0.02390463737525571 | 3.591913678543138 ± 0.10707212282114197 | 0.6552535686329312
0.92 | 1.08 | 0 | 85 | 0.38329308496047515 ± 0.0007796408236404503 | 0.0876967604452711 ± 0.00035165693800594255 | 1.5640185408853413 ± 0.02390463737525571 | 3.591913678543138 ± 0.10707212282114197 | 0.6552535686329312
0.92 | 1.08 | 1 | 60 | 0.3833306033586337 ± 0.0025158207897068552 | 0.08768121703360685 ± 0.001119562535685771 | 1.5634188598040732 ± 0.048574024618568835 | 3.5334521474784872 ± 0.21344913537584997 | 0.7550763655394743
0.92 | 1.08 | 1 | 65 | 0.3833306033586337 ± 0.0025158207897068552 | 0.08768121703360685 ± 0.001119562535685771 | 1.5634188598040732 ± 0.048574024618568835 | 3.5334521474784872 ± 0.21344913537584997 | 0.7550763655394743
0.92 | 1.08 | 1 | 70 | 0.3832867200778778 ± 0.003605082341084321 | 0.0877002518595735 ± 0.001664491296069999 | 1.5635825764373459 ± 0.044995007271427516 | 3.5957917169616467 ± 0.1963005349777292 | 0.6579553868601874
0.92 | 1.08 | 1 | 75 | 0.3832867200778778 ± 0.003605082341084321 | 0.0877002518595735 ± 0.001664491296069999 | 1.5635825764373459 ± 0.044995007271427516 | 3.5957917169616467 ± 0.1963005349777292 | 0.6579553868601874
0.92 | 1.08 | 1 | 80 | 0.3832930849086864 ± 0.0007796363723248638 | 0.08769676047059388 ± 0.0003516577840798271 | 1.5640185457930775 ± 0.023904484337535815 | 3.591913656993497 ± 0.10707151407685503 | 0.6552535498746965
0.92 | 1.08 | 1 | 85 | 0.3832930849086864 ± 0.0007796363723248638 | 0.08769676047059388 ± 0.0003516577840798271 | 1.5640185457930775 ± 0.023904484337535815 | 3.591913656993497 ± 0.10707151407685503 | 0.6552535498746965
0.92 | 1.08 | 2 | 150 | 0.3933614971508106 ± 0.0007943530752533578 | 0.09224540791516234 ± 0.0003489114359259901 | 1.5759953147152816 ± 0.023495553682677167 | 3.6257873996524204 ± 0.10440365602503263 | 1.0189425885797345
0.92 | 1.08 | 2 | 200 | 0.39339556195566483 ± 0.000807935105313182 | 0.0935522800948744 ± 0.0003609951089773786 | 1.7110902565452486 ± 0.023999480414656958 | 2.981314379581648 ± 0.10948635141568795 | 0.5225687741120536
0.93 | 1.0699999999999998 | 0 | 60 | 0.3833347532520875 ± 0.0022955314601312013 | 0.08768461089685131 ± 0.00099932986358605 | 1.5635408624715108 ± 0.04824979232410623 | 3.5334290017875594 ± 0.21211271094337045 | 0.7532714957953599
0.93 | 1.0699999999999998 | 0 | 65 | 0.3833347532520875 ± 0.0022955314601312013 | 0.08768461089685131 ± 0.00099932986358605 | 1.5635408624715108 ± 0.04824979232410623 | 3.5334290017875594 ± 0.21211271094337045 | 0.7532714957953599
0.93 | 1.0699999999999998 | 0 | 70 | 0.38329122432348056 ± 0.0032726400489435717 | 0.0877033936835834 ± 0.0014979502042329132 | 1.5637062472058143 ± 0.0444976108438574 | 3.59526871805734 ± 0.1942515596841528 | 0.6575872057111322
0.93 | 1.0699999999999998 | 0 | 75 | 0.38329122432348056 ± 0.0032726400489435717 | 0.0877033936835834 ± 0.0014979502042329132 | 1.5637062472058143 ± 0.0444976108438574 | 3.59526871805734 ± 0.1942515596841528 | 0.6575872057111322
0.93 | 1.0699999999999998 | 0 | 80 | 0.3832976220025134 ± 0.0007791913203512573 | 0.08769995890103512 ± 0.00035168339570348234 | 1.5641432019987183 ± 0.023879130209473073 | 3.5913709838381562 ± 0.10696614370213985 | 0.6549085816950654
0.93 | 1.0699999999999998 | 0 | 85 | 0.3832976220025134 ± 0.0007791913203512573 | 0.08769995890103512 ± 0.00035168339570348234 | 1.5641432019987183 ± 0.023879130209473073 | 3.5913709838381562 ± 0.10696614370213985 | 0.6549085816950654
0.93 | 1.0699999999999998 | 1 | 60 | 0.38333475320695914 ± 0.0022954741491495465 | 0.08768461091944965 ± 0.0009993002402731918 | 1.5635408675427898 ± 0.04825025268435802 | 3.533428957929182 ± 0.21211472912591356 | 0.7532715484898279
0.93 | 1.0699999999999998 | 1 | 65 | 0.38333475320695914 ± 0.0022954741491495465 | 0.08768461091944965 ± 0.0009993002402731918 | 1.5635408675427898 ± 0.04825025268435802 | 3.533428957929182 ± 0.21211472912591356 | 0.7532715484898279
0.93 | 1.0699999999999998 | 1 | 70 | 0.38329122427012663 ± 0.0032716711107348318 | 0.08770339370986822 ± 0.0014974522884015976 | 1.5637062521323528 ± 0.04449636291764854 | 3.595268697649557 ± 0.19424649910987568 | 0.657587187388249
0.93 | 1.0699999999999998 | 1 | 75 | 0.38329122427012663 ± 0.0032716711107348318 | 0.08770339370986822 ± 0.0014974522884015976 | 1.5637062521323528 ± 0.04449636291764854 | 3.595268697649557 ± 0.19424649910987568 | 0.657587187388249
0.93 | 1.0699999999999998 | 1 | 80 | 0.3832976219509685 ± 0.0007791913223463739 | 0.08769995892658745 ± 0.0003516837498589373 | 1.564143206918788 ± 0.023879278717139366 | 3.5913709622382854 ± 0.10696679231048976 | 0.6549085629115918
0.93 | 1.0699999999999998 | 1 | 85 | 0.3832976219509685 ± 0.0007791913223463739 | 0.08769995892658745 ± 0.0003516837498589373 | 1.564143206918788 ± 0.023879278717139366 | 3.5913709622382854 ± 0.10696679231048976 | 0.6549085629115918
0.93 | 1.0699999999999998 | 2 | 200 | 0.39519265172008833 ± 0.001055780542566325 | 0.09320134240534328 ± 0.0003039112081105258 | 1.6041882627022772 ± 0.03413397789346745 | 3.452444507261322 ± 0.1463988154386559 | 0.8861725194857805
0.94 | 1.06 | 0 | 60 | 0.3833411641768092 ± 0.002062925869927611 | 0.08768985141707064 ± 0.000869075609305818 | 1.5637286206186518 ± 0.04793095612572415 | 3.5333959477449057 ± 0.21079678693801718 | 0.7505159255031563
0.94 | 1.06 | 0 | 65 | 0.3833411641768092 ± 0.002062925869927611 | 0.08768985141707064 ± 0.000869075609305818 | 1.5637286206186518 ± 0.04793095612572415 | 3.5333959477449057 ± 0.21079678693801718 | 0.7505159255031563
0.94 | 1.06 | 0 | 70 | 0.38329819446640917 ± 0.0029149925670847628 | 0.0877082433225831 ± 0.001317170561238451 | 1.563896949249045 ± 0.044000777474629965 | 3.5944631623496934 ± 0.192203597530702 | 0.6570183878458101
0.94 | 1.06 | 0 | 75 | 0.38329819446640917 ± 0.0029149925670847628 | 0.0877082433225831 ± 0.001317170561238451 | 1.563896949249045 ± 0.044000777474629965 | 3.5944631623496934 ± 0.192203597530702 | 0.6570183878458101
0.94 | 1.06 | 0 | 80 | 0.38330463743635024 ± 0.000778471316848845 | 0.08770489644431713 ± 0.0003517235811776598 | 1.5643352902894088 ± 0.02383857621018317 | 3.590533855937673 ± 0.10679756637714699 | 0.6543782883257453
0.94 | 1.06 | 0 | 85 | 0.38330463743635024 ± 0.000778471316848845 | 0.08770489644431713 ± 0.0003517235811776598 | 1.5643352902894088 ± 0.02383857621018317 | 3.590533855937673 ± 0.10679756637714699 | 0.6543782883257453
0.94 | 1.06 | 1 | 60 | 0.38334116413130087 ± 0.002063039099806396 | 0.0876898514400794 ± 0.0008691029629521452 | 1.5637286256950595 ± 0.04793149225315459 | 3.533395904293596 ± 0.21079910215171266 | 0.7505159763625174
0.94 | 1.06 | 1 | 65 | 0.38334116413130087 ± 0.002063039099806396 | 0.0876898514400794 ± 0.0008691029629521452 | 1.5637286256950595 ± 0.04793149225315459 | 3.533395904293596 ± 0.21079910215171266 | 0.7505159763625174
0.94 | 1.06 | 1 | 70 | 0.383298194413235 ± 0.0029147445356627923 | 0.08770824334905684 ± 0.00131704528975983 | 1.563896954194537 ± 0.044000675506582966 | 3.594463141895661 ± 0.1922031940187519 | 0.6570183694346247
0.94 | 1.06 | 1 | 75 | 0.383298194413235 ± 0.0029147445356627923 | 0.08770824334905684 ± 0.00131704528975983 | 1.563896954194537 ± 0.044000675506582966 | 3.594463141895661 ± 0.1922031940187519 | 0.6570183694346247
0.94 | 1.06 | 1 | 80 | 0.38330463738494713 ± 0.0007784660661624139 | 0.08770489647008581 ± 0.00035172409894203976 | 1.5643352952264549 ± 0.023838205291654656 | 3.5905338342481583 ± 0.10679599522451381 | 0.6543782695055324
0.94 | 1.06 | 1 | 85 | 0.38330463738494713 ± 0.0007784660661624139 | 0.08770489647008581 ± 0.00035172409894203976 | 1.5643352952264549 ± 0.023838205291654656 | 3.5905338342481583 ± 0.10679599522451381 | 0.6543782695055324
0.95 | 1.05 | 0 | 60 | 0.3833518404024841 ± 0.001819134670203615 | 0.0876985695862321 ± 0.0007269941403853161 | 1.5640394125574637 ± 0.047613723337945724 | 3.5333463988392375 ± 0.20948306885949103 | 0.7460176817959265
0.95 | 1.05 | 0 | 65 | 0.3833518404024841 ± 0.001819134670203615 | 0.0876985695862321 ± 0.0007269941403853161 | 1.5640394125574637 ± 0.047613723337945724 | 3.5333463988392375 ± 0.20948306885949103 | 0.7460176817959265
0.95 | 1.05 | 0 | 70 | 0.38330983144563796 ± 0.0025351179951040555 | 0.08771630897407298 ± 0.0011224217198638614 | 1.5642135763680423 ± 0.0435150904926271 | 3.5931276105193795 ± 0.19019738317593057 | 0.6560719694133149
0.95 | 1.05 | 0 | 75 | 0.38330983144563796 ± 0.0025351179951040555 | 0.08771630897407298 ± 0.0011224217198638614 | 1.5642135763680423 ± 0.0435150904926271 | 3.5931276105193795 ± 0.19019738317593057 | 0.6560719694133149
0.95 | 1.05 | 0 | 80 | 0.3833163354960621 ± 0.0007771828600230004 | 0.08771310898274579 ± 0.0003517888869368699 | 1.5646538822245397 ± 0.02376617889442392 | 3.5891430659159496 ± 0.10649622252944063 | 0.6535021492665509
0.95 | 1.05 | 0 | 85 | 0.3833163354960621 ± 0.0007771828600230004 | 0.08771310898274579 ± 0.0003517888869368699 | 1.5646538822245397 ± 0.02376617889442392 | 3.5891430659159496 ± 0.10649622252944063 | 0.6535021492665509
0.95 | 1.05 | 1 | 60 | 0.3833518403573353 ± 0.0018191329956017952 | 0.08769856960994196 ± 0.0007269633038967174 | 1.5640394176643684 ± 0.0476150532171688 | 3.533346355862474 ± 0.20948884821018637 | 0.7460177293981306
0.95 | 1.05 | 1 | 65 | 0.3833518403573353 ± 0.0018191329956017952 | 0.08769856960994196 ± 0.0007269633038967174 | 1.5640394176643684 ± 0.0476150532171688 | 3.533346355862474 ± 0.20948884821018637 | 0.7460177293981306
0.95 | 1.05 | 1 | 70 | 0.38330983139312 ± 0.0025356019612647693 | 0.08771630900114165 ± 0.0011226697568070543 | 1.5642135813479539 ± 0.04351584539701913 | 3.5931275898870445 ± 0.19020052560392878 | 0.6560719509091955
0.95 | 1.05 | 1 | 75 | 0.38330983139312 ± 0.0025356019612647693 | 0.08771630900114165 ± 0.0011226697568070543 | 1.5642135813479539 ± 0.04351584539701913 | 3.5931275898870445 ± 0.19020052560392878 | 0.6560719509091955
0.95 | 1.05 | 1 | 80 | 0.3833163354452859 ± 0.0007771791850990078 | 0.0877131090091385 ± 0.0003517899910088704 | 1.5646538871951805 ± 0.023766243558315966 | 3.58914304408215 ± 0.10649649138180936 | 0.6535021303716914
0.95 | 1.05 | 1 | 85 | 0.3833163354452859 ± 0.0007771791850990078 | 0.0877131090091385 ± 0.0003517899910088704 | 1.5646538871951805 ± 0.023766243558315966 | 3.58914304408215 ± 0.10649649138180936 | 0.6535021303716914
0.96 | 1.04 | 0 | 60 | 0.3833716418503375 ± 0.0015715618945995077 | 0.08771469450153128 ± 0.0005726390300961406 | 1.5646098883646866 ± 0.04730385763925674 | 3.53326082621714 ± 0.20819389084381051 | 0.7379908449183746
0.96 | 1.04 | 0 | 65 | 0.3833716418503375 ± 0.0015715618945995077 | 0.08771469450153128 ± 0.0005726390300961406 | 1.5646098883646866 ± 0.04730385763925674 | 3.53326082621714 ± 0.20819389084381051 | 0.7379908449183746
0.96 | 1.04 | 0 | 70 | 0.38333149588780185 ± 0.002144525742225652 | 0.08773123240722543 ± 0.0009171121046396141 | 1.56479756886497 ± 0.04303709860525676 | 3.590667363453193 ± 0.18820923272129292 | 0.654324612170842
0.96 | 1.04 | 0 | 75 | 0.38333149588780185 ± 0.002144525742225652 | 0.08773123240722543 ± 0.0009171121046396141 | 1.56479756886497 ± 0.04303709860525676 | 3.590667363453193 ± 0.18820923272129292 | 0.654324612170842
0.96 | 1.04 | 0 | 80 | 0.3833380678145287 ± 0.0007744788946302042 | 0.08772830280788614 ± 0.00035190466690434435 | 1.5652405301885102 ± 0.023616561992198488 | 3.5865746840027657 ± 0.1058723093323294 | 0.6518996361669482
0.96 | 1.04 | 0 | 85 | 0.3833380678145287 ± 0.0007744788946302042 | 0.08772830280788614 ± 0.00035190466690434435 | 1.5652405301885102 ± 0.023616561992198488 | 3.5865746840027657 ± 0.1058723093323294 | 0.6518996361669482
0.96 | 1.04 | 1 | 60 | 0.383371641804459 ± 0.0015715443701831205 | 0.08771469452628995 ± 0.0005726343162240147 | 1.564609893497811 ± 0.047304204328648826 | 3.5332607842906008 ± 0.20819539065174825 | 0.7379908872863189
0.96 | 1.04 | 1 | 65 | 0.383371641804459 ± 0.0015715443701831205 | 0.08771469452628995 ± 0.0005726343162240147 | 1.564609893497811 ± 0.047304204328648826 | 3.5332607842906008 ± 0.20819539065174825 | 0.7379908872863189
0.96 | 1.04 | 1 | 70 | 0.3833314958358828 ± 0.002144794828548369 | 0.08773123243492456 ± 0.0009172486556719012 | 1.564797573900101 ± 0.043038012615655076 | 3.5906673425833597 ± 0.18821312960504585 | 0.6543245934579051
0.96 | 1.04 | 1 | 75 | 0.3833314958358828 ± 0.002144794828548369 | 0.08773123243492456 ± 0.0009172486556719012 | 1.564797573900101 ± 0.043038012615655076 | 3.5906673425833597 ± 0.18821312960504585 | 0.6543245934579051
0.96 | 1.04 | 1 | 80 | 0.3833380677642429 ± 0.0007744818225057172 | 0.08772830283499838 ± 0.0003519038081681372 | 1.5652405352121783 ± 0.02361649480656342 | 3.5865746619273566 ± 0.10587202021302178 | 0.6518996171592228
0.96 | 1.04 | 1 | 85 | 0.3833380677642429 ± 0.0007744818225057172 | 0.08772830283499838 ± 0.0003519038081681372 | 1.5652405352121783 ± 0.02361649480656342 | 3.5865746619273566 ± 0.10587202021302178 | 0.6518996171592228
0.97 | 1.03 | 0 | 60 | 0.3834151393850205 ± 0.0013326053623739277 | 0.0877497680494087 ± 0.000403880625177766 | 1.5658380635199078 ± 0.0469680716596875 | 3.5330139616497487 ± 0.2067804515589184 | 0.7218439104078852
0.97 | 1.03 | 0 | 65 | 0.3834151393850205 ± 0.0013326053623739277 | 0.0877497680494087 ± 0.000403880625177766 | 1.5658380635199078 ± 0.0469680716596875 | 3.5330139616497487 ± 0.2067804515589184 | 0.7218439104078852
0.97 | 1.03 | 0 | 70 | 0.3833792834064129 ± 0.0017692796265409028 | 0.0877638084504139 ± 0.0007104533004284805 | 1.5660632937494219 ± 0.04252535457408687 | 3.5853186624511997 ± 0.18604030072082076 | 0.6505648961050546
0.97 | 1.03 | 0 | 75 | 0.3833792834064129 ± 0.0017692796265409028 | 0.0877638084504139 ± 0.0007104533004284805 | 1.5660632937494219 ± 0.04252535457408687 | 3.5853186624511997 ± 0.18604030072082076 | 0.6505648961050546
0.97 | 1.03 | 0 | 80 | 0.38338581745098094 ± 0.0007668482848051722 | 0.08776143981443539 ± 0.00035210145104879603 | 1.5665091806092004 ± 0.02320458094015304 | 3.580990329342484 ± 0.1041490863080301 | 0.6484799957188595
0.97 | 1.03 | 0 | 85 | 0.38338581745098094 ± 0.0007668482848051722 | 0.08776143981443539 ± 0.00035210145104879603 | 1.5665091806092004 ± 0.02320458094015304 | 3.580990329342484 ± 0.1041490863080301 | 0.6484799957188595
0.97 | 1.03 | 1 | 60 | 0.3834151393389852 ± 0.0013327065263497003 | 0.08774976807608537 ± 0.000403950234407216 | 1.5658380687366755 ± 0.046968462436207295 | 3.5330139214696796 ± 0.20678212940748358 | 0.7218439424704733
0.97 | 1.03 | 1 | 65 | 0.3834151393389852 ± 0.0013327065263497003 | 0.08774976807608537 ± 0.000403950234407216 | 1.5658380687366755 ± 0.046968462436207295 | 3.5330139214696796 ± 0.20678212940748358 | 0.7218439424704733
0.97 | 1.03 | 1 | 70 | 0.3833792833559071 ± 0.0017690892305564677 | 0.08776380847960095 ± 0.0007103447922201661 | 1.5660632988976508 ± 0.04252603908859726 | 3.5853186409595508 ± 0.18604327770971504 | 0.6505648770537109
0.97 | 1.03 | 1 | 75 | 0.3833792833559071 ± 0.0017690892305564677 | 0.08776380847960095 ± 0.0007103447922201661 | 1.5660632988976508 ± 0.04252603908859726 | 3.5853186409595508 ± 0.18604327770971504 | 0.6505648770537109
0.97 | 1.03 | 1 | 80 | 0.38338581740186656 ± 0.000766850907950673 | 0.08776143984317712 ± 0.000352101211438291 | 1.5665091857405415 ± 0.023204730955032074 | 3.5809903067971653 ± 0.10414972868869896 | 0.6484799764851992
0.97 | 1.03 | 1 | 85 | 0.38338581740186656 ± 0.000766850907950673 | 0.08776143984317712 ± 0.000352101211438291 | 1.5665091857405415 ± 0.023204730955032074 | 3.5809903067971653 ± 0.10414972868869896 | 0.6484799764851992
0.98 | 1.02 | 0 | 60 | 0.3835470774411076 ± 0.0011292472702423343 | 0.08785055503307589 ± 0.00022947279731626996 | 1.5693889236342276 ± 0.0458940176880861 | 3.5306897751439354 ± 0.20197916566634957 | 0.6831417951104771
0.98 | 1.02 | 0 | 65 | 0.3835470774411076 ± 0.0011292472702423343 | 0.08785055503307589 ± 0.00022947279731626996 | 1.5693889236342276 ± 0.0458940176880861 | 3.5306897751439354 ± 0.20197916566634957 | 0.6831417951104771
0.98 | 1.02 | 0 | 70 | 0.38352134338771615 ± 0.0014672626048320798 | 0.0878591791737015 ± 0.0005253500222035384 | 1.5696739365238424 ± 0.0418494305378536 | 3.5696000774580248 ± 0.18310618715125318 | 0.6404042952116261
0.98 | 1.02 | 0 | 75 | 0.38352134338771615 ± 0.0014672626048320798 | 0.0878591791737015 ± 0.0005253500222035384 | 1.5696739365238424 ± 0.0418494305378536 | 3.5696000774580248 ± 0.18310618715125318 | 0.6404042952116261
0.98 | 1.02 | 0 | 80 | 0.3835269270836134 ± 0.0007271748216347428 | 0.08785804668224798 ± 0.0003511781328369365 | 1.5701386624275828 ± 0.021173901267548915 | 3.564955095873661 ± 0.0955927426995871 | 0.6390112723804868
0.98 | 1.02 | 0 | 85 | 0.3835269270836134 ± 0.0007271748216347428 | 0.08785804668224798 ± 0.0003511781328369365 | 1.5701386624275828 ± 0.021173901267548915 | 3.564955095873661 ± 0.0955927426995871 | 0.6390112723804868
0.98 | 1.02 | 1 | 60 | 0.3835470773404707 ± 0.0011292278176685026 | 0.08785055503308438 ± 0.00022947198087527182 | 1.5693889280385969 ± 0.04589328224981133 | 3.5306897534150568 ± 0.20197602219796232 | 0.6831417852547125
0.98 | 1.02 | 1 | 65 | 0.3835470773404707 ± 0.0011292278176685026 | 0.08785055503308438 ± 0.00022947198087527182 | 1.5693889280385969 ± 0.04589328224981133 | 3.5306897534150568 ± 0.20197602219796232 | 0.6831417852547125
0.98 | 1.02 | 1 | 70 | 0.3835213432919533 ± 0.0014672712027427304 | 0.08785917917313978 ± 0.0005253450956455158 | 1.569673940912789 ± 0.04185011287790801 | 3.5696000583186307 ± 0.1831091012687317 | 0.6404042777327691
0.98 | 1.02 | 1 | 75 | 0.3835213432919533 ± 0.0014672712027427304 | 0.08785917917313978 ± 0.0005253450956455158 | 1.569673940912789 ± 0.04185011287790801 | 3.5696000583186307 ± 0.1831091012687317 | 0.6404042777327691
0.98 | 1.02 | 1 | 80 | 0.3835269269865084 ± 0.0007271777504495133 | 0.08785804668178392 ± 0.0003511779886968269 | 1.5701386668173276 ± 0.02117404512347304 | 3.5649550762431854 ± 0.09559335359792973 | 0.6390112552340164
0.98 | 1.02 | 1 | 85 | 0.3835269269865084 ± 0.0007271777504495133 | 0.08785804668178392 ± 0.0003511779886968269 | 1.5701386668173276 ± 0.02117404512347304 | 3.5649550762431854 ± 0.09559335359792973 | 0.6390112552340164
0.99 | 1.01 | 0 | 60 | 0.3842588262320616 ± 0.0004099859033302818 | 0.08830896935106858 ± 0.0015561951406030741 | 1.5849489772272047 ± 0.011494355383476788 | 3.4753623443109913 ± 0.057390546350021825 | 0.6223347796878375
0.99 | 1.01 | 0 | 65 | 0.3842588262320616 ± 0.0004099859033302818 | 0.08830896935106858 ± 0.0015561951406030741 | 1.5849489772272047 ± 0.011494355383476788 | 3.4753623443109913 ± 0.057390546350021825 | 0.6223347796878375
0.99 | 1.01 | 0 | 70 | 0.38421616126417446 ± 0.0009470153195130384 | 0.08830913241735776 ± 9.698586710448626e-05 | 1.5845238618641098 ± 0.042042898647200906 | 3.502517792741669 ± 0.18449659165608182 | 0.6060353194914251
0.99 | 1.01 | 0 | 75 | 0.38421616126417446 ± 0.0009470153195130384 | 0.08830913241735776 ± 9.698586710448626e-05 | 1.5845238618641098 ± 0.042042898647200906 | 3.502517792741669 ± 0.18449659165608182 | 0.6060353194914251
0.99 | 1.01 | 0 | 80 | 0.384218844389119 ± 0.00022328079019472776 | 0.08830925904258734 ± 0.0009072670616569467 | 1.584992964727143 ± 0.0068753712301086786 | 3.5023803838274468 ± 0.05109909259583071 | 0.604406290644416
0.99 | 1.01 | 0 | 85 | 0.384218844389119 ± 0.00022328079019472776 | 0.08830925904258734 ± 0.0009072670616569467 | 1.584992964727143 ± 0.0068753712301086786 | 3.5023803838274468 ± 0.05109909259583071 | 0.604406290644416
0.99 | 1.01 | 1 | 60 | 0.38425882617279034 ± 0.0004099448606101457 | 0.08830896936209187 ± 0.0015572368660899255 | 1.5849489893694761 ± 0.011493749400003025 | 3.475362609544115 ± 0.0574019410855689 | 0.6223343592388937
0.99 | 1.01 | 1 | 65 | 0.38425882617279034 ± 0.0004099448606101457 | 0.08830896936209187 ± 0.0015572368660899255 | 1.5849489893694761 ± 0.011493749400003025 | 3.475362609544115 ± 0.0574019410855689 | 0.6223343592388937
0.99 | 1.01 | 1 | 70 | 0.38425882617279034 ± 0.0004099448606101457 | 0.08830896936209187 ± 0.0015572368660899255 | 1.5849489893694761 ± 0.011493749400003025 | 3.475362609544115 ± 0.0574019410855689 | 0.6223343592388937
0.99 | 1.01 | 1 | 75 | 0.384216161182932 ± 0.0009470121924446423 | 0.08830913242364419 ± 9.698819995569014e-05 | 1.5845238691997698 ± 0.0420427558731662 | 3.502517849483366 ± 0.1844959590026408 | 0.606035266164547
0.99 | 1.01 | 1 | 80 | 0.384216161182932 ± 0.0009470121924446423 | 0.08830913242364419 ± 9.698819995569014e-05 | 1.5845238691997698 ± 0.0420427558731662 | 3.502517849483366 ± 0.1844959590026408 | 0.606035266164547
0.99 | 1.01 | 1 | 85 | 0.38421884438278725 ± 0.00022328072882061854 | 0.08830925904707437 ± 0.0009072682269054486 | 1.584992975369195 ± 0.006875369237365634 | 3.5023802795241212 ± 0.05109907857946731 | 0.6044062666581663
0.99 | 1.01 | 1 | 90 | 0.38421884438278725 ± 0.00022328072882061854 | 0.08830925904707437 ± 0.0009072682269054486 | 1.584992975369195 ± 0.006875369237365634 | 3.5023802795241212 ± 0.05109907857946731 | 0.6044062666581663
1 | 1 | 0 | 60 | 0.38559523069120527 ± 0.0009792024897485143 | 0.0892 ± 0.000892 | 1.6125899095849878 ± 0.04298965657823214 | 3.390139385162494 ± 0.18957248846482044 | 0.5534612470520018
1 | 1 | 0 | 65 | 0.38561573941181004 ± 0.0009372382761888216 | 0.0892 ± 0.000892 | 1.6131737351841524 ± 0.04102067830312149 | 3.3801937351443985 ± 0.18039866954731704 | 0.5491878877696699
1 | 1 | 0 | 70 | 0.38561573941181004 ± 0.0009372382761888216 | 0.0892 ± 0.000892 | 1.6131737351841524 ± 0.04102067830312149 | 3.3801937351443985 ± 0.18039866954731704 | 0.5491878877696699
1 | 1 | 0 | 75 | 0.38483213166740393 ± 0.0008581327408199248 | 0.0892 ± 0.000892 | 1.6467721261533368 ± 0.0371126369858634 | 3.2685255841479908 ± 0.1631492727393486 | 0.4989286610561895
1 | 1 | 0 | 80 | 0.38483213166740393 ± 0.0008581327408199248 | 0.0892 ± 0.000892 | 1.6467721261533368 ± 0.0371126369858634 | 3.2685255841479908 ± 0.1631492727393486 | 0.4989286610561895
1 | 1 | 1 | 60 | 0.38559523056869016 ± 0.0009791941172389799 | 0.0892 ± 0.000892 | 1.6125899142389748 ± 0.04298928741815927 | 3.3901393716053683 ± 0.18957090656752332 | 0.553461236181023
1 | 1 | 1 | 65 | 0.38559523056869016 ± 0.0009791941172389799 | 0.0892 ± 0.000892 | 1.6125899142389748 ± 0.04298928741815927 | 3.3901393716053683 ± 0.18957090656752332 | 0.553461236181023
1 | 1 | 1 | 70 | 0.3856157393010337 ± 0.0009372372417972663 | 0.0892 ± 0.000892 | 1.6131737400202286 ± 0.04102062948767405 | 3.3801937134332096 ± 0.18039842762282193 | 0.5491878730751286
1 | 1 | 1 | 75 | 0.38483213769981406 ± 0.000858104744271653 | 0.0892 ± 0.000892 | 1.6467718666293205 ± 0.03711141743890871 | 3.2685266218424736 ± 0.16314404387603063 | 0.4989290293321789
1 | 1 | 1 | 80 | 0.38483213769981406 ± 0.000858104744271653 | 0.0892 ± 0.000892 | 1.6467718666293205 ± 0.03711141743890871 | 3.2685266218424736 ± 0.16314404387603063 | 0.4989290293321789
1 | 1 | 1 | 85 | 0.38483213769981406 ± 0.000858104744271653 | 0.0892 ± 0.000892 | 1.6467718666293205 ± 0.03711141743890871 | 3.2685266218424736 ± 0.16314404387603063 | 0.4989290293321789
