           1   9.5608757028653957E-002  0.88404385650352202       0.91910947721025094        1.0000005401747951        3.8277928313091567     
           2   9.5608757028653957E-002  0.88404385650352202       0.91910947721025094        1.0000005401747951        8.7039547274813156     
           3   9.5608757028653957E-002  0.88404385650352202       0.91910947721025094        1.0000005401747951        13.047517682233458     
           4   9.5608757028653957E-002  0.88404385650352202       0.91910947721025094        1.0000005401747951        16.445781582364660     
           5   9.5608757028653957E-002  0.88404385650352202       0.91910947721025094        1.0000005401747951        19.479636627546416     
           6   9.5608757028653957E-002  0.88404385650352202       0.91910947721025094        1.0000005401747951        21.863700935313421     
           7   9.5608757028653957E-002  0.88404385650352202       0.91910947721025094        1.0000005401747951        22.979041390994226     
           8   9.5608757028653957E-002  0.88404385650352202       0.91910947721025094        1.0000005401747951        23.448839975290444     
           9   9.5608757028653957E-002  0.88404385650352202       0.91910947721025094        1.0000005401747951        23.534029419853809     
          10   9.5608757028653957E-002  0.88404385650352202       0.91910947721025094        1.0000005401747951        23.542537869611266     
          11   9.5608757028653957E-002  0.88404385650352202       0.91910947721025094        1.0000005401747951        23.669732812291215     
          12   9.5608757028653957E-002  0.88404385650352202       0.91910947721025094        1.0000005401747951        24.238091873741297     
          13   9.5608757028653957E-002  0.88404385650352202       0.91910947721025094        1.0000005401747951        24.934370095558734     
          14   9.5608757028653957E-002  0.88404385650352202       0.91910947721025094        1.0000005401747951        25.387938092263358     
          15   9.5608757028653957E-002  0.88404385650352202       0.91910947721025094        1.0000005401747951        26.299396244777267     
          16   9.5608757028653957E-002  0.88404385650352202       0.91910947721025094        1.0000005401747951        28.030561508289942     
          17   9.5608757028653957E-002  0.88404385650352202       0.91910947721025094        1.0000005401747951        29.710644410604704     
          18   9.5608757028653957E-002  0.88404385650352202       0.91910947721025094        1.0000005401747951        31.601430490056728     
          19   9.5608757028653957E-002  0.88404385650352202       0.91910947721025094        1.0000005401747951        33.902389447871329     
          20   9.5608757028653957E-002  0.88404385650352202       0.91910947721025094        1.0000005401747951        35.221909200555316     
          21   9.5608757028653957E-002  0.88404385650352202       0.91910947721025094        1.0000005401747951        35.914649927080148     
          22   9.5608757028653957E-002  0.88404385650352202       0.91910947721025094        1.0000005401747951        36.111830378296979     
          23   9.5608757028653957E-002  0.88404385650352202       0.91910947721025094        1.0000005401747951        36.121511714052765     
          24   9.5608757028653957E-002  0.88404385650352202       0.91910947721025094        1.0000005401747951        36.283063505991031     
          25   9.5608757028653957E-002  0.88404385650352202       0.91910947721025094        1.0000005401747951        36.951504524419590     
          26   9.5608757028653957E-002  0.88404385650352202       0.91910947721025094        1.0000005401747951        39.085962944151397     
          27   9.5608757028653957E-002  0.88404385650352202       0.91910947721025094        1.0000005401747951        42.636185917807850     
          28   9.5608757028653957E-002  0.88404385650352202       0.91910947721025094        1.0000005401747951        47.944276798613167     
          29   9.5608757028653957E-002  0.88404385650352202       0.91910947721025094        1.0000005401747951        55.948673876532737     
          30   9.5608757028653957E-002  0.88404385650352202       0.91910947721025094        1.0000005401747951        56.459558751530544     
          31   9.5608757028653957E-002  0.88404385650352202       0.91910947721025094        1.0000005401747951        59.075887069159975     
          32   9.5608757028653957E-002  0.88404385650352202       0.91910947721025094        1.0000005401747951        63.655827885978439     
          33   9.5608757028653957E-002  0.88404385650352202       0.91910947721025094        1.0000005401747951        69.685510675809297     
          34   9.5608757028653957E-002  0.88404385650352202       0.91910947721025094        1.0000005401747951        73.574101137069377     
          35   9.5608757028653957E-002  0.88404385650352202       0.91910947721025094        1.0000005401747951        76.017545264782839     
          36   9.5608757028653957E-002  0.88404385650352202       0.91910947721025094        1.0000005401747951        77.021496828304834     
          37   9.5608757028653957E-002  0.88404385650352202       0.91910947721025094        1.0000005401747951        77.200913542148058     
          38   9.5608757028653957E-002  0.88404385650352202       0.91910947721025094        1.0000005401747951        77.205157730481858     
          39   9.5608757028653957E-002  0.88404385650352202       0.91910947721025094        1.0000005401747951        77.706477271573249     
          40   9.5608757028653957E-002  0.88404385650352202       0.91910947721025094        1.0000005401747951        79.344143311335273     
          41   9.5608757028653957E-002  0.88404385650352202       0.91910947721025094        1.0000005401747951        83.056873210528082     
          42   9.5608757028653957E-002  0.88404385650352202       0.91910947721025094        1.0000005401747951        89.024793433665707     
          43   9.5608757028653957E-002  0.88404385650352202       0.91910947721025094        1.0000005401747951        95.392959437452376     
          44   9.5608757028653957E-002  0.88404385650352202       0.91910947721025094        1.0000005401747951        102.73180431097647     
          45   9.5608757028653957E-002  0.88404385650352202       0.91910947721025094        1.0000005401747951        109.77415549155396     
          46   9.5608757028653957E-002  0.88404385650352202       0.91910947721025094        1.0000005401747951        117.17980632279688     
          47   9.5608757028653957E-002  0.88404385650352202       0.91910947721025094        1.0000005401747951        124.59440491904861     
          48   9.5608757028653957E-002  0.88404385650352202       0.91910947721025094        1.0000005401747951        130.31620061209046     
          49   9.5608757028653957E-002  0.88404385650352202       0.91910947721025094        1.0000005401747951        134.87149455656504     
          50   9.5608757028653957E-002  0.88404385650352202       0.91910947721025094        1.0000005401747951        138.83284087868043     
          51   9.5608757028653957E-002  0.88404385650352202       0.91910947721025094        1.0000005401747951        140.79354680654592     
          52   9.5608757028653957E-002  0.88404385650352202       0.91910947721025094        1.0000005401747951        141.28461924280316     
          53   9.5608757028653957E-002  0.88404385650352202       0.91910947721025094        1.0000005401747951        141.29296251154773     
          54   9.5608757028653957E-002  0.88404385650352202       0.91910947721025094        1.0000005401747951        142.10675737684934     
          55   9.5608757028653957E-002  0.88404385650352202       0.91910947721025094        1.0000005401747951        144.60535147123966     
          56   9.5608757028653957E-002  0.88404385650352202       0.91910947721025094        1.0000005401747951        149.16209121620966     
          57   9.5608757028653957E-002  0.88404385650352202       0.91910947721025094        1.0000005401747951        157.07190620625101     
          58   9.5608757028653957E-002  0.88404385650352202       0.91910947721025094        1.0000005401747951        171.33648685347484     
          59   9.5608757028653957E-002  0.88404385650352202       0.91910947721025094        1.0000005401747951        183.46907344693977     
          60   9.5608757028653957E-002  0.88404385650352202       0.91910947721025094        1.0000005401747951        195.11387787612793     
          61   9.5608757028653957E-002  0.88404385650352202       0.91910947721025094        1.0000005401747951        205.83618916054311     
          62   9.5608757028653957E-002  0.88404385650352202       0.91910947721025094        1.0000005401747951        214.74708074774458     
          63   9.5608757028653957E-002  0.88404385650352202       0.91910947721025094        1.0000005401747951        222.30672602476216     
          64   9.5608757028653957E-002  0.88404385650352202       0.91910947721025094        1.0000005401747951        229.24351300034104     
          65   9.5608757028653957E-002  0.88404385650352202       0.91910947721025094        1.0000005401747951        236.29349019821197     
          66   9.5608757028653957E-002  0.88404385650352202       0.91910947721025094        1.0000005401747951        242.82114612977344     
          67   9.5608757028653957E-002  0.88404385650352202       0.91910947721025094        1.0000005401747951        248.60073337032000     
          68   9.5608757028653957E-002  0.88404385650352202       0.91910947721025094        1.0000005401747951        253.46108055506357     
          69   9.5608757028653957E-002  0.88404385650352202       0.91910947721025094        1.0000005401747951        256.72958875858114     
          70   9.5608757028653957E-002  0.88404385650352202       0.91910947721025094        1.0000005401747951        259.34305230841289     
          71   9.5608757028653957E-002  0.88404385650352202       0.91910947721025094        1.0000005401747951        261.69050436752906     
          72   9.5608757028653957E-002  0.88404385650352202       0.91910947721025094        1.0000005401747951        263.10815646454449     
          73   9.5608757028653957E-002  0.88404385650352202       0.91910947721025094        1.0000005401747951        264.06607308610114     
          74   9.5608757028653957E-002  0.88404385650352202       0.91910947721025094        1.0000005401747951        264.56700815731938     
          75   9.5608757028653957E-002  0.88404385650352202       0.91910947721025094        1.0000005401747951        264.81890035312551     
          76   9.5608757028653957E-002  0.88404385650352202       0.91910947721025094        1.0000005401747951        264.91727777068513     
          77   9.5608757028653957E-002  0.88404385650352202       0.91910947721025094        1.0000005401747951        264.92325318125614     
          78   9.5608757028653957E-002  0.88404385650352202       0.91910947721025094        1.0000005401747951        264.93130626423527     
          79   9.5608757028653957E-002  0.88404385650352202       0.91910947721025094        1.0000005401747951        265.17131107377537     
          80   9.5608757028653957E-002  0.88404385650352202       0.91910947721025094        1.0000005401747951        265.34772943393006     
          81   9.5608757028653957E-002  0.88404385650352202       0.91910947721025094        1.0000005401747951        265.84943038027797     
          82   9.5608757028653957E-002  0.88404385650352202       0.91910947721025094        1.0000005401747951        266.79380711578227     
          83   9.5608757028653957E-002  0.88404385650352202       0.91910947721025094        1.0000005401747951        267.92877148834680     
          84   9.5608757028653957E-002  0.88404385650352202       0.91910947721025094        1.0000005401747951        269.60898200149802     
          85   9.5608757028653957E-002  0.88404385650352202       0.91910947721025094        1.0000005401747951        271.81390926739715     
          86   9.5608757028653957E-002  0.88404385650352202       0.91910947721025094        1.0000005401747951        274.83952388321620     
          87   9.5608757028653957E-002  0.88404385650352202       0.91910947721025094        1.0000005401747951        277.62911035750301     
          88   9.5608757028653957E-002  0.88404385650352202       0.91910947721025094        1.0000005401747951        281.23590441644126     
          89   9.5608757028653957E-002  0.88404385650352202       0.91910947721025094        1.0000005401747951        285.04837446411591     
          90   9.5608757028653957E-002  0.88404385650352202       0.91910947721025094        1.0000005401747951        289.63014573724263     
          91   9.5608757028653957E-002  0.88404385650352202       0.91910947721025094        1.0000005401747951        295.25017758776687     
          92   9.5608757028653957E-002  0.88404385650352202       0.91910947721025094        1.0000005401747951        299.24248364000272     
          93   9.5608757028653957E-002  0.88404385650352202       0.91910947721025094        1.0000005401747951        303.22212751051200     
          94   9.5608757028653957E-002  0.88404385650352202       0.91910947721025094        1.0000005401747951        306.85525586518202     
          95   9.5608757028653957E-002  0.88404385650352202       0.91910947721025094        1.0000005401747951        311.14958642821881     
          96   9.5608757028653957E-002  0.88404385650352202       0.91910947721025094        1.0000005401747951        315.80247657207548     
          97   9.5608757028653957E-002  0.88404385650352202       0.91910947721025094        1.0000005401747951        318.87410132240933     
          98   9.5608757028653957E-002  0.88404385650352202       0.91910947721025094        1.0000005401747951        321.36873600006390     
          99   9.5608757028653957E-002  0.88404385650352202       0.91910947721025094        1.0000005401747951        323.84130273513210     
         100   9.5608757028653957E-002  0.88404385650352202       0.91910947721025094        1.0000005401747951        324.95863391368147     
         101   9.5608757028653957E-002  0.88404385650352202       0.91910947721025094        1.0000005401747951        325.55578081326928     
         102   9.5608757028653957E-002  0.88404385650352202       0.91910947721025094        1.0000005401747951        325.69297642200905     
         103   9.5608757028653957E-002  0.88404385650352202       0.91910947721025094        1.0000005401747951        325.69449196983948     
         104   9.5608757028653957E-002  0.88404385650352202       0.91910947721025094        1.0000005401747951        325.96469040627096     
         105   9.5608757028653957E-002  0.88404385650352202       0.91910947721025094        1.0000005401747951        327.18502678460288     
         106   9.5608757028653957E-002  0.88404385650352202       0.91910947721025094        1.0000005401747951        329.51528565267887     
         107   9.5608757028653957E-002  0.88404385650352202       0.91910947721025094        1.0000005401747951        334.24137668398805     
         108   9.5608757028653957E-002  0.88404385650352202       0.91910947721025094        1.0000005401747951        345.10473597492478     
         109   9.5608757028653957E-002  0.88404385650352202       0.91910947721025094        1.0000005401747951        361.87454198126295     
         110   9.5608757028653957E-002  0.88404385650352202       0.91910947721025094        1.0000005401747951        391.06124662488315     
         111   9.5608757028653957E-002  0.88404385650352202       0.91910947721025094        1.0000005401747951        434.61306259037087     
         112   9.5608757028653957E-002  0.88404385650352202       0.91910947721025094        1.0000005401747951        496.04601025908511              
           
           1   9.5608757028653957E-002  0.88404385650352202       0.91900659052711386        1.0000000000827103        3.8295258460546875     
           2   9.5608757028653957E-002  0.88404385650352202       0.91900659052711386        1.0000000000827103        8.7082049586369283     
           3   9.5608757028653957E-002  0.88404385650352202       0.91900659052711386        1.0000000000827103        13.054287796608058     
           4   9.5608757028653957E-002  0.88404385650352202       0.91900659052711386        1.0000000000827103        16.454678939864767     
           5   9.5608757028653957E-002  0.88404385650352202       0.91900659052711386        1.0000000000827103        19.490494107283098     
           6   9.5608757028653957E-002  0.88404385650352202       0.91900659052711386        1.0000000000827103        21.876156433045715     
           7   9.5608757028653957E-002  0.88404385650352202       0.91900659052711386        1.0000000000827103        22.992474996202741     
           8   9.5608757028653957E-002  0.88404385650352202       0.91900659052711386        1.0000000000827103        23.462823699406663     
           9   9.5608757028653957E-002  0.88404385650352202       0.91900659052711386        1.0000000000827103        23.548199308120985     
          10   9.5608757028653957E-002  0.88404385650352202       0.91900659052711386        1.0000000000827103        23.556665261067007     
          11   9.5608757028653957E-002  0.88404385650352202       0.91900659052711386        1.0000000000827103        23.683766261940985     
          12   9.5608757028653957E-002  0.88404385650352202       0.91900659052711386        1.0000000000827103        24.252096495838572     
          13   9.5608757028653957E-002  0.88404385650352202       0.91900659052711386        1.0000000000827103        24.948522996795461     
          14   9.5608757028653957E-002  0.88404385650352202       0.91900659052711386        1.0000000000827103        25.402316294099386     
          15   9.5608757028653957E-002  0.88404385650352202       0.91900659052711386        1.0000000000827103        26.314273290763698     
          16   9.5608757028653957E-002  0.88404385650352202       0.91900659052711386        1.0000000000827103        28.046473155369956     
          17   9.5608757028653957E-002  0.88404385650352202       0.91900659052711386        1.0000000000827103        29.727830148082631     
          18   9.5608757028653957E-002  0.88404385650352202       0.91900659052711386        1.0000000000827103        31.620243933866231     
          19   9.5608757028653957E-002  0.88404385650352202       0.91900659052711386        1.0000000000827103        33.923408063859320     
          20   9.5608757028653957E-002  0.88404385650352202       0.91900659052711386        1.0000000000827103        35.244780981539954     
          21   9.5608757028653957E-002  0.88404385650352202       0.91900659052711386        1.0000000000827103        35.938992879549133     
          22   9.5608757028653957E-002  0.88404385650352202       0.91900659052711386        1.0000000000827103        36.137024102237262     
          23   9.5608757028653957E-002  0.88404385650352202       0.91900659052711386        1.0000000000827103        36.146909943775945     
          24   9.5608757028653957E-002  0.88404385650352202       0.91900659052711386        1.0000000000827103        36.307632600437678     
          25   9.5608757028653957E-002  0.88404385650352202       0.91900659052711386        1.0000000000827103        36.974260785633753     
          26   9.5608757028653957E-002  0.88404385650352202       0.91900659052711386        1.0000000000827103        39.105208510548096     
          27   9.5608757028653957E-002  0.88404385650352202       0.91900659052711386        1.0000000000827103        42.651140814350128     
          28   9.5608757028653957E-002  0.88404385650352202       0.91900659052711386        1.0000000000827103        47.954388916422467     
          29   9.5608757028653957E-002  0.88404385650352202       0.91900659052711386        1.0000000000827103        55.952953682048275     
          30   9.5608757028653957E-002  0.88404385650352202       0.91900659052711386        1.0000000000827103        56.464211403905416     
          31   9.5608757028653957E-002  0.88404385650352202       0.91900659052711386        1.0000000000827103        59.082424004605031     
          32   9.5608757028653957E-002  0.88404385650352202       0.91900659052711386        1.0000000000827103        63.665630413776199     
          33   9.5608757028653957E-002  0.88404385650352202       0.91900659052711386        1.0000000000827103        69.699737817849254     
          34   9.5608757028653957E-002  0.88404385650352202       0.91900659052711386        1.0000000000827103        73.591731866787882     
          35   9.5608757028653957E-002  0.88404385650352202       0.91900659052711386        1.0000000000827103        76.037731596712248     
          36   9.5608757028653957E-002  0.88404385650352202       0.91900659052711386        1.0000000000827103        77.043139053183282     
          37   9.5608757028653957E-002  0.88404385650352202       0.91900659052711386        1.0000000000827103        77.223084671274819     
          38   9.5608757028653957E-002  0.88404385650352202       0.91900659052711386        1.0000000000827103        77.227262906292097     
          39   9.5608757028653957E-002  0.88404385650352202       0.91900659052711386        1.0000000000827103        77.728078132092264     
          40   9.5608757028653957E-002  0.88404385650352202       0.91900659052711386        1.0000000000827103        79.365235117899189     
          41   9.5608757028653957E-002  0.88404385650352202       0.91900659052711386        1.0000000000827103        83.077869588794826     
          42   9.5608757028653957E-002  0.88404385650352202       0.91900659052711386        1.0000000000827103        89.046579161812318     
          43   9.5608757028653957E-002  0.88404385650352202       0.91900659052711386        1.0000000000827103        95.416467865772418     
          44   9.5608757028653957E-002  0.88404385650352202       0.91900659052711386        1.0000000000827103        102.75817393817272     
          45   9.5608757028653957E-002  0.88404385650352202       0.91900659052711386        1.0000000000827103        109.80397067063568     
          46   9.5608757028653957E-002  0.88404385650352202       0.91900659052711386        1.0000000000827103        117.21431526703371     
          47   9.5608757028653957E-002  0.88404385650352202       0.91900659052711386        1.0000000000827103        124.63428585012863     
          48   9.5608757028653957E-002  0.88404385650352202       0.91900659052711386        1.0000000000827103        130.36129817224869     
          49   9.5608757028653957E-002  0.88404385650352202       0.91900659052711386        1.0000000000827103        134.92161052736995     
          50   9.5608757028653957E-002  0.88404385650352202       0.91900659052711386        1.0000000000827103        138.88865863058612     
          51   9.5608757028653957E-002  0.88404385650352202       0.91900659052711386        1.0000000000827103        140.85367487896315     
          52   9.5608757028653957E-002  0.88404385650352202       0.91900659052711386        1.0000000000827103        141.34695672667382     
          53   9.5608757028653957E-002  0.88404385650352202       0.91900659052711386        1.0000000000827103        141.35560074739277     
          54   9.5608757028653957E-002  0.88404385650352202       0.91900659052711386        1.0000000000827103        142.16640696565483     
          55   9.5608757028653957E-002  0.88404385650352202       0.91900659052711386        1.0000000000827103        144.65990881982853     
          56   9.5608757028653957E-002  0.88404385650352202       0.91900659052711386        1.0000000000827103        149.21058327111712     
          57   9.5608757028653957E-002  0.88404385650352202       0.91900659052711386        1.0000000000827103        157.11229216597428     
          58   9.5608757028653957E-002  0.88404385650352202       0.91900659052711386        1.0000000000827103        171.36563461268233     
          59   9.5608757028653957E-002  0.88404385650352202       0.91900659052711386        1.0000000000827103        183.50518480953471     
          60   9.5608757028653957E-002  0.88404385650352202       0.91900659052711386        1.0000000000827103        195.15666617873711     
          61   9.5608757028653957E-002  0.88404385650352202       0.91900659052711386        1.0000000000827103        205.88522521008679     
          62   9.5608757028653957E-002  0.88404385650352202       0.91900659052711386        1.0000000000827103        214.80170724449664     
          63   9.5608757028653957E-002  0.88404385650352202       0.91900659052711386        1.0000000000827103        222.36639104126957     
          64   9.5608757028653957E-002  0.88404385650352202       0.91900659052711386        1.0000000000827103        229.30783399543239     
          65   9.5608757028653957E-002  0.88404385650352202       0.91900659052711386        1.0000000000827103        236.36237186495649     
          66   9.5608757028653957E-002  0.88404385650352202       0.91900659052711386        1.0000000000827103        242.89422710274070     
          67   9.5608757028653957E-002  0.88404385650352202       0.91900659052711386        1.0000000000827103        248.67762116987268     
          68   9.5608757028653957E-002  0.88404385650352202       0.91900659052711386        1.0000000000827103        253.54131548138861     
          69   9.5608757028653957E-002  0.88404385650352202       0.91900659052711386        1.0000000000827103        256.81247427705125     
          70   9.5608757028653957E-002  0.88404385650352202       0.91900659052711386        1.0000000000827103        259.42818722374801     
          71   9.5608757028653957E-002  0.88404385650352202       0.91900659052711386        1.0000000000827103        261.77765028170461     
          72   9.5608757028653957E-002  0.88404385650352202       0.91900659052711386        1.0000000000827103        263.19676567934312     
          73   9.5608757028653957E-002  0.88404385650352202       0.91900659052711386        1.0000000000827103        264.15579882395690     
          74   9.5608757028653957E-002  0.88404385650352202       0.91900659052711386        1.0000000000827103        264.65747655948184     
          75   9.5608757028653957E-002  0.88404385650352202       0.91900659052711386        1.0000000000827103        264.90984686799004     
          76   9.5608757028653957E-002  0.88404385650352202       0.91900659052711386        1.0000000000827103        265.00849152148089     
          77   9.5608757028653957E-002  0.88404385650352202       0.91900659052711386        1.0000000000827103        265.01452473557549     
          78   9.5608757028653957E-002  0.88404385650352202       0.91900659052711386        1.0000000000827103        265.02252088232950     
          79   9.5608757028653957E-002  0.88404385650352202       0.91900659052711386        1.0000000000827103        265.26227076091260     
          80   9.5608757028653957E-002  0.88404385650352202       0.91900659052711386        1.0000000000827103        265.43852129820590     
          81   9.5608757028653957E-002  0.88404385650352202       0.91900659052711386        1.0000000000827103        265.94002902741164     
          82   9.5608757028653957E-002  0.88404385650352202       0.91900659052711386        1.0000000000827103        266.88427352747505     
          83   9.5608757028653957E-002  0.88404385650352202       0.91900659052711386        1.0000000000827103        268.01924310674684     
          84   9.5608757028653957E-002  0.88404385650352202       0.91900659052711386        1.0000000000827103        269.69964991488695     
          85   9.5608757028653957E-002  0.88404385650352202       0.91900659052711386        1.0000000000827103        271.90502887534797     
          86   9.5608757028653957E-002  0.88404385650352202       0.91900659052711386        1.0000000000827103        274.93144997881916     
          87   9.5608757028653957E-002  0.88404385650352202       0.91900659052711386        1.0000000000827103        277.72208148450693     
          88   9.5608757028653957E-002  0.88404385650352202       0.91900659052711386        1.0000000000827103        281.33038941066366     
          89   9.5608757028653957E-002  0.88404385650352202       0.91900659052711386        1.0000000000827103        285.14474829343391     
          90   9.5608757028653957E-002  0.88404385650352202       0.91900659052711386        1.0000000000827103        289.72897990634641     
          91   9.5608757028653957E-002  0.88404385650352202       0.91900659052711386        1.0000000000827103        295.35218238955849     
          92   9.5608757028653957E-002  0.88404385650352202       0.91900659052711386        1.0000000000827103        299.34750455785911     
          93   9.5608757028653957E-002  0.88404385650352202       0.91900659052711386        1.0000000000827103        303.33052922535370     
          94   9.5608757028653957E-002  0.88404385650352202       0.91900659052711386        1.0000000000827103        306.96724101063438     
          95   9.5608757028653957E-002  0.88404385650352202       0.91900659052711386        1.0000000000827103        311.26589876963669     
          96   9.5608757028653957E-002  0.88404385650352202       0.91900659052711386        1.0000000000827103        315.92372087242444     
          97   9.5608757028653957E-002  0.88404385650352202       0.91900659052711386        1.0000000000827103        318.99966728703237     
          98   9.5608757028653957E-002  0.88404385650352202       0.91900659052711386        1.0000000000827103        321.49849564634280     
          99   9.5608757028653957E-002  0.88404385650352202       0.91900659052711386        1.0000000000827103        323.97552186798663     
         100   9.5608757028653957E-002  0.88404385650352202       0.91900659052711386        1.0000000000827103        325.09605327226245     
         101   9.5608757028653957E-002  0.88404385650352202       0.91900659052711386        1.0000000000827103        325.69567853322548     
         102   9.5608757028653957E-002  0.88404385650352202       0.91900659052711386        1.0000000000827103        325.83413479168405     
         103   9.5608757028653957E-002  0.88404385650352202       0.91900659052711386        1.0000000000827103        325.83551467090143     
         104   9.5608757028653957E-002  0.88404385650352202       0.91900659052711386        1.0000000000827103        326.10380242447661     
         105   9.5608757028653957E-002  0.88404385650352202       0.91900659052711386        1.0000000000827103        327.31993349637372     
         106   9.5608757028653957E-002  0.88404385650352202       0.91900659052711386        1.0000000000827103        329.64410594797431     
         107   9.5608757028653957E-002  0.88404385650352202       0.91900659052711386        1.0000000000827103        334.36120990397671     
         108   9.5608757028653957E-002  0.88404385650352202       0.91900659052711386        1.0000000000827103        345.21036303468452     
         109   9.5608757028653957E-002  0.88404385650352202       0.91900659052711386        1.0000000000827103        361.96203229624342     
         110   9.5608757028653957E-002  0.88404385650352202       0.91900659052711386        1.0000000000827103        391.12462453179126     
         111   9.5608757028653957E-002  0.88404385650352202       0.91900659052711386        1.0000000000827103        434.64725272661843     
         112   9.5608757028653957E-002  0.88404385650352202       0.91900659052711386        1.0000000000827103        496.04576193299226     
Note: The following floating-point exceptions are signalling: IEEE_UNDERFLOW_FLAG IEEE_DENORMAL

