Otimização para pl em TOTEM - Limites: eps_0_mg_1_a1_0_a2_0
Configuração: down | up | strategy | tol | migrad | mg ± error | eps ± error | a1 ± error | a2 ± error | χ²/ndof
======================================================================================================================================================
0.95 | 1.05 | 0 | 1e-02 | 500 | 0.457661 ± 0.006905 | 0.092724 ± 0.002122 | 1.759021 ± 0.011419 | 1.785000 ± 0.105699 | 0.743877
0.95 | 1.05 | 0 | 1e-02 | 600 | 0.457661 ± 0.006905 | 0.092724 ± 0.002122 | 1.759021 ± 0.011419 | 1.785000 ± 0.105699 | 0.743877
0.95 | 1.05 | 0 | 1e-02 | 700 | 0.457661 ± 0.006905 | 0.092724 ± 0.002122 | 1.759021 ± 0.011419 | 1.785000 ± 0.105699 | 0.743877
0.95 | 1.05 | 0 | 1e-02 | 800 | 0.457661 ± 0.006905 | 0.092724 ± 0.002122 | 1.759021 ± 0.011419 | 1.785000 ± 0.105699 | 0.743877
0.95 | 1.05 | 2 | 5e+00 | 300 | 0.456077 ± 0.003955 | 0.092164 ± 0.001355 | 1.756889 ± 0.008784 | 1.785000 ± 0.105554 | 0.744606
0.95 | 1.05 | 2 | 1e+00 | 300 | 0.457071 ± 0.004289 | 0.092515 ± 0.001446 | 1.758214 ± 0.009002 | 1.785000 ± 0.105843 | 0.743994
0.95 | 1.05 | 2 | 1e-01 | 300 | 0.457561 ± 0.005828 | 0.092689 ± 0.001870 | 1.758905 ± 0.010349 | 1.785000 ± 0.105816 | 0.743883
0.95 | 1.05 | 2 | 5e+00 | 400 | 0.456077 ± 0.003955 | 0.092164 ± 0.001355 | 1.756889 ± 0.008784 | 1.785000 ± 0.105554 | 0.744606
0.95 | 1.05 | 2 | 1e+00 | 400 | 0.457071 ± 0.004289 | 0.092515 ± 0.001446 | 1.758214 ± 0.009002 | 1.785000 ± 0.105843 | 0.743994
0.95 | 1.05 | 2 | 1e-01 | 400 | 0.457561 ± 0.006141 | 0.092689 ± 0.001950 | 1.758905 ± 0.010676 | 1.785000 ± 0.105816 | 0.743883
0.95 | 1.05 | 2 | 1e-02 | 400 | 0.457683 ± 0.007310 | 0.092732 ± 0.002206 | 1.759055 ± 0.011841 | 1.785000 ± 0.105603 | 0.743877
0.95 | 1.05 | 2 | 5e+00 | 500 | 0.456077 ± 0.003955 | 0.092164 ± 0.001355 | 1.756889 ± 0.008784 | 1.785000 ± 0.105554 | 0.744606
0.95 | 1.05 | 2 | 1e+00 | 500 | 0.457071 ± 0.004289 | 0.092515 ± 0.001446 | 1.758214 ± 0.009002 | 1.785000 ± 0.105843 | 0.743994
0.95 | 1.05 | 2 | 1e-01 | 500 | 0.457561 ± 0.006141 | 0.092689 ± 0.001950 | 1.758905 ± 0.010676 | 1.785000 ± 0.105816 | 0.743883
0.95 | 1.05 | 2 | 1e-02 | 500 | 0.457683 ± 0.008107 | 0.092732 ± 0.006524 | 1.759055 ± 0.012723 | 1.785000 ± 0.105602 | 0.743877
0.95 | 1.05 | 2 | 5e+00 | 600 | 0.456077 ± 0.003955 | 0.092164 ± 0.001355 | 1.756889 ± 0.008784 | 1.785000 ± 0.105554 | 0.744606
0.95 | 1.05 | 2 | 1e+00 | 600 | 0.457071 ± 0.004289 | 0.092515 ± 0.001446 | 1.758214 ± 0.009002 | 1.785000 ± 0.105843 | 0.743994
0.95 | 1.05 | 2 | 1e-01 | 600 | 0.457561 ± 0.006141 | 0.092689 ± 0.001950 | 1.758905 ± 0.010676 | 1.785000 ± 0.105816 | 0.743883
0.95 | 1.05 | 2 | 1e-02 | 600 | 0.457683 ± 0.008107 | 0.092732 ± 0.006524 | 1.759055 ± 0.012723 | 1.785000 ± 0.105602 | 0.743877
0.95 | 1.05 | 2 | 5e+00 | 700 | 0.456077 ± 0.003955 | 0.092164 ± 0.001355 | 1.756889 ± 0.008784 | 1.785000 ± 0.105554 | 0.744606
0.95 | 1.05 | 2 | 1e+00 | 700 | 0.457071 ± 0.004289 | 0.092515 ± 0.001446 | 1.758214 ± 0.009002 | 1.785000 ± 0.105843 | 0.743994
0.95 | 1.05 | 2 | 1e-01 | 700 | 0.457561 ± 0.006141 | 0.092689 ± 0.001950 | 1.758905 ± 0.010676 | 1.785000 ± 0.105816 | 0.743883
0.95 | 1.05 | 2 | 1e-02 | 700 | 0.457683 ± 0.008107 | 0.092732 ± 0.006524 | 1.759055 ± 0.012723 | 1.785000 ± 0.105602 | 0.743877
0.95 | 1.05 | 2 | 5e+00 | 800 | 0.456077 ± 0.003955 | 0.092164 ± 0.001355 | 1.756889 ± 0.008784 | 1.785000 ± 0.105554 | 0.744606
0.95 | 1.05 | 2 | 1e+00 | 800 | 0.457071 ± 0.004289 | 0.092515 ± 0.001446 | 1.758214 ± 0.009002 | 1.785000 ± 0.105843 | 0.743994
0.95 | 1.05 | 2 | 1e-01 | 800 | 0.457561 ± 0.006141 | 0.092689 ± 0.001950 | 1.758905 ± 0.010676 | 1.785000 ± 0.105816 | 0.743883
0.95 | 1.05 | 2 | 1e-02 | 800 | 0.457683 ± 0.008107 | 0.092732 ± 0.006524 | 1.759055 ± 0.012723 | 1.785000 ± 0.105602 | 0.743877
0.96 | 1.04 | 0 | 1e-02 | 300 | 0.454182 ± 0.004492 | 0.091516 ± 0.001438 | 1.756560 ± 0.014506 | 1.768000 ± 0.023304 | 0.758499
0.96 | 1.04 | 0 | 1e-02 | 400 | 0.454182 ± 0.004492 | 0.091516 ± 0.001438 | 1.756560 ± 0.014506 | 1.768000 ± 0.023304 | 0.758499
0.96 | 1.04 | 0 | 1e-02 | 500 | 0.454182 ± 0.004492 | 0.091516 ± 0.001438 | 1.756560 ± 0.014506 | 1.768000 ± 0.023304 | 0.758499
0.96 | 1.04 | 0 | 1e-02 | 600 | 0.454182 ± 0.004492 | 0.091516 ± 0.001438 | 1.756560 ± 0.014506 | 1.768000 ± 0.023304 | 0.758499
0.96 | 1.04 | 0 | 1e-02 | 700 | 0.454182 ± 0.004492 | 0.091516 ± 0.001438 | 1.756560 ± 0.014506 | 1.768000 ± 0.023304 | 0.758499
0.96 | 1.04 | 0 | 1e-02 | 800 | 0.454182 ± 0.004492 | 0.091516 ± 0.001438 | 1.756560 ± 0.014506 | 1.768000 ± 0.023304 | 0.758499
0.96 | 1.04 | 2 | 5e+00 | 300 | 0.453954 ± 0.003746 | 0.091438 ± 0.001227 | 1.756512 ± 0.025412 | 1.767999 ± 0.024884 | 0.758636
0.96 | 1.04 | 2 | 1e+00 | 300 | 0.454100 ± 0.004820 | 0.091489 ± 0.001532 | 1.756559 ± 0.014605 | 1.768000 ± 0.023736 | 0.758509
0.96 | 1.04 | 2 | 1e-01 | 300 | 0.454175 ± 0.004574 | 0.091514 ± 0.001461 | 1.756560 ± 0.014634 | 1.768000 ± 0.023348 | 0.758499
0.96 | 1.04 | 2 | 1e-02 | 300 | 0.454185 ± 0.004557 | 0.091517 ± 0.001456 | 1.756560 ± 0.014517 | 1.768000 ± 0.023289 | 0.758499
0.96 | 1.04 | 2 | 5e+00 | 400 | 0.453954 ± 0.003746 | 0.091438 ± 0.001227 | 1.756512 ± 0.025412 | 1.767999 ± 0.024884 | 0.758636
0.96 | 1.04 | 2 | 1e+00 | 400 | 0.454100 ± 0.004820 | 0.091489 ± 0.001532 | 1.756559 ± 0.014605 | 1.768000 ± 0.023736 | 0.758509
0.96 | 1.04 | 2 | 1e-01 | 400 | 0.454175 ± 0.004574 | 0.091514 ± 0.001461 | 1.756560 ± 0.014634 | 1.768000 ± 0.023348 | 0.758499
0.96 | 1.04 | 2 | 1e-02 | 400 | 0.454185 ± 0.004557 | 0.091517 ± 0.001456 | 1.756560 ± 0.014517 | 1.768000 ± 0.023289 | 0.758499
0.96 | 1.04 | 2 | 5e+00 | 500 | 0.453954 ± 0.003746 | 0.091438 ± 0.001227 | 1.756512 ± 0.025412 | 1.767999 ± 0.024884 | 0.758636
0.96 | 1.04 | 2 | 1e+00 | 500 | 0.454100 ± 0.004820 | 0.091489 ± 0.001532 | 1.756559 ± 0.014605 | 1.768000 ± 0.023736 | 0.758509
0.96 | 1.04 | 2 | 1e-01 | 500 | 0.454175 ± 0.004574 | 0.091514 ± 0.001461 | 1.756560 ± 0.014634 | 1.768000 ± 0.023348 | 0.758499
0.96 | 1.04 | 2 | 1e-02 | 500 | 0.454185 ± 0.004557 | 0.091517 ± 0.001456 | 1.756560 ± 0.014517 | 1.768000 ± 0.023289 | 0.758499
0.96 | 1.04 | 2 | 5e+00 | 600 | 0.453954 ± 0.003746 | 0.091438 ± 0.001227 | 1.756512 ± 0.025412 | 1.767999 ± 0.024884 | 0.758636
0.96 | 1.04 | 2 | 1e+00 | 600 | 0.454100 ± 0.004820 | 0.091489 ± 0.001532 | 1.756559 ± 0.014605 | 1.768000 ± 0.023736 | 0.758509
0.96 | 1.04 | 2 | 1e-01 | 600 | 0.454175 ± 0.004574 | 0.091514 ± 0.001461 | 1.756560 ± 0.014634 | 1.768000 ± 0.023348 | 0.758499
0.96 | 1.04 | 2 | 1e-02 | 600 | 0.454185 ± 0.004557 | 0.091517 ± 0.001456 | 1.756560 ± 0.014517 | 1.768000 ± 0.023289 | 0.758499
0.96 | 1.04 | 2 | 5e+00 | 700 | 0.453954 ± 0.003746 | 0.091438 ± 0.001227 | 1.756512 ± 0.025412 | 1.767999 ± 0.024884 | 0.758636
0.96 | 1.04 | 2 | 1e+00 | 700 | 0.454100 ± 0.004820 | 0.091489 ± 0.001532 | 1.756559 ± 0.014605 | 1.768000 ± 0.023736 | 0.758509
0.96 | 1.04 | 2 | 1e-01 | 700 | 0.454175 ± 0.004574 | 0.091514 ± 0.001461 | 1.756560 ± 0.014634 | 1.768000 ± 0.023348 | 0.758499
0.96 | 1.04 | 2 | 1e-02 | 700 | 0.454185 ± 0.004557 | 0.091517 ± 0.001456 | 1.756560 ± 0.014517 | 1.768000 ± 0.023289 | 0.758499
0.96 | 1.04 | 2 | 5e+00 | 800 | 0.453954 ± 0.003746 | 0.091438 ± 0.001227 | 1.756512 ± 0.025412 | 1.767999 ± 0.024884 | 0.758636
0.96 | 1.04 | 2 | 1e+00 | 800 | 0.454100 ± 0.004820 | 0.091489 ± 0.001532 | 1.756559 ± 0.014605 | 1.768000 ± 0.023736 | 0.758509
0.96 | 1.04 | 2 | 1e-01 | 800 | 0.454175 ± 0.004574 | 0.091514 ± 0.001461 | 1.756560 ± 0.014634 | 1.768000 ± 0.023348 | 0.758499
0.96 | 1.04 | 2 | 1e-02 | 800 | 0.454185 ± 0.004557 | 0.091517 ± 0.001456 | 1.756560 ± 0.014517 | 1.768000 ± 0.023289 | 0.758499
0.97 | 1.03 | 0 | 1e-01 | 300 | 0.442931 ± 0.004752 | 0.087453 ± 0.001469 | 1.739670 ± 0.003441 | 1.751000 ± 0.009864 | 0.856049
0.97 | 1.03 | 0 | 1e-02 | 300 | 0.442902 ± 0.004863 | 0.087443 ± 0.001494 | 1.739670 ± 0.003470 | 1.751000 ± 0.009897 | 0.856047
0.97 | 1.03 | 0 | 1e-01 | 400 | 0.442931 ± 0.004752 | 0.087453 ± 0.001469 | 1.739670 ± 0.003441 | 1.751000 ± 0.009864 | 0.856049
0.97 | 1.03 | 0 | 1e-02 | 400 | 0.442902 ± 0.004863 | 0.087443 ± 0.001494 | 1.739670 ± 0.003470 | 1.751000 ± 0.009897 | 0.856047
0.97 | 1.03 | 0 | 1e-01 | 500 | 0.442931 ± 0.004752 | 0.087453 ± 0.001469 | 1.739670 ± 0.003441 | 1.751000 ± 0.009864 | 0.856049
0.97 | 1.03 | 0 | 1e-02 | 500 | 0.442902 ± 0.004863 | 0.087443 ± 0.001494 | 1.739670 ± 0.003470 | 1.751000 ± 0.009897 | 0.856047
0.97 | 1.03 | 0 | 1e-01 | 600 | 0.442931 ± 0.004752 | 0.087453 ± 0.001469 | 1.739670 ± 0.003441 | 1.751000 ± 0.009864 | 0.856049
0.97 | 1.03 | 0 | 1e-02 | 600 | 0.442902 ± 0.004863 | 0.087443 ± 0.001494 | 1.739670 ± 0.003470 | 1.751000 ± 0.009897 | 0.856047
0.97 | 1.03 | 0 | 1e-01 | 700 | 0.442931 ± 0.004752 | 0.087453 ± 0.001469 | 1.739670 ± 0.003441 | 1.751000 ± 0.009864 | 0.856049
0.97 | 1.03 | 0 | 1e-02 | 700 | 0.442902 ± 0.004863 | 0.087443 ± 0.001494 | 1.739670 ± 0.003470 | 1.751000 ± 0.009897 | 0.856047
0.97 | 1.03 | 0 | 1e-01 | 800 | 0.442931 ± 0.004752 | 0.087453 ± 0.001469 | 1.739670 ± 0.003441 | 1.751000 ± 0.009864 | 0.856049
0.97 | 1.03 | 0 | 1e-02 | 800 | 0.442902 ± 0.004863 | 0.087443 ± 0.001494 | 1.739670 ± 0.003470 | 1.751000 ± 0.009897 | 0.856047
0.97 | 1.03 | 2 | 5e+00 | 300 | 0.443482 ± 0.002738 | 0.087645 ± 0.000916 | 1.739670 ± 0.002684 | 1.750999 ± 0.009208 | 0.856520
0.97 | 1.03 | 2 | 1e+00 | 300 | 0.443031 ± 0.004566 | 0.087488 ± 0.001428 | 1.739670 ± 0.003389 | 1.750999 ± 0.009759 | 0.856069
0.97 | 1.03 | 2 | 1e-01 | 300 | 0.442920 ± 0.004380 | 0.087450 ± 0.001377 | 1.739670 ± 0.003433 | 1.751000 ± 0.009873 | 0.856048
0.97 | 1.03 | 2 | 1e-02 | 300 | 0.442902 ± 0.004564 | 0.087443 ± 0.001422 | 1.739670 ± 0.003468 | 1.751000 ± 0.009897 | 0.856047
0.97 | 1.03 | 2 | 5e+00 | 400 | 0.443482 ± 0.002738 | 0.087645 ± 0.000916 | 1.739670 ± 0.002684 | 1.750999 ± 0.009208 | 0.856520
0.97 | 1.03 | 2 | 1e+00 | 400 | 0.443031 ± 0.004566 | 0.087488 ± 0.001428 | 1.739670 ± 0.003389 | 1.750999 ± 0.009759 | 0.856069
0.97 | 1.03 | 2 | 1e-01 | 400 | 0.442920 ± 0.004380 | 0.087450 ± 0.001377 | 1.739670 ± 0.003433 | 1.751000 ± 0.009873 | 0.856048
0.97 | 1.03 | 2 | 1e-02 | 400 | 0.442902 ± 0.004564 | 0.087443 ± 0.001422 | 1.739670 ± 0.003468 | 1.751000 ± 0.009897 | 0.856047
0.97 | 1.03 | 2 | 5e+00 | 500 | 0.443482 ± 0.002738 | 0.087645 ± 0.000916 | 1.739670 ± 0.002684 | 1.750999 ± 0.009208 | 0.856520
0.97 | 1.03 | 2 | 1e+00 | 500 | 0.443031 ± 0.004566 | 0.087488 ± 0.001428 | 1.739670 ± 0.003389 | 1.750999 ± 0.009759 | 0.856069
0.97 | 1.03 | 2 | 1e-01 | 500 | 0.442920 ± 0.004380 | 0.087450 ± 0.001377 | 1.739670 ± 0.003433 | 1.751000 ± 0.009873 | 0.856048
0.97 | 1.03 | 2 | 1e-02 | 500 | 0.442902 ± 0.004564 | 0.087443 ± 0.001422 | 1.739670 ± 0.003468 | 1.751000 ± 0.009897 | 0.856047
0.97 | 1.03 | 2 | 5e+00 | 600 | 0.443482 ± 0.002738 | 0.087645 ± 0.000916 | 1.739670 ± 0.002684 | 1.750999 ± 0.009208 | 0.856520
0.97 | 1.03 | 2 | 1e+00 | 600 | 0.443031 ± 0.004566 | 0.087488 ± 0.001428 | 1.739670 ± 0.003389 | 1.750999 ± 0.009759 | 0.856069
0.97 | 1.03 | 2 | 1e-01 | 600 | 0.442920 ± 0.004380 | 0.087450 ± 0.001377 | 1.739670 ± 0.003433 | 1.751000 ± 0.009873 | 0.856048
0.97 | 1.03 | 2 | 1e-02 | 600 | 0.442902 ± 0.004564 | 0.087443 ± 0.001422 | 1.739670 ± 0.003468 | 1.751000 ± 0.009897 | 0.856047
0.97 | 1.03 | 2 | 5e+00 | 700 | 0.443482 ± 0.002738 | 0.087645 ± 0.000916 | 1.739670 ± 0.002684 | 1.750999 ± 0.009208 | 0.856520
0.97 | 1.03 | 2 | 1e+00 | 700 | 0.443031 ± 0.004566 | 0.087488 ± 0.001428 | 1.739670 ± 0.003389 | 1.750999 ± 0.009759 | 0.856069
0.97 | 1.03 | 2 | 1e-01 | 700 | 0.442920 ± 0.004380 | 0.087450 ± 0.001377 | 1.739670 ± 0.003433 | 1.751000 ± 0.009873 | 0.856048
0.97 | 1.03 | 2 | 1e-02 | 700 | 0.442902 ± 0.004564 | 0.087443 ± 0.001422 | 1.739670 ± 0.003468 | 1.751000 ± 0.009897 | 0.856047
0.97 | 1.03 | 2 | 5e+00 | 800 | 0.443482 ± 0.002738 | 0.087645 ± 0.000916 | 1.739670 ± 0.002684 | 1.750999 ± 0.009208 | 0.856520
0.97 | 1.03 | 2 | 1e+00 | 800 | 0.443031 ± 0.004566 | 0.087488 ± 0.001428 | 1.739670 ± 0.003389 | 1.750999 ± 0.009759 | 0.856069
0.97 | 1.03 | 2 | 1e-01 | 800 | 0.442920 ± 0.004380 | 0.087450 ± 0.001377 | 1.739670 ± 0.003433 | 1.751000 ± 0.009873 | 0.856048
0.97 | 1.03 | 2 | 1e-02 | 800 | 0.442902 ± 0.004564 | 0.087443 ± 0.001422 | 1.739670 ± 0.003468 | 1.751000 ± 0.009897 | 0.856047
