Otimização para pl em TOTEM - Limites: eps_1_mg_1_a1_1_a2_0
Configuração: down | up | strategy | tol | migrad | mg ± error | eps ± error | a1 ± error | a2 ± error | χ²/ndof
======================================================================================================================================================
0.95 | 1.05 | 0 | 1e-02 | 300 | 0.457693 ± 0.009675 | 0.092735 ± 0.003406 | 1.759069 ± 0.014706 | 1.785000 ± 0.105627 | 0.743877
0.95 | 1.05 | 0 | 1e-02 | 400 | 0.457693 ± 0.009675 | 0.092735 ± 0.003406 | 1.759069 ± 0.014706 | 1.785000 ± 0.105627 | 0.743877
0.95 | 1.05 | 0 | 1e-02 | 500 | 0.457693 ± 0.009675 | 0.092735 ± 0.003406 | 1.759069 ± 0.014706 | 1.785000 ± 0.105627 | 0.743877
0.95 | 1.05 | 0 | 1e-02 | 600 | 0.457693 ± 0.009675 | 0.092735 ± 0.003406 | 1.759069 ± 0.014706 | 1.785000 ± 0.105627 | 0.743877
0.95 | 1.05 | 0 | 1e-02 | 700 | 0.457693 ± 0.009675 | 0.092735 ± 0.003406 | 1.759069 ± 0.014706 | 1.785000 ± 0.105627 | 0.743877
0.95 | 1.05 | 0 | 1e-02 | 800 | 0.457693 ± 0.009675 | 0.092735 ± 0.003406 | 1.759069 ± 0.014706 | 1.785000 ± 0.105627 | 0.743877
0.95 | 1.05 | 2 | 5e+00 | 300 | 0.457090 ± 0.009322 | 0.092528 ± 0.003286 | 1.758628 ± 0.014299 | 1.785000 ± 0.108137 | 0.744032
0.95 | 1.05 | 2 | 1e+00 | 300 | 0.457515 ± 0.009347 | 0.092672 ± 0.003291 | 1.758737 ± 0.014323 | 1.785000 ± 0.104693 | 0.743890
0.95 | 1.05 | 2 | 1e-01 | 300 | 0.457697 ± 0.009416 | 0.092737 ± 0.003314 | 1.759074 ± 0.014401 | 1.785000 ± 0.105583 | 0.743877
0.95 | 1.05 | 2 | 1e-02 | 300 | 0.457697 ± 0.009416 | 0.092737 ± 0.003314 | 1.759074 ± 0.014401 | 1.785000 ± 0.105583 | 0.743877
0.95 | 1.05 | 2 | 5e+00 | 400 | 0.457090 ± 0.009322 | 0.092528 ± 0.003286 | 1.758628 ± 0.014299 | 1.785000 ± 0.108137 | 0.744032
0.95 | 1.05 | 2 | 1e+00 | 400 | 0.457515 ± 0.009347 | 0.092672 ± 0.003291 | 1.758737 ± 0.014323 | 1.785000 ± 0.104693 | 0.743890
0.95 | 1.05 | 2 | 1e-01 | 400 | 0.457697 ± 0.009416 | 0.092737 ± 0.003314 | 1.759074 ± 0.014401 | 1.785000 ± 0.105583 | 0.743877
0.95 | 1.05 | 2 | 1e-02 | 400 | 0.457697 ± 0.009416 | 0.092737 ± 0.003314 | 1.759074 ± 0.014401 | 1.785000 ± 0.105583 | 0.743877
0.95 | 1.05 | 2 | 5e+00 | 500 | 0.457090 ± 0.009322 | 0.092528 ± 0.003286 | 1.758628 ± 0.014299 | 1.785000 ± 0.108137 | 0.744032
0.95 | 1.05 | 2 | 1e+00 | 500 | 0.457515 ± 0.009347 | 0.092672 ± 0.003291 | 1.758737 ± 0.014323 | 1.785000 ± 0.104693 | 0.743890
0.95 | 1.05 | 2 | 1e-01 | 500 | 0.457697 ± 0.009416 | 0.092737 ± 0.003314 | 1.759074 ± 0.014401 | 1.785000 ± 0.105583 | 0.743877
0.95 | 1.05 | 2 | 1e-02 | 500 | 0.457697 ± 0.009416 | 0.092737 ± 0.003314 | 1.759074 ± 0.014401 | 1.785000 ± 0.105583 | 0.743877
0.95 | 1.05 | 2 | 5e+00 | 600 | 0.457090 ± 0.009322 | 0.092528 ± 0.003286 | 1.758628 ± 0.014299 | 1.785000 ± 0.108137 | 0.744032
0.95 | 1.05 | 2 | 1e+00 | 600 | 0.457515 ± 0.009347 | 0.092672 ± 0.003291 | 1.758737 ± 0.014323 | 1.785000 ± 0.104693 | 0.743890
0.95 | 1.05 | 2 | 1e-01 | 600 | 0.457697 ± 0.009416 | 0.092737 ± 0.003314 | 1.759074 ± 0.014401 | 1.785000 ± 0.105583 | 0.743877
0.95 | 1.05 | 2 | 1e-02 | 600 | 0.457697 ± 0.009416 | 0.092737 ± 0.003314 | 1.759074 ± 0.014401 | 1.785000 ± 0.105583 | 0.743877
0.95 | 1.05 | 2 | 5e+00 | 700 | 0.457090 ± 0.009322 | 0.092528 ± 0.003286 | 1.758628 ± 0.014299 | 1.785000 ± 0.108137 | 0.744032
0.95 | 1.05 | 2 | 1e+00 | 700 | 0.457515 ± 0.009347 | 0.092672 ± 0.003291 | 1.758737 ± 0.014323 | 1.785000 ± 0.104693 | 0.743890
0.95 | 1.05 | 2 | 1e-01 | 700 | 0.457697 ± 0.009416 | 0.092737 ± 0.003314 | 1.759074 ± 0.014401 | 1.785000 ± 0.105583 | 0.743877
0.95 | 1.05 | 2 | 1e-02 | 700 | 0.457697 ± 0.009416 | 0.092737 ± 0.003314 | 1.759074 ± 0.014401 | 1.785000 ± 0.105583 | 0.743877
0.95 | 1.05 | 2 | 5e+00 | 800 | 0.457090 ± 0.009322 | 0.092528 ± 0.003286 | 1.758628 ± 0.014299 | 1.785000 ± 0.108137 | 0.744032
0.95 | 1.05 | 2 | 1e+00 | 800 | 0.457515 ± 0.009347 | 0.092672 ± 0.003291 | 1.758737 ± 0.014323 | 1.785000 ± 0.104693 | 0.743890
0.95 | 1.05 | 2 | 1e-01 | 800 | 0.457697 ± 0.009416 | 0.092737 ± 0.003314 | 1.759074 ± 0.014401 | 1.785000 ± 0.105583 | 0.743877
0.95 | 1.05 | 2 | 1e-02 | 800 | 0.457697 ± 0.009416 | 0.092737 ± 0.003314 | 1.759074 ± 0.014401 | 1.785000 ± 0.105583 | 0.743877
0.96 | 1.04 | 0 | 1e-02 | 300 | 0.458220 ± 0.009676 | 0.092964 ± 0.003402 | 1.763656 ± 0.014726 | 1.768000 ± 0.087866 | 0.752909
0.96 | 1.04 | 0 | 1e-02 | 400 | 0.458220 ± 0.009676 | 0.092964 ± 0.003402 | 1.763656 ± 0.014726 | 1.768000 ± 0.087866 | 0.752909
0.96 | 1.04 | 0 | 1e-02 | 500 | 0.458220 ± 0.009676 | 0.092964 ± 0.003402 | 1.763656 ± 0.014726 | 1.768000 ± 0.087866 | 0.752909
0.96 | 1.04 | 0 | 1e-02 | 600 | 0.458220 ± 0.009676 | 0.092964 ± 0.003402 | 1.763656 ± 0.014726 | 1.768000 ± 0.087866 | 0.752909
0.96 | 1.04 | 0 | 1e-02 | 700 | 0.458220 ± 0.009676 | 0.092964 ± 0.003402 | 1.763656 ± 0.014726 | 1.768000 ± 0.087866 | 0.752909
0.96 | 1.04 | 0 | 1e-02 | 800 | 0.458220 ± 0.009676 | 0.092964 ± 0.003402 | 1.763656 ± 0.014726 | 1.768000 ± 0.087866 | 0.752909
0.96 | 1.04 | 2 | 5e+00 | 300 | 0.457518 ± 0.009300 | 0.092721 ± 0.003274 | 1.762995 ± 0.014294 | 1.768000 ± 0.089284 | 0.753064
0.96 | 1.04 | 2 | 1e+00 | 300 | 0.458049 ± 0.009391 | 0.092902 ± 0.003302 | 1.763311 ± 0.014393 | 1.768000 ± 0.086898 | 0.752921
0.96 | 1.04 | 2 | 1e-01 | 300 | 0.458204 ± 0.009456 | 0.092958 ± 0.003324 | 1.763634 ± 0.014467 | 1.768000 ± 0.087824 | 0.752908
0.96 | 1.04 | 2 | 1e-02 | 300 | 0.458204 ± 0.009456 | 0.092958 ± 0.003324 | 1.763634 ± 0.014467 | 1.768000 ± 0.087824 | 0.752908
0.96 | 1.04 | 2 | 5e+00 | 400 | 0.457518 ± 0.009300 | 0.092721 ± 0.003274 | 1.762995 ± 0.014294 | 1.768000 ± 0.089284 | 0.753064
0.96 | 1.04 | 2 | 1e+00 | 400 | 0.458049 ± 0.009391 | 0.092902 ± 0.003302 | 1.763311 ± 0.014393 | 1.768000 ± 0.086898 | 0.752921
0.96 | 1.04 | 2 | 1e-01 | 400 | 0.458204 ± 0.009456 | 0.092958 ± 0.003324 | 1.763634 ± 0.014467 | 1.768000 ± 0.087824 | 0.752908
0.96 | 1.04 | 2 | 1e-02 | 400 | 0.458204 ± 0.009456 | 0.092958 ± 0.003324 | 1.763634 ± 0.014467 | 1.768000 ± 0.087824 | 0.752908
0.96 | 1.04 | 2 | 5e+00 | 500 | 0.457518 ± 0.009300 | 0.092721 ± 0.003274 | 1.762995 ± 0.014294 | 1.768000 ± 0.089284 | 0.753064
0.96 | 1.04 | 2 | 1e+00 | 500 | 0.458049 ± 0.009391 | 0.092902 ± 0.003302 | 1.763311 ± 0.014393 | 1.768000 ± 0.086898 | 0.752921
0.96 | 1.04 | 2 | 1e-01 | 500 | 0.458204 ± 0.009456 | 0.092958 ± 0.003324 | 1.763634 ± 0.014467 | 1.768000 ± 0.087824 | 0.752908
0.96 | 1.04 | 2 | 1e-02 | 500 | 0.458204 ± 0.009456 | 0.092958 ± 0.003324 | 1.763634 ± 0.014467 | 1.768000 ± 0.087824 | 0.752908
0.96 | 1.04 | 2 | 5e+00 | 600 | 0.457518 ± 0.009300 | 0.092721 ± 0.003274 | 1.762995 ± 0.014294 | 1.768000 ± 0.089284 | 0.753064
0.96 | 1.04 | 2 | 1e+00 | 600 | 0.458049 ± 0.009391 | 0.092902 ± 0.003302 | 1.763311 ± 0.014393 | 1.768000 ± 0.086898 | 0.752921
0.96 | 1.04 | 2 | 1e-01 | 600 | 0.458204 ± 0.009456 | 0.092958 ± 0.003324 | 1.763634 ± 0.014467 | 1.768000 ± 0.087824 | 0.752908
0.96 | 1.04 | 2 | 1e-02 | 600 | 0.458204 ± 0.009456 | 0.092958 ± 0.003324 | 1.763634 ± 0.014467 | 1.768000 ± 0.087824 | 0.752908
0.96 | 1.04 | 2 | 5e+00 | 700 | 0.457518 ± 0.009300 | 0.092721 ± 0.003274 | 1.762995 ± 0.014294 | 1.768000 ± 0.089284 | 0.753064
0.96 | 1.04 | 2 | 1e+00 | 700 | 0.458049 ± 0.009391 | 0.092902 ± 0.003302 | 1.763311 ± 0.014393 | 1.768000 ± 0.086898 | 0.752921
0.96 | 1.04 | 2 | 1e-01 | 700 | 0.458204 ± 0.009456 | 0.092958 ± 0.003324 | 1.763634 ± 0.014467 | 1.768000 ± 0.087824 | 0.752908
0.96 | 1.04 | 2 | 1e-02 | 700 | 0.458204 ± 0.009456 | 0.092958 ± 0.003324 | 1.763634 ± 0.014467 | 1.768000 ± 0.087824 | 0.752908
0.96 | 1.04 | 2 | 5e+00 | 800 | 0.457518 ± 0.009300 | 0.092721 ± 0.003274 | 1.762995 ± 0.014294 | 1.768000 ± 0.089284 | 0.753064
0.96 | 1.04 | 2 | 1e+00 | 800 | 0.458049 ± 0.009391 | 0.092902 ± 0.003302 | 1.763311 ± 0.014393 | 1.768000 ± 0.086898 | 0.752921
0.96 | 1.04 | 2 | 1e-01 | 800 | 0.458204 ± 0.009456 | 0.092958 ± 0.003324 | 1.763634 ± 0.014467 | 1.768000 ± 0.087824 | 0.752908
0.96 | 1.04 | 2 | 1e-02 | 800 | 0.458204 ± 0.009456 | 0.092958 ± 0.003324 | 1.763634 ± 0.014467 | 1.768000 ± 0.087824 | 0.752908
0.97 | 1.03 | 0 | 1e-02 | 300 | 0.458710 ± 0.009706 | 0.093179 ± 0.003408 | 1.768194 ± 0.014781 | 1.751000 ± 0.069861 | 0.762097
0.97 | 1.03 | 0 | 1e-02 | 400 | 0.458710 ± 0.009706 | 0.093179 ± 0.003408 | 1.768194 ± 0.014781 | 1.751000 ± 0.069861 | 0.762097
0.97 | 1.03 | 0 | 1e-02 | 500 | 0.458710 ± 0.009706 | 0.093179 ± 0.003408 | 1.768194 ± 0.014781 | 1.751000 ± 0.069861 | 0.762097
0.97 | 1.03 | 0 | 1e-02 | 600 | 0.458710 ± 0.009706 | 0.093179 ± 0.003408 | 1.768194 ± 0.014781 | 1.751000 ± 0.069861 | 0.762097
0.97 | 1.03 | 0 | 1e-02 | 700 | 0.458710 ± 0.009706 | 0.093179 ± 0.003408 | 1.768194 ± 0.014781 | 1.751000 ± 0.069861 | 0.762097
0.97 | 1.03 | 0 | 1e-02 | 800 | 0.458710 ± 0.009706 | 0.093179 ± 0.003408 | 1.768194 ± 0.014781 | 1.751000 ± 0.069861 | 0.762097
0.97 | 1.03 | 2 | 5e+00 | 300 | 0.457900 ± 0.009296 | 0.092896 ± 0.003270 | 1.767245 ± 0.014311 | 1.751000 ± 0.070084 | 0.762275
0.97 | 1.03 | 2 | 1e+00 | 300 | 0.458650 ± 0.009411 | 0.093157 ± 0.003305 | 1.768023 ± 0.014432 | 1.751000 ± 0.069181 | 0.762102
0.97 | 1.03 | 2 | 1e-01 | 300 | 0.458712 ± 0.009456 | 0.093180 ± 0.003320 | 1.768195 ± 0.014485 | 1.751000 ± 0.069851 | 0.762097
0.97 | 1.03 | 2 | 1e-02 | 300 | 0.458708 ± 0.009477 | 0.093178 ± 0.003327 | 1.768192 ± 0.014510 | 1.751000 ± 0.069848 | 0.762097
0.97 | 1.03 | 2 | 5e+00 | 400 | 0.457900 ± 0.009296 | 0.092896 ± 0.003270 | 1.767245 ± 0.014311 | 1.751000 ± 0.070084 | 0.762275
0.97 | 1.03 | 2 | 1e+00 | 400 | 0.458650 ± 0.009411 | 0.093157 ± 0.003305 | 1.768023 ± 0.014432 | 1.751000 ± 0.069181 | 0.762102
0.97 | 1.03 | 2 | 1e-01 | 400 | 0.458712 ± 0.009456 | 0.093180 ± 0.003320 | 1.768195 ± 0.014485 | 1.751000 ± 0.069851 | 0.762097
0.97 | 1.03 | 2 | 1e-02 | 400 | 0.458708 ± 0.009477 | 0.093178 ± 0.003327 | 1.768192 ± 0.014510 | 1.751000 ± 0.069848 | 0.762097
0.97 | 1.03 | 2 | 5e+00 | 500 | 0.457900 ± 0.009296 | 0.092896 ± 0.003270 | 1.767245 ± 0.014311 | 1.751000 ± 0.070084 | 0.762275
0.97 | 1.03 | 2 | 1e+00 | 500 | 0.458650 ± 0.009411 | 0.093157 ± 0.003305 | 1.768023 ± 0.014432 | 1.751000 ± 0.069181 | 0.762102
0.97 | 1.03 | 2 | 1e-01 | 500 | 0.458712 ± 0.009456 | 0.093180 ± 0.003320 | 1.768195 ± 0.014485 | 1.751000 ± 0.069851 | 0.762097
0.97 | 1.03 | 2 | 1e-02 | 500 | 0.458708 ± 0.009477 | 0.093178 ± 0.003327 | 1.768192 ± 0.014510 | 1.751000 ± 0.069848 | 0.762097
0.97 | 1.03 | 2 | 5e+00 | 600 | 0.457900 ± 0.009296 | 0.092896 ± 0.003270 | 1.767245 ± 0.014311 | 1.751000 ± 0.070084 | 0.762275
0.97 | 1.03 | 2 | 1e+00 | 600 | 0.458650 ± 0.009411 | 0.093157 ± 0.003305 | 1.768023 ± 0.014432 | 1.751000 ± 0.069181 | 0.762102
0.97 | 1.03 | 2 | 1e-01 | 600 | 0.458712 ± 0.009456 | 0.093180 ± 0.003320 | 1.768195 ± 0.014485 | 1.751000 ± 0.069851 | 0.762097
0.97 | 1.03 | 2 | 1e-02 | 600 | 0.458708 ± 0.009477 | 0.093178 ± 0.003327 | 1.768192 ± 0.014510 | 1.751000 ± 0.069848 | 0.762097
0.97 | 1.03 | 2 | 5e+00 | 700 | 0.457900 ± 0.009296 | 0.092896 ± 0.003270 | 1.767245 ± 0.014311 | 1.751000 ± 0.070084 | 0.762275
0.97 | 1.03 | 2 | 1e+00 | 700 | 0.458650 ± 0.009411 | 0.093157 ± 0.003305 | 1.768023 ± 0.014432 | 1.751000 ± 0.069181 | 0.762102
0.97 | 1.03 | 2 | 1e-01 | 700 | 0.458712 ± 0.009456 | 0.093180 ± 0.003320 | 1.768195 ± 0.014485 | 1.751000 ± 0.069851 | 0.762097
0.97 | 1.03 | 2 | 1e-02 | 700 | 0.458708 ± 0.009477 | 0.093178 ± 0.003327 | 1.768192 ± 0.014510 | 1.751000 ± 0.069848 | 0.762097
0.97 | 1.03 | 2 | 5e+00 | 800 | 0.457900 ± 0.009296 | 0.092896 ± 0.003270 | 1.767245 ± 0.014311 | 1.751000 ± 0.070084 | 0.762275
0.97 | 1.03 | 2 | 1e+00 | 800 | 0.458650 ± 0.009411 | 0.093157 ± 0.003305 | 1.768023 ± 0.014432 | 1.751000 ± 0.069181 | 0.762102
0.97 | 1.03 | 2 | 1e-01 | 800 | 0.458712 ± 0.009456 | 0.093180 ± 0.003320 | 1.768195 ± 0.014485 | 1.751000 ± 0.069851 | 0.762097
0.97 | 1.03 | 2 | 1e-02 | 800 | 0.458708 ± 0.009477 | 0.093178 ± 0.003327 | 1.768192 ± 0.014510 | 1.751000 ± 0.069848 | 0.762097
0.98 | 1.02 | 0 | 1e-02 | 300 | 0.459216 ± 0.009707 | 0.093400 ± 0.003404 | 1.772763 ± 0.014802 | 1.734000 ± 0.051244 | 0.771444
0.98 | 1.02 | 0 | 1e-02 | 400 | 0.459216 ± 0.009707 | 0.093400 ± 0.003404 | 1.772763 ± 0.014802 | 1.734000 ± 0.051244 | 0.771444
0.98 | 1.02 | 0 | 1e-02 | 500 | 0.459216 ± 0.009707 | 0.093400 ± 0.003404 | 1.772763 ± 0.014802 | 1.734000 ± 0.051244 | 0.771444
0.98 | 1.02 | 0 | 1e-02 | 600 | 0.459216 ± 0.009707 | 0.093400 ± 0.003404 | 1.772763 ± 0.014802 | 1.734000 ± 0.051244 | 0.771444
0.98 | 1.02 | 0 | 1e-02 | 700 | 0.459216 ± 0.009707 | 0.093400 ± 0.003404 | 1.772763 ± 0.014802 | 1.734000 ± 0.051244 | 0.771444
0.98 | 1.02 | 0 | 1e-02 | 800 | 0.459216 ± 0.009707 | 0.093400 ± 0.003404 | 1.772763 ± 0.014802 | 1.734000 ± 0.051244 | 0.771444
0.98 | 1.02 | 2 | 5e+00 | 300 | 0.459185 ± 0.009286 | 0.093389 ± 0.003257 | 1.772715 ± 0.014309 | 1.734000 ± 0.051018 | 0.771450
0.98 | 1.02 | 2 | 1e+00 | 300 | 0.459184 ± 0.009378 | 0.093390 ± 0.003289 | 1.772765 ± 0.014416 | 1.734000 ± 0.051356 | 0.771448
0.98 | 1.02 | 2 | 1e-01 | 300 | 0.459184 ± 0.009378 | 0.093390 ± 0.003289 | 1.772765 ± 0.014416 | 1.734000 ± 0.051356 | 0.771448
0.98 | 1.02 | 2 | 1e-02 | 300 | 0.459202 ± 0.009504 | 0.093395 ± 0.003333 | 1.772736 ± 0.014559 | 1.734000 ± 0.051283 | 0.771444
0.98 | 1.02 | 2 | 5e+00 | 400 | 0.459185 ± 0.009286 | 0.093389 ± 0.003257 | 1.772715 ± 0.014309 | 1.734000 ± 0.051018 | 0.771450
0.98 | 1.02 | 2 | 1e+00 | 400 | 0.459184 ± 0.009378 | 0.093390 ± 0.003289 | 1.772765 ± 0.014416 | 1.734000 ± 0.051356 | 0.771448
0.98 | 1.02 | 2 | 1e-01 | 400 | 0.459184 ± 0.009378 | 0.093390 ± 0.003289 | 1.772765 ± 0.014416 | 1.734000 ± 0.051356 | 0.771448
0.98 | 1.02 | 2 | 1e-02 | 400 | 0.459202 ± 0.009504 | 0.093395 ± 0.003333 | 1.772736 ± 0.014559 | 1.734000 ± 0.051283 | 0.771444
0.98 | 1.02 | 2 | 5e+00 | 500 | 0.459185 ± 0.009286 | 0.093389 ± 0.003257 | 1.772715 ± 0.014309 | 1.734000 ± 0.051018 | 0.771450
0.98 | 1.02 | 2 | 1e+00 | 500 | 0.459184 ± 0.009378 | 0.093390 ± 0.003289 | 1.772765 ± 0.014416 | 1.734000 ± 0.051356 | 0.771448
0.98 | 1.02 | 2 | 1e-01 | 500 | 0.459184 ± 0.009378 | 0.093390 ± 0.003289 | 1.772765 ± 0.014416 | 1.734000 ± 0.051356 | 0.771448
0.98 | 1.02 | 2 | 1e-02 | 500 | 0.459202 ± 0.009504 | 0.093395 ± 0.003333 | 1.772736 ± 0.014559 | 1.734000 ± 0.051283 | 0.771444
0.98 | 1.02 | 2 | 5e+00 | 600 | 0.459185 ± 0.009286 | 0.093389 ± 0.003257 | 1.772715 ± 0.014309 | 1.734000 ± 0.051018 | 0.771450
0.98 | 1.02 | 2 | 1e+00 | 600 | 0.459184 ± 0.009378 | 0.093390 ± 0.003289 | 1.772765 ± 0.014416 | 1.734000 ± 0.051356 | 0.771448
0.98 | 1.02 | 2 | 1e-01 | 600 | 0.459184 ± 0.009378 | 0.093390 ± 0.003289 | 1.772765 ± 0.014416 | 1.734000 ± 0.051356 | 0.771448
0.98 | 1.02 | 2 | 1e-02 | 600 | 0.459202 ± 0.009504 | 0.093395 ± 0.003333 | 1.772736 ± 0.014559 | 1.734000 ± 0.051283 | 0.771444
0.98 | 1.02 | 2 | 5e+00 | 700 | 0.459185 ± 0.009286 | 0.093389 ± 0.003257 | 1.772715 ± 0.014309 | 1.734000 ± 0.051018 | 0.771450
0.98 | 1.02 | 2 | 1e+00 | 700 | 0.459184 ± 0.009378 | 0.093390 ± 0.003289 | 1.772765 ± 0.014416 | 1.734000 ± 0.051356 | 0.771448
0.98 | 1.02 | 2 | 1e-01 | 700 | 0.459184 ± 0.009378 | 0.093390 ± 0.003289 | 1.772765 ± 0.014416 | 1.734000 ± 0.051356 | 0.771448
0.98 | 1.02 | 2 | 1e-02 | 700 | 0.459202 ± 0.009504 | 0.093395 ± 0.003333 | 1.772736 ± 0.014559 | 1.734000 ± 0.051283 | 0.771444
0.98 | 1.02 | 2 | 5e+00 | 800 | 0.459185 ± 0.009286 | 0.093389 ± 0.003257 | 1.772715 ± 0.014309 | 1.734000 ± 0.051018 | 0.771450
0.98 | 1.02 | 2 | 1e+00 | 800 | 0.459184 ± 0.009378 | 0.093390 ± 0.003289 | 1.772765 ± 0.014416 | 1.734000 ± 0.051356 | 0.771448
0.98 | 1.02 | 2 | 1e-01 | 800 | 0.459184 ± 0.009378 | 0.093390 ± 0.003289 | 1.772765 ± 0.014416 | 1.734000 ± 0.051356 | 0.771448
0.98 | 1.02 | 2 | 1e-02 | 800 | 0.459202 ± 0.009504 | 0.093395 ± 0.003333 | 1.772736 ± 0.014559 | 1.734000 ± 0.051283 | 0.771444
0.99 | 1.01 | 0 | 1e-02 | 300 | 0.459718 ± 0.009738 | 0.093619 ± 0.003411 | 1.777311 ± 0.014858 | 1.717000 ± 0.030693 | 0.780949
0.99 | 1.01 | 0 | 1e-02 | 400 | 0.459718 ± 0.009738 | 0.093619 ± 0.003411 | 1.777311 ± 0.014858 | 1.717000 ± 0.030693 | 0.780949
0.99 | 1.01 | 0 | 1e-02 | 500 | 0.459718 ± 0.009738 | 0.093619 ± 0.003411 | 1.777311 ± 0.014858 | 1.717000 ± 0.030693 | 0.780949
0.99 | 1.01 | 0 | 1e-02 | 600 | 0.459718 ± 0.009738 | 0.093619 ± 0.003411 | 1.777311 ± 0.014858 | 1.717000 ± 0.030693 | 0.780949
0.99 | 1.01 | 0 | 1e-02 | 700 | 0.459718 ± 0.009738 | 0.093619 ± 0.003411 | 1.777311 ± 0.014858 | 1.717000 ± 0.030693 | 0.780949
0.99 | 1.01 | 0 | 1e-02 | 800 | 0.459718 ± 0.009738 | 0.093619 ± 0.003411 | 1.777311 ± 0.014858 | 1.717000 ± 0.030693 | 0.780949
0.99 | 1.01 | 2 | 5e+00 | 300 | 0.459546 ± 0.009384 | 0.093562 ± 0.003288 | 1.777291 ± 0.014480 | 1.716919 ± 0.030399 | 0.781025
0.99 | 1.01 | 2 | 1e+00 | 300 | 0.459715 ± 0.009503 | 0.093618 ± 0.003328 | 1.777282 ± 0.014576 | 1.717000 ± 0.030641 | 0.780950
0.99 | 1.01 | 2 | 1e-01 | 300 | 0.459722 ± 0.009489 | 0.093620 ± 0.003323 | 1.777293 ± 0.014559 | 1.717000 ± 0.030612 | 0.780949
0.99 | 1.01 | 2 | 1e-02 | 300 | 0.459726 ± 0.009552 | 0.093622 ± 0.003345 | 1.777314 ± 0.014634 | 1.717000 ± 0.030671 | 0.780949
0.99 | 1.01 | 2 | 5e+00 | 400 | 0.459546 ± 0.009384 | 0.093562 ± 0.003288 | 1.777291 ± 0.014480 | 1.716919 ± 0.030399 | 0.781025
0.99 | 1.01 | 2 | 1e+00 | 400 | 0.459715 ± 0.009503 | 0.093618 ± 0.003328 | 1.777282 ± 0.014576 | 1.717000 ± 0.030641 | 0.780950
0.99 | 1.01 | 2 | 1e-01 | 400 | 0.459722 ± 0.009489 | 0.093620 ± 0.003323 | 1.777293 ± 0.014559 | 1.717000 ± 0.030612 | 0.780949
0.99 | 1.01 | 2 | 1e-02 | 400 | 0.459726 ± 0.009552 | 0.093622 ± 0.003345 | 1.777314 ± 0.014634 | 1.717000 ± 0.030671 | 0.780949
0.99 | 1.01 | 2 | 5e+00 | 500 | 0.459546 ± 0.009384 | 0.093562 ± 0.003288 | 1.777291 ± 0.014480 | 1.716919 ± 0.030399 | 0.781025
0.99 | 1.01 | 2 | 1e+00 | 500 | 0.459715 ± 0.009503 | 0.093618 ± 0.003328 | 1.777282 ± 0.014576 | 1.717000 ± 0.030641 | 0.780950
0.99 | 1.01 | 2 | 1e-01 | 500 | 0.459722 ± 0.009489 | 0.093620 ± 0.003323 | 1.777293 ± 0.014559 | 1.717000 ± 0.030612 | 0.780949
0.99 | 1.01 | 2 | 1e-02 | 500 | 0.459726 ± 0.009552 | 0.093622 ± 0.003345 | 1.777314 ± 0.014634 | 1.717000 ± 0.030671 | 0.780949
0.99 | 1.01 | 2 | 5e+00 | 600 | 0.459546 ± 0.009384 | 0.093562 ± 0.003288 | 1.777291 ± 0.014480 | 1.716919 ± 0.030399 | 0.781025
0.99 | 1.01 | 2 | 1e+00 | 600 | 0.459715 ± 0.009503 | 0.093618 ± 0.003328 | 1.777282 ± 0.014576 | 1.717000 ± 0.030641 | 0.780950
0.99 | 1.01 | 2 | 1e-01 | 600 | 0.459722 ± 0.009489 | 0.093620 ± 0.003323 | 1.777293 ± 0.014559 | 1.717000 ± 0.030612 | 0.780949
0.99 | 1.01 | 2 | 1e-02 | 600 | 0.459726 ± 0.009552 | 0.093622 ± 0.003345 | 1.777314 ± 0.014634 | 1.717000 ± 0.030671 | 0.780949
0.99 | 1.01 | 2 | 5e+00 | 700 | 0.459546 ± 0.009384 | 0.093562 ± 0.003288 | 1.777291 ± 0.014480 | 1.716919 ± 0.030399 | 0.781025
0.99 | 1.01 | 2 | 1e+00 | 700 | 0.459715 ± 0.009503 | 0.093618 ± 0.003328 | 1.777282 ± 0.014576 | 1.717000 ± 0.030641 | 0.780950
0.99 | 1.01 | 2 | 1e-01 | 700 | 0.459722 ± 0.009489 | 0.093620 ± 0.003323 | 1.777293 ± 0.014559 | 1.717000 ± 0.030612 | 0.780949
0.99 | 1.01 | 2 | 1e-02 | 700 | 0.459726 ± 0.009552 | 0.093622 ± 0.003345 | 1.777314 ± 0.014634 | 1.717000 ± 0.030671 | 0.780949
0.99 | 1.01 | 2 | 5e+00 | 800 | 0.459546 ± 0.009384 | 0.093562 ± 0.003288 | 1.777291 ± 0.014480 | 1.716919 ± 0.030399 | 0.781025
0.99 | 1.01 | 2 | 1e+00 | 800 | 0.459715 ± 0.009503 | 0.093618 ± 0.003328 | 1.777282 ± 0.014576 | 1.717000 ± 0.030641 | 0.780950
0.99 | 1.01 | 2 | 1e-01 | 800 | 0.459722 ± 0.009489 | 0.093620 ± 0.003323 | 1.777293 ± 0.014559 | 1.717000 ± 0.030612 | 0.780949
0.99 | 1.01 | 2 | 1e-02 | 800 | 0.459726 ± 0.009552 | 0.093622 ± 0.003345 | 1.777314 ± 0.014634 | 1.717000 ± 0.030671 | 0.780949
