Otimização para log em ATLAS - Limites: eps_0_mg_0_a1_1_a2_1
Configuração: down | up | strategy | migrad | mg ± error | eps ± error | a1 ± error | a2 ± error | χ²/ndof
========================================================================================================================
0.9 | 1.1 | 0 | 200 | 0.31404537524796694 ± 0.008251623319757607 | 0.05019193292094421 ± 0.004905472339270327 | 1.5102999978861893 ± 0.006150170097381058 | 2.7499999809660305 ± 0.04485835374522962 | 0.9954547495685463
0.9 | 1.1 | 0 | 300 | 0.31404537524796694 ± 0.008251623319757607 | 0.05019193292094421 ± 0.004905472339270327 | 1.5102999978861893 ± 0.006150170097381058 | 2.7499999809660305 ± 0.04485835374522962 | 0.9954547495685463
0.9 | 1.1 | 0 | 400 | 0.31404537524796694 ± 0.008251623319757607 | 0.05019193292094421 ± 0.004905472339270327 | 1.5102999978861893 ± 0.006150170097381058 | 2.7499999809660305 ± 0.04485835374522962 | 0.9954547495685463
0.9 | 1.1 | 0 | 500 | 0.31404537524796694 ± 0.008251623319757607 | 0.05019193292094421 ± 0.004905472339270327 | 1.5102999978861893 ± 0.006150170097381058 | 2.7499999809660305 ± 0.04485835374522962 | 0.9954547495685463
0.9 | 1.1 | 0 | 600 | 0.31404537524796694 ± 0.008251623319757607 | 0.05019193292094421 ± 0.004905472339270327 | 1.5102999978861893 ± 0.006150170097381058 | 2.7499999809660305 ± 0.04485835374522962 | 0.9954547495685463
0.9 | 1.1 | 0 | 700 | 0.31404537524796694 ± 0.008251623319757607 | 0.05019193292094421 ± 0.004905472339270327 | 1.5102999978861893 ± 0.006150170097381058 | 2.7499999809660305 ± 0.04485835374522962 | 0.9954547495685463
0.9 | 1.1 | 0 | 800 | 0.31404537524796694 ± 0.008251623319757607 | 0.05019193292094421 ± 0.004905472339270327 | 1.5102999978861893 ± 0.006150170097381058 | 2.7499999809660305 ± 0.04485835374522962 | 0.9954547495685463
0.9 | 1.1 | 1 | 200 | 0.3140453751948827 ± 0.008249113087573411 | 0.05019193282604306 ± 0.004903981660826561 | 1.510299997888956 ± 0.006150168585666083 | 2.7499999809675386 ± 0.04485829530824459 | 0.9954547494844049
0.9 | 1.1 | 1 | 300 | 0.3140453751948827 ± 0.008249113087573411 | 0.05019193282604306 ± 0.004903981660826561 | 1.510299997888956 ± 0.006150168585666083 | 2.7499999809675386 ± 0.04485829530824459 | 0.9954547494844049
0.9 | 1.1 | 1 | 400 | 0.3140453751948827 ± 0.008249113087573411 | 0.05019193282604306 ± 0.004903981660826561 | 1.510299997888956 ± 0.006150168585666083 | 2.7499999809675386 ± 0.04485829530824459 | 0.9954547494844049
0.9 | 1.1 | 1 | 500 | 0.3140453751948827 ± 0.008249113087573411 | 0.05019193282604306 ± 0.004903981660826561 | 1.510299997888956 ± 0.006150168585666083 | 2.7499999809675386 ± 0.04485829530824459 | 0.9954547494844049
0.9 | 1.1 | 1 | 600 | 0.3140453751948827 ± 0.008249113087573411 | 0.05019193282604306 ± 0.004903981660826561 | 1.510299997888956 ± 0.006150168585666083 | 2.7499999809675386 ± 0.04485829530824459 | 0.9954547494844049
0.9 | 1.1 | 1 | 700 | 0.3140453751948827 ± 0.008249113087573411 | 0.05019193282604306 ± 0.004903981660826561 | 1.510299997888956 ± 0.006150168585666083 | 2.7499999809675386 ± 0.04485829530824459 | 0.9954547494844049
0.9 | 1.1 | 1 | 800 | 0.3140453751948827 ± 0.008249113087573411 | 0.05019193282604306 ± 0.004903981660826561 | 1.510299997888956 ± 0.006150168585666083 | 2.7499999809675386 ± 0.04485829530824459 | 0.9954547494844049
0.9 | 1.1 | 2 | 300 | 0.31404930320055935 ± 0.008260292288938586 | 0.05019399272675067 ± 0.004910530258100034 | 1.5102999985409031 ± 0.0061514096468149315 | 2.7499999929100287 ± 0.044788040188883604 | 0.9954546765472019
0.9 | 1.1 | 2 | 400 | 0.31404930320055935 ± 0.008260292288938586 | 0.05019399272675067 ± 0.004910530258100034 | 1.5102999985409031 ± 0.0061514096468149315 | 2.7499999929100287 ± 0.044788040188883604 | 0.9954546765472019
0.9 | 1.1 | 2 | 500 | 0.31404930320055935 ± 0.008260292288938586 | 0.05019399272675067 ± 0.004910530258100034 | 1.5102999985409031 ± 0.0061514096468149315 | 2.7499999929100287 ± 0.044788040188883604 | 0.9954546765472019
0.9 | 1.1 | 2 | 600 | 0.31404930320055935 ± 0.008260292288938586 | 0.05019399272675067 ± 0.004910530258100034 | 1.5102999985409031 ± 0.0061514096468149315 | 2.7499999929100287 ± 0.044788040188883604 | 0.9954546765472019
0.9 | 1.1 | 2 | 700 | 0.31404930320055935 ± 0.008260292288938586 | 0.05019399272675067 ± 0.004910530258100034 | 1.5102999985409031 ± 0.0061514096468149315 | 2.7499999929100287 ± 0.044788040188883604 | 0.9954546765472019
0.9 | 1.1 | 2 | 800 | 0.31404930320055935 ± 0.008260292288938586 | 0.05019399272675067 ± 0.004910530258100034 | 1.5102999985409031 ± 0.0061514096468149315 | 2.7499999929100287 ± 0.044788040188883604 | 0.9954546765472019
