Otimização para pl em ATLAS - Limites: eps_0_mg_1_a1_0_a2_1
Configuração: down | up | strategy | migrad | mg ± error | eps ± error | a1 ± error | a2 ± error | χ²/ndof
========================================================================================================================
0.99 | 1.01 | 0 | 200 | 0.4167900019390431 ± 0.00582986261491425 | 0.07349607292582092 ± 0.00022845211435947493 | 1.586173850964082 ± 0.03463094266413469 | 2.070457977085825 ± 0.03124371871711884 | 0.5145657535284477
0.99 | 1.01 | 0 | 300 | 0.4167900087493195 ± 0.005828363899887029 | 0.07349542005672557 ± 0.0002263417437681973 | 1.5860326038796977 ± 0.034548106106681305 | 2.07049670720806 ± 0.026157518487906595 | 0.5145634983957851
0.99 | 1.01 | 0 | 400 | 0.4167900087493195 ± 0.005828363899887029 | 0.07349542005672557 ± 0.0002263417437681973 | 1.5860326038796977 ± 0.034548106106681305 | 2.07049670720806 ± 0.026157518487906595 | 0.5145634983957851
0.99 | 1.01 | 0 | 500 | 0.4167900087493195 ± 0.005828363899887029 | 0.07349542005672557 ± 0.0002263417437681973 | 1.5860326038796977 ± 0.034548106106681305 | 2.07049670720806 ± 0.026157518487906595 | 0.5145634983957851
0.99 | 1.01 | 0 | 600 | 0.4167900087493195 ± 0.005828363899887029 | 0.07349542005672557 ± 0.0002263417437681973 | 1.5860326038796977 ± 0.034548106106681305 | 2.07049670720806 ± 0.026157518487906595 | 0.5145634983957851
0.99 | 1.01 | 0 | 700 | 0.4167900087493195 ± 0.005828363899887029 | 0.07349542005672557 ± 0.0002263417437681973 | 1.5860326038796977 ± 0.034548106106681305 | 2.07049670720806 ± 0.026157518487906595 | 0.5145634983957851
0.99 | 1.01 | 0 | 800 | 0.4167900087493195 ± 0.005828363899887029 | 0.07349542005672557 ± 0.0002263417437681973 | 1.5860326038796977 ± 0.034548106106681305 | 2.07049670720806 ± 0.026157518487906595 | 0.5145634983957851
0.99 | 1.01 | 1 | 300 | 0.41679000224567647 ± 0.0058270247586856005 | 0.07349542554386333 ± 0.00022692344645757446 | 1.586024970796312 ± 0.034570595036530274 | 2.070491098178937 ± 0.025969830770688818 | 0.51456356678986
0.99 | 1.01 | 1 | 400 | 0.41679000224567647 ± 0.0058270247586856005 | 0.07349542554386333 ± 0.00022692344645757446 | 1.586024970796312 ± 0.034570595036530274 | 2.070491098178937 ± 0.025969830770688818 | 0.51456356678986
0.99 | 1.01 | 1 | 500 | 0.41679000224567647 ± 0.0058270247586856005 | 0.07349542554386333 ± 0.00022692344645757446 | 1.586024970796312 ± 0.034570595036530274 | 2.070491098178937 ± 0.025969830770688818 | 0.51456356678986
0.99 | 1.01 | 1 | 600 | 0.41679000224567647 ± 0.0058270247586856005 | 0.07349542554386333 ± 0.00022692344645757446 | 1.586024970796312 ± 0.034570595036530274 | 2.070491098178937 ± 0.025969830770688818 | 0.51456356678986
0.99 | 1.01 | 1 | 700 | 0.41679000224567647 ± 0.0058270247586856005 | 0.07349542554386333 ± 0.00022692344645757446 | 1.586024970796312 ± 0.034570595036530274 | 2.070491098178937 ± 0.025969830770688818 | 0.51456356678986
0.99 | 1.01 | 1 | 800 | 0.41679000224567647 ± 0.0058270247586856005 | 0.07349542554386333 ± 0.00022692344645757446 | 1.586024970796312 ± 0.034570595036530274 | 2.070491098178937 ± 0.025969830770688818 | 0.51456356678986
0.99 | 1.01 | 2 | 300 | 0.4167900000089856 ± 0.005841714749251797 | 0.07349554087001331 ± 0.0002262941856119653 | 1.58603307046784 ± 0.03454673461126372 | 2.0704999654531377 ± 0.027457627436620724 | 0.5145631432981796
0.99 | 1.01 | 2 | 400 | 0.4167900000089856 ± 0.005841714749251797 | 0.07349554087001331 ± 0.0002262941856119653 | 1.58603307046784 ± 0.03454673461126372 | 2.0704999654531377 ± 0.027457627436620724 | 0.5145631432981796
0.99 | 1.01 | 2 | 500 | 0.4167900000089856 ± 0.005841714749251797 | 0.07349554087001331 ± 0.0002262941856119653 | 1.58603307046784 ± 0.03454673461126372 | 2.0704999654531377 ± 0.027457627436620724 | 0.5145631432981796
0.99 | 1.01 | 2 | 600 | 0.4167900000089856 ± 0.005841714749251797 | 0.07349554087001331 ± 0.0002262941856119653 | 1.58603307046784 ± 0.03454673461126372 | 2.0704999654531377 ± 0.027457627436620724 | 0.5145631432981796
0.99 | 1.01 | 2 | 700 | 0.4167900000089856 ± 0.005841714749251797 | 0.07349554087001331 ± 0.0002262941856119653 | 1.58603307046784 ± 0.03454673461126372 | 2.0704999654531377 ± 0.027457627436620724 | 0.5145631432981796
0.99 | 1.01 | 2 | 800 | 0.4167900000089856 ± 0.005841714749251797 | 0.07349554087001331 ± 0.0002262941856119653 | 1.58603307046784 ± 0.03454673461126372 | 2.0704999654531377 ± 0.027457627436620724 | 0.5145631432981796
