           1   8.0000000000000002E-002  0.81152549472751145       0.90384727407823429        1.6543007299538381     
           2   8.0000000000000002E-002  0.81152549472751145       0.90384727407823429        3.4819422432723499     
           3   8.0000000000000002E-002  0.81152549472751145       0.90384727407823429        4.8818361613795140     
           4   8.0000000000000002E-002  0.81152549472751145       0.90384727407823429        5.8611635629381480     
           5   8.0000000000000002E-002  0.81152549472751145       0.90384727407823429        6.6941637471346418     
           6   8.0000000000000002E-002  0.81152549472751145       0.90384727407823429        7.3039304711432163     
           7   8.0000000000000002E-002  0.81152549472751145       0.90384727407823429        7.4379079564838504     
           8   8.0000000000000002E-002  0.81152549472751145       0.90384727407823429        7.4428718467002586     
           9   8.0000000000000002E-002  0.81152549472751145       0.90384727407823429        7.4948285502065009     
          10   8.0000000000000002E-002  0.81152549472751145       0.90384727407823429        7.7666160283965642     
          11   8.0000000000000002E-002  0.81152549472751145       0.90384727407823429        8.2457004219274364     
          12   8.0000000000000002E-002  0.81152549472751145       0.90384727407823429        9.2272209429217966     
          13   8.0000000000000002E-002  0.81152549472751145       0.90384727407823429        10.165842184748264     
          14   8.0000000000000002E-002  0.81152549472751145       0.90384727407823429        10.702287599414955     
          15   8.0000000000000002E-002  0.81152549472751145       0.90384727407823429        11.633889099405051     
          16   8.0000000000000002E-002  0.81152549472751145       0.90384727407823429        13.292401290761980     
          17   8.0000000000000002E-002  0.81152549472751145       0.90384727407823429        14.847068719158145     
          18   8.0000000000000002E-002  0.81152549472751145       0.90384727407823429        16.592773457684213     
          19   8.0000000000000002E-002  0.81152549472751145       0.90384727407823429        18.768929810578065     
          20   8.0000000000000002E-002  0.81152549472751145       0.90384727407823429        20.066897149291368     
          21   8.0000000000000002E-002  0.81152549472751145       0.90384727407823429        20.832075540944295     
          22   8.0000000000000002E-002  0.81152549472751145       0.90384727407823429        21.146220090782556     
          23   8.0000000000000002E-002  0.81152549472751145       0.90384727407823429        21.240309655082253     
          24   8.0000000000000002E-002  0.81152549472751145       0.90384727407823429        21.250760289390691     
          25   8.0000000000000002E-002  0.81152549472751145       0.90384727407823429        21.399296955387861     
          26   8.0000000000000002E-002  0.81152549472751145       0.90384727407823429        22.151991952209396     
          27   8.0000000000000002E-002  0.81152549472751145       0.90384727407823429        23.587191559368115     
          28   8.0000000000000002E-002  0.81152549472751145       0.90384727407823429        25.974059050088961     
          29   8.0000000000000002E-002  0.81152549472751145       0.90384727407823429        29.798697603575903     
          30   8.0000000000000002E-002  0.81152549472751145       0.90384727407823429        29.943167453084552     
          31   8.0000000000000002E-002  0.81152549472751145       0.90384727407823429        30.724939553341475     
          32   8.0000000000000002E-002  0.81152549472751145       0.90384727407823429        32.162780288841823     
          33   8.0000000000000002E-002  0.81152549472751145       0.90384727407823429        34.049899845230669     
          34   8.0000000000000002E-002  0.81152549472751145       0.90384727407823429        34.977171389523853     
          35   8.0000000000000002E-002  0.81152549472751145       0.90384727407823429        35.379358220414552     
          36   8.0000000000000002E-002  0.81152549472751145       0.90384727407823429        35.419676659468010     
          37   8.0000000000000002E-002  0.81152549472751145       0.90384727407823429        35.479796864774364     
          38   8.0000000000000002E-002  0.81152549472751145       0.90384727407823429        35.837244352279313     
          39   8.0000000000000002E-002  0.81152549472751145       0.90384727407823429        37.005849941196900     
          40   8.0000000000000002E-002  0.81152549472751145       0.90384727407823429        39.268709515922595     
          41   8.0000000000000002E-002  0.81152549472751145       0.90384727407823429        43.297057830809742     
          42   8.0000000000000002E-002  0.81152549472751145       0.90384727407823429        49.018101826010479     
          43   8.0000000000000002E-002  0.81152549472751145       0.90384727407823429        54.619418020176091     
          44   8.0000000000000002E-002  0.81152549472751145       0.90384727407823429        60.708644424582843     
          45   8.0000000000000002E-002  0.81152549472751145       0.90384727407823429        66.390619214336041     
          46   8.0000000000000002E-002  0.81152549472751145       0.90384727407823429        72.200521285401422     
          47   8.0000000000000002E-002  0.81152549472751145       0.90384727407823429        78.120492933708192     
          48   8.0000000000000002E-002  0.81152549472751145       0.90384727407823429        82.752080884768574     
          49   8.0000000000000002E-002  0.81152549472751145       0.90384727407823429        86.602967915518349     
          50   8.0000000000000002E-002  0.81152549472751145       0.90384727407823429        90.211395321780671     
          51   8.0000000000000002E-002  0.81152549472751145       0.90384727407823429        92.303079045778858     
          52   8.0000000000000002E-002  0.81152549472751145       0.90384727407823429        93.109705067394358     
          53   8.0000000000000002E-002  0.81152549472751145       0.90384727407823429        93.323325428412844     
          54   8.0000000000000002E-002  0.81152549472751145       0.90384727407823429        93.439602905243262     
          55   8.0000000000000002E-002  0.81152549472751145       0.90384727407823429        94.164134905218660     
          56   8.0000000000000002E-002  0.81152549472751145       0.90384727407823429        95.917169043449562     
          57   8.0000000000000002E-002  0.81152549472751145       0.90384727407823429        99.177661162268720     
          58   8.0000000000000002E-002  0.81152549472751145       0.90384727407823429        105.62526918747852     
          59   8.0000000000000002E-002  0.81152549472751145       0.90384727407823429        114.36429557168819     
          60   8.0000000000000002E-002  0.81152549472751145       0.90384727407823429        122.89931051600885     
          61   8.0000000000000002E-002  0.81152549472751145       0.90384727407823429        130.86659612823840     
          62   8.0000000000000002E-002  0.81152549472751145       0.90384727407823429        137.47492654808792     
          63   8.0000000000000002E-002  0.81152549472751145       0.90384727407823429        143.11657499011980     
          64   8.0000000000000002E-002  0.81152549472751145       0.90384727407823429        148.43491443475793     
          65   8.0000000000000002E-002  0.81152549472751145       0.90384727407823429        154.06293621677492     
          66   8.0000000000000002E-002  0.81152549472751145       0.90384727407823429        159.45469177363063     
          67   8.0000000000000002E-002  0.81152549472751145       0.90384727407823429        164.38274384057243     
          68   8.0000000000000002E-002  0.81152549472751145       0.90384727407823429        168.67261263899400     
          69   8.0000000000000002E-002  0.81152549472751145       0.90384727407823429        171.65141290966972     
          70   8.0000000000000002E-002  0.81152549472751145       0.90384727407823429        174.17604649325028     
          71   8.0000000000000002E-002  0.81152549472751145       0.90384727407823429        176.60875826569298     
          72   8.0000000000000002E-002  0.81152549472751145       0.90384727407823429        178.23333167684814     
          73   8.0000000000000002E-002  0.81152549472751145       0.90384727407823429        179.48742587126588     
          74   8.0000000000000002E-002  0.81152549472751145       0.90384727407823429        180.30877830789260     
          75   8.0000000000000002E-002  0.81152549472751145       0.90384727407823429        180.88408103339762     
          76   8.0000000000000002E-002  0.81152549472751145       0.90384727407823429        181.27904277604574     
          77   8.0000000000000002E-002  0.81152549472751145       0.90384727407823429        181.48202917398609     
          78   8.0000000000000002E-002  0.81152549472751145       0.90384727407823429        181.59905101916121     
          79   8.0000000000000002E-002  0.81152549472751145       0.90384727407823429        181.59905131694143     
          80   8.0000000000000002E-002  0.81152549472751145       0.90384727407823429        181.61577581162609     
          81   8.0000000000000002E-002  0.81152549472751145       0.90384727407823429        181.62571048539621     
          82   8.0000000000000002E-002  0.81152549472751145       0.90384727407823429        181.72447106656500     
          83   8.0000000000000002E-002  0.81152549472751145       0.90384727407823429        181.85355746801343     
          84   8.0000000000000002E-002  0.81152549472751145       0.90384727407823429        182.14874252994343     
          85   8.0000000000000002E-002  0.81152549472751145       0.90384727407823429        182.62016327785364     
          86   8.0000000000000002E-002  0.81152549472751145       0.90384727407823429        183.42936108464056     
          87   8.0000000000000002E-002  0.81152549472751145       0.90384727407823429        184.06766981542532     
          88   8.0000000000000002E-002  0.81152549472751145       0.90384727407823429        185.06039095538424     
          89   8.0000000000000002E-002  0.81152549472751145       0.90384727407823429        186.12301318707839     
          90   8.0000000000000002E-002  0.81152549472751145       0.90384727407823429        187.56268887447459     
          91   8.0000000000000002E-002  0.81152549472751145       0.90384727407823429        189.57403744938631     
          92   8.0000000000000002E-002  0.81152549472751145       0.90384727407823429        190.68770358394272     
          93   8.0000000000000002E-002  0.81152549472751145       0.90384727407823429        191.81691064451383     
          94   8.0000000000000002E-002  0.81152549472751145       0.90384727407823429        192.80548764087825     
          95   8.0000000000000002E-002  0.81152549472751145       0.90384727407823429        194.20113882724488     
          96   8.0000000000000002E-002  0.81152549472751145       0.90384727407823429        195.89941348256343     
          97   8.0000000000000002E-002  0.81152549472751145       0.90384727407823429        196.81186890987527     
          98   8.0000000000000002E-002  0.81152549472751145       0.90384727407823429        197.51984335702497     
          99   8.0000000000000002E-002  0.81152549472751145       0.90384727407823429        198.34341517715805     
         100   8.0000000000000002E-002  0.81152549472751145       0.90384727407823429        198.57434468449583     
         101   8.0000000000000002E-002  0.81152549472751145       0.90384727407823429        198.66208074563832     
         102   8.0000000000000002E-002  0.81152549472751145       0.90384727407823429        198.66212781748104     
         103   8.0000000000000002E-002  0.81152549472751145       0.90384727407823429        198.73646388763748     
         104   8.0000000000000002E-002  0.81152549472751145       0.90384727407823429        199.12885739839587     
         105   8.0000000000000002E-002  0.81152549472751145       0.90384727407823429        200.29541509095662     
         106   8.0000000000000002E-002  0.81152549472751145       0.90384727407823429        202.10654632493512     
         107   8.0000000000000002E-002  0.81152549472751145       0.90384727407823429        205.28602193130874     
         108   8.0000000000000002E-002  0.81152549472751145       0.90384727407823429        212.18976519944161     
         109   8.0000000000000002E-002  0.81152549472751145       0.90384727407823429        221.95706542089590     
         110   8.0000000000000002E-002  0.81152549472751145       0.90384727407823429        238.93425484141548     
         111   8.0000000000000002E-002  0.81152549472751145       0.90384727407823429        264.15202141599184     
         112   8.0000000000000002E-002  0.81152549472751145       0.90384727407823429        299.46367928598903     
           1   8.0000000000000002E-002  0.81144700569615491       0.90252442236509256        1.6610692159593430     
           2   8.0000000000000002E-002  0.81144700569615491       0.90252442236509256        3.4974293880815068     
           3   8.0000000000000002E-002  0.81144700569615491       0.90252442236509256        4.9048433397389672     
           4   8.0000000000000002E-002  0.81144700569615491       0.90252442236509256        5.8895741264242698     
           5   8.0000000000000002E-002  0.81144700569615491       0.90252442236509256        6.7267367829874818     
           6   8.0000000000000002E-002  0.81144700569615491       0.90252442236509256        7.3390486906790988     
           7   8.0000000000000002E-002  0.81144700569615491       0.90252442236509256        7.4736570831105213     
           8   8.0000000000000002E-002  0.81144700569615491       0.90252442236509256        7.4786178462166699     
           9   8.0000000000000002E-002  0.81144700569615491       0.90252442236509256        7.5310404318290392     
          10   8.0000000000000002E-002  0.81144700569615491       0.90252442236509256        7.8050310410748658     
          11   8.0000000000000002E-002  0.81144700569615491       0.90252442236509256        8.2886326444576550     
          12   8.0000000000000002E-002  0.81144700569615491       0.90252442236509256        9.2789761488414353     
          13   8.0000000000000002E-002  0.81144700569615491       0.90252442236509256        10.227579316416334     
          14   8.0000000000000002E-002  0.81144700569615491       0.90252442236509256        10.771933578326134     
          15   8.0000000000000002E-002  0.81144700569615491       0.90252442236509256        11.715766077878722     
          16   8.0000000000000002E-002  0.81144700569615491       0.90252442236509256        13.394897532687841     
          17   8.0000000000000002E-002  0.81144700569615491       0.90252442236509256        14.971879063730999     
          18   8.0000000000000002E-002  0.81144700569615491       0.90252442236509256        16.743785150001457     
          19   8.0000000000000002E-002  0.81144700569615491       0.90252442236509256        18.953693067935045     
          20   8.0000000000000002E-002  0.81144700569615491       0.90252442236509256        20.279344613552741     
          21   8.0000000000000002E-002  0.81144700569615491       0.90252442236509256        21.066982777428827     
          22   8.0000000000000002E-002  0.81144700569615491       0.90252442236509256        21.396295600488507     
          23   8.0000000000000002E-002  0.81144700569615491       0.90252442236509256        21.499230577388243     
          24   8.0000000000000002E-002  0.81144700569615491       0.90252442236509256        21.507049153301789     
          25   8.0000000000000002E-002  0.81144700569615491       0.90252442236509256        21.644545946073347     
          26   8.0000000000000002E-002  0.81144700569615491       0.90252442236509256        22.370349992596239     
          27   8.0000000000000002E-002  0.81144700569615491       0.90252442236509256        23.770533218655117     
          28   8.0000000000000002E-002  0.81144700569615491       0.90252442236509256        26.115840634823741     
          29   8.0000000000000002E-002  0.81144700569615491       0.90252442236509256        29.888911185782259     
          30   8.0000000000000002E-002  0.81144700569615491       0.90252442236509256        30.034594207813210     
          31   8.0000000000000002E-002  0.81144700569615491       0.90252442236509256        30.822339583020149     
          32   8.0000000000000002E-002  0.81144700569615491       0.90252442236509256        32.270089003306524     
          33   8.0000000000000002E-002  0.81144700569615491       0.90252442236509256        34.169198453992379     
          34   8.0000000000000002E-002  0.81144700569615491       0.90252442236509256        35.103392790030412     
          35   8.0000000000000002E-002  0.81144700569615491       0.90252442236509256        35.508959507429175     
          36   8.0000000000000002E-002  0.81144700569615491       0.90252442236509256        35.549851686526623     
          37   8.0000000000000002E-002  0.81144700569615491       0.90252442236509256        35.609962334399725     
          38   8.0000000000000002E-002  0.81144700569615491       0.90252442236509256        35.969325274137070     
          39   8.0000000000000002E-002  0.81144700569615491       0.90252442236509256        37.145026479286273     
          40   8.0000000000000002E-002  0.81144700569615491       0.90252442236509256        39.423052203582102     
          41   8.0000000000000002E-002  0.81144700569615491       0.90252442236509256        43.479409722352798     
          42   8.0000000000000002E-002  0.81144700569615491       0.90252442236509256        49.243906000663216     
          43   8.0000000000000002E-002  0.81144700569615491       0.90252442236509256        54.896731337297979     
          44   8.0000000000000002E-002  0.81144700569615491       0.90252442236509256        61.048832108310506     
          45   8.0000000000000002E-002  0.81144700569615491       0.90252442236509256        66.793721864863926     
          46   8.0000000000000002E-002  0.81144700569615491       0.90252442236509256        72.679336835863737     
          47   8.0000000000000002E-002  0.81144700569615491       0.90252442236509256        78.679844453062316     
          48   8.0000000000000002E-002  0.81144700569615491       0.90252442236509256        83.385504013307823     
          49   8.0000000000000002E-002  0.81144700569615491       0.90252442236509256        87.306057501489292     
          50   8.0000000000000002E-002  0.81144700569615491       0.90252442236509256        90.993673273066094     
          51   8.0000000000000002E-002  0.81144700569615491       0.90252442236509256        93.148217688715135     
          52   8.0000000000000002E-002  0.81144700569615491       0.90252442236509256        93.994005133389294     
          53   8.0000000000000002E-002  0.81144700569615491       0.90252442236509256        94.228333743304049     
          54   8.0000000000000002E-002  0.81144700569615491       0.90252442236509256        94.330166525928561     
          55   8.0000000000000002E-002  0.81144700569615491       0.90252442236509256        95.019355871271401     
          56   8.0000000000000002E-002  0.81144700569615491       0.90252442236509256        96.724045259299473     
          57   8.0000000000000002E-002  0.81144700569615491       0.90252442236509256        99.917893827256208     
          58   8.0000000000000002E-002  0.81144700569615491       0.90252442236509256        106.26883326906433     
          59   8.0000000000000002E-002  0.81144700569615491       0.90252442236509256        115.04419280533271     
          60   8.0000000000000002E-002  0.81144700569615491       0.90252442236509256        123.61370166743411     
          61   8.0000000000000002E-002  0.81144700569615491       0.90252442236509256        131.61279608138645     
          62   8.0000000000000002E-002  0.81144700569615491       0.90252442236509256        138.24887227878637     
          63   8.0000000000000002E-002  0.81144700569615491       0.90252442236509256        143.91490796810922     
          64   8.0000000000000002E-002  0.81144700569615491       0.90252442236509256        149.25534855608683     
          65   8.0000000000000002E-002  0.81144700569615491       0.90252442236509256        154.90463356806453     
          66   8.0000000000000002E-002  0.81144700569615491       0.90252442236509256        160.31542478134489     
          67   8.0000000000000002E-002  0.81144700569615491       0.90252442236509256        165.26009233379710     
          68   8.0000000000000002E-002  0.81144700569615491       0.90252442236509256        169.56388374827506     
          69   8.0000000000000002E-002  0.81144700569615491       0.90252442236509256        172.55301421697447     
          70   8.0000000000000002E-002  0.81144700569615491       0.90252442236509256        175.08578950899468     
          71   8.0000000000000002E-002  0.81144700569615491       0.90252442236509256        177.52508350242695     
          72   8.0000000000000002E-002  0.81144700569615491       0.90252442236509256        179.15382355834004     
          73   8.0000000000000002E-002  0.81144700569615491       0.90252442236509256        180.41045996117825     
          74   8.0000000000000002E-002  0.81144700569615491       0.90252442236509256        181.23293005289148     
          75   8.0000000000000002E-002  0.81144700569615491       0.90252442236509256        181.80834055031423     
          76   8.0000000000000002E-002  0.81144700569615491       0.90252442236509256        182.20267683346000     
          77   8.0000000000000002E-002  0.81144700569615491       0.90252442236509256        182.40467845808215     
          78   8.0000000000000002E-002  0.81144700569615491       0.90252442236509256        182.52052613710487     
          79   8.0000000000000002E-002  0.81144700569615491       0.90252442236509256        182.52052949492878     
          80   8.0000000000000002E-002  0.81144700569615491       0.90252442236509256        182.53646839110303     
          81   8.0000000000000002E-002  0.81144700569615491       0.90252442236509256        182.54717759197086     
          82   8.0000000000000002E-002  0.81144700569615491       0.90252442236509256        182.64880417426858     
          83   8.0000000000000002E-002  0.81144700569615491       0.90252442236509256        182.78171377226317     
          84   8.0000000000000002E-002  0.81144700569615491       0.90252442236509256        183.08353484994123     
          85   8.0000000000000002E-002  0.81144700569615491       0.90252442236509256        183.56448988816172     
          86   8.0000000000000002E-002  0.81144700569615491       0.90252442236509256        184.38773786041054     
          87   8.0000000000000002E-002  0.81144700569615491       0.90252442236509256        185.03989241875135     
          88   8.0000000000000002E-002  0.81144700569615491       0.90252442236509256        186.05171641571175     
          89   8.0000000000000002E-002  0.81144700569615491       0.90252442236509256        187.13591676791449     
          90   8.0000000000000002E-002  0.81144700569615491       0.90252442236509256        188.60303912327208     
          91   8.0000000000000002E-002  0.81144700569615491       0.90252442236509256        190.64965911236141     
          92   8.0000000000000002E-002  0.81144700569615491       0.90252442236509256        191.79139138675058     
          93   8.0000000000000002E-002  0.81144700569615491       0.90252442236509256        192.95088788419267     
          94   8.0000000000000002E-002  0.81144700569615491       0.90252442236509256        193.96970424613465     
          95   8.0000000000000002E-002  0.81144700569615491       0.90252442236509256        195.40388909284070     
          96   8.0000000000000002E-002  0.81144700569615491       0.90252442236509256        197.14733067211009     
          97   8.0000000000000002E-002  0.81144700569615491       0.90252442236509256        198.09465699918292     
          98   8.0000000000000002E-002  0.81144700569615491       0.90252442236509256        198.83503037179679     
          99   8.0000000000000002E-002  0.81144700569615491       0.90252442236509256        199.69517603485863     
         100   8.0000000000000002E-002  0.81144700569615491       0.90252442236509256        199.94660959995375     
         101   8.0000000000000002E-002  0.81144700569615491       0.90252442236509256        200.04770885815446     
         102   8.0000000000000002E-002  0.81144700569615491       0.90252442236509256        200.04858433151679     
         103   8.0000000000000002E-002  0.81144700569615491       0.90252442236509256        200.11062719347188     
         104   8.0000000000000002E-002  0.81144700569615491       0.90252442236509256        200.47343494478346     
         105   8.0000000000000002E-002  0.81144700569615491       0.90252442236509256        201.58726161204572     
         106   8.0000000000000002E-002  0.81144700569615491       0.90252442236509256        203.33004813235178     
         107   8.0000000000000002E-002  0.81144700569615491       0.90252442236509256        206.41631166721453     
         108   8.0000000000000002E-002  0.81144700569615491       0.90252442236509256        213.17782765869109     
         109   8.0000000000000002E-002  0.81144700569615491       0.90252442236509256        222.77234854201248     
         110   8.0000000000000002E-002  0.81144700569615491       0.90252442236509256        239.52076635987135     
         111   8.0000000000000002E-002  0.81144700569615491       0.90252442236509256        264.46256921135603     
         112   8.0000000000000002E-002  0.81144700569615491       0.90252442236509256        299.44940111747877     
Note: The following floating-point exceptions are signalling: IEEE_UNDERFLOW_FLAG IEEE_DENORMAL

real	1179m34,506s
user	1179m13,733s
sys	0m15,154s


'Parametros de minimizacao de curva sigmagg'      
     1 'A1        '   0.9000E-01  0.10000E-02    0.50000E-01  0.10000    
     2 'A2        '   0.90000      0.10000E-04    0.25000       1.0000    
     3 'A3        '    1.3730      0.10000E-02    0.80000       2.0000    

 SET ERRORDEF    4.605
 FIX    1.000
 SIMPLEX
 SIMPLEX
 MIGRAD
 MIGRAD 
 MIGRAD 
 HESSE 
 RETURN

