          1   8.9999999999999997E-002  0.84357284431629043       0.94674279454112154        2.2127971565240099     
           2   8.9999999999999997E-002  0.84357284431629043       0.94674279454112154        4.8366026041280508     
           3   8.9999999999999997E-002  0.84357284431629043       0.94674279454112154        7.0291530314079891     
           4   8.9999999999999997E-002  0.84357284431629043       0.94674279454112154        8.6948860498753646     
           5   8.9999999999999997E-002  0.84357284431629043       0.94674279454112154        10.203162473036404     
           6   8.9999999999999997E-002  0.84357284431629043       0.94674279454112154        11.409254269984160     
           7   8.9999999999999997E-002  0.84357284431629043       0.94674279454112154        11.879024616720759     
           8   8.9999999999999997E-002  0.84357284431629043       0.94674279454112154        12.033874859270732     
           9   8.9999999999999997E-002  0.84357284431629043       0.94674279454112154        12.041956710428940     
          10   8.9999999999999997E-002  0.84357284431629043       0.94674279454112154        12.084739557561781     
          11   8.9999999999999997E-002  0.84357284431629043       0.94674279454112154        12.233184503993384     
          12   8.9999999999999997E-002  0.84357284431629043       0.94674279454112154        12.721709680801219     
          13   8.9999999999999997E-002  0.84357284431629043       0.94674279454112154        13.237675345200961     
          14   8.9999999999999997E-002  0.84357284431629043       0.94674279454112154        13.516048523042784     
          15   8.9999999999999997E-002  0.84357284431629043       0.94674279454112154        14.115623189068948     
          16   8.9999999999999997E-002  0.84357284431629043       0.94674279454112154        15.312609917065153     
          17   8.9999999999999997E-002  0.84357284431629043       0.94674279454112154        16.455555755505497     
          18   8.9999999999999997E-002  0.84357284431629043       0.94674279454112154        17.798473627134843     
          19   8.9999999999999997E-002  0.84357284431629043       0.94674279454112154        19.539640438985813     
          20   8.9999999999999997E-002  0.84357284431629043       0.94674279454112154        20.538775520878787     
          21   8.9999999999999997E-002  0.84357284431629043       0.94674279454112154        21.102280062322738     
          22   8.9999999999999997E-002  0.84357284431629043       0.94674279454112154        21.306173160282533     
          23   8.9999999999999997E-002  0.84357284431629043       0.94674279454112154        21.350159513302259     
          24   8.9999999999999997E-002  0.84357284431629043       0.94674279454112154        21.383514327633964     
          25   8.9999999999999997E-002  0.84357284431629043       0.94674279454112154        21.592611999209161     
          26   8.9999999999999997E-002  0.84357284431629043       0.94674279454112154        22.463639899925017     
          27   8.9999999999999997E-002  0.84357284431629043       0.94674279454112154        24.029298953145471     
          28   8.9999999999999997E-002  0.84357284431629043       0.94674279454112154        26.548828920183876     
          29   8.9999999999999997E-002  0.84357284431629043       0.94674279454112154        30.516959024123096     
          30   8.9999999999999997E-002  0.84357284431629043       0.94674279454112154        30.727042884875001     
          31   8.9999999999999997E-002  0.84357284431629043       0.94674279454112154        31.860855956212159     
          32   8.9999999999999997E-002  0.84357284431629043       0.94674279454112154        33.949276981922992     
          33   8.9999999999999997E-002  0.84357284431629043       0.94674279454112154        36.775946456273765     
          34   8.9999999999999997E-002  0.84357284431629043       0.94674279454112154        38.407699020359850     
          35   8.9999999999999997E-002  0.84357284431629043       0.94674279454112154        39.324811305897903     
          36   8.9999999999999997E-002  0.84357284431629043       0.94674279454112154        39.596789877724461     
          37   8.9999999999999997E-002  0.84357284431629043       0.94674279454112154        39.602223843703015     
          38   8.9999999999999997E-002  0.84357284431629043       0.94674279454112154        39.680020062982358     
          39   8.9999999999999997E-002  0.84357284431629043       0.94674279454112154        40.284524405571723     
          40   8.9999999999999997E-002  0.84357284431629043       0.94674279454112154        41.760762474870617     
          41   8.9999999999999997E-002  0.84357284431629043       0.94674279454112154        44.763443604662136     
          42   8.9999999999999997E-002  0.84357284431629043       0.94674279454112154        49.305622760028655     
          43   8.9999999999999997E-002  0.84357284431629043       0.94674279454112154        53.829390122480234     
          44   8.9999999999999997E-002  0.84357284431629043       0.94674279454112154        58.885943664394340     
          45   8.9999999999999997E-002  0.84357284431629043       0.94674279454112154        63.747215836741859     
          46   8.9999999999999997E-002  0.84357284431629043       0.94674279454112154        68.759161673647711     
          47   8.9999999999999997E-002  0.84357284431629043       0.94674279454112154        73.988002539287379     
          48   8.9999999999999997E-002  0.84357284431629043       0.94674279454112154        78.100183748888895     
          49   8.9999999999999997E-002  0.84357284431629043       0.94674279454112154        81.542956164068300     
          50   8.9999999999999997E-002  0.84357284431629043       0.94674279454112154        84.765779772062714     
          51   8.9999999999999997E-002  0.84357284431629043       0.94674279454112154        86.604508191163191     
          52   8.9999999999999997E-002  0.84357284431629043       0.94674279454112154        87.279882957346075     
          53   8.9999999999999997E-002  0.84357284431629043       0.94674279454112154        87.436439111526880     
          54   8.9999999999999997E-002  0.84357284431629043       0.94674279454112154        87.595644638204135     
          55   8.9999999999999997E-002  0.84357284431629043       0.94674279454112154        88.407877542512097     
          56   8.9999999999999997E-002  0.84357284431629043       0.94674279454112154        90.269905583777287     
          57   8.9999999999999997E-002  0.84357284431629043       0.94674279454112154        93.672806852411071     
          58   8.9999999999999997E-002  0.84357284431629043       0.94674279454112154        100.32294113439663     
          59   8.9999999999999997E-002  0.84357284431629043       0.94674279454112154        107.77780581353115     
          60   8.9999999999999997E-002  0.84357284431629043       0.94674279454112154        115.03981532115240     
          61   8.9999999999999997E-002  0.84357284431629043       0.94674279454112154        121.77577907818831     
          62   8.9999999999999997E-002  0.84357284431629043       0.94674279454112154        127.25481844368865     
          63   8.9999999999999997E-002  0.84357284431629043       0.94674279454112154        131.84591693411355     
          64   8.9999999999999997E-002  0.84357284431629043       0.94674279454112154        136.14573405162147     
          65   8.9999999999999997E-002  0.84357284431629043       0.94674279454112154        140.71435540060466     
          66   8.9999999999999997E-002  0.84357284431629043       0.94674279454112154        145.07192835749774     
          67   8.9999999999999997E-002  0.84357284431629043       0.94674279454112154        149.00542150602632     
          68   8.9999999999999997E-002  0.84357284431629043       0.94674279454112154        152.36382931011099     
          69   8.9999999999999997E-002  0.84357284431629043       0.94674279454112154        154.56138092436530     
          70   8.9999999999999997E-002  0.84357284431629043       0.94674279454112154        156.36612890812870     
          71   8.9999999999999997E-002  0.84357284431629043       0.94674279454112154        158.08809768615075     
          72   8.9999999999999997E-002  0.84357284431629043       0.94674279454112154        159.13907837408411     
          73   8.9999999999999997E-002  0.84357284431629043       0.94674279454112154        159.89342691298549     
          74   8.9999999999999997E-002  0.84357284431629043       0.94674279454112154        160.31976659635774     
          75   8.9999999999999997E-002  0.84357284431629043       0.94674279454112154        160.57292280259404     
          76   8.9999999999999997E-002  0.84357284431629043       0.94674279454112154        160.71056128271127     
          77   8.9999999999999997E-002  0.84357284431629043       0.94674279454112154        160.74697763258192     
          78   8.9999999999999997E-002  0.84357284431629043       0.94674279454112154        160.75336918543601     
          79   8.9999999999999997E-002  0.84357284431629043       0.94674279454112154        160.82323498792684     
          80   8.9999999999999997E-002  0.84357284431629043       0.94674279454112154        160.84245075174451     
          81   8.9999999999999997E-002  0.84357284431629043       0.94674279454112154        160.98024610888385     
          82   8.9999999999999997E-002  0.84357284431629043       0.94674279454112154        161.32291020466937     
          83   8.9999999999999997E-002  0.84357284431629043       0.94674279454112154        161.72076809211612     
          84   8.9999999999999997E-002  0.84357284431629043       0.94674279454112154        162.38563553511523     
          85   8.9999999999999997E-002  0.84357284431629043       0.94674279454112154        163.30667252900102     
          86   8.9999999999999997E-002  0.84357284431629043       0.94674279454112154        164.68335506379853     
          87   8.9999999999999997E-002  0.84357284431629043       0.94674279454112154        165.83074295190184     
          88   8.9999999999999997E-002  0.84357284431629043       0.94674279454112154        167.43926254082280     
          89   8.9999999999999997E-002  0.84357284431629043       0.94674279454112154        169.12917308699443     
          90   8.9999999999999997E-002  0.84357284431629043       0.94674279454112154        171.28295395351034     
          91   8.9999999999999997E-002  0.84357284431629043       0.94674279454112154        174.11847497552060     
          92   8.9999999999999997E-002  0.84357284431629043       0.94674279454112154        175.84650103792285     
          93   8.9999999999999997E-002  0.84357284431629043       0.94674279454112154        177.58073351729158     
          94   8.9999999999999997E-002  0.84357284431629043       0.94674279454112154        179.12475581960607     
          95   8.9999999999999997E-002  0.84357284431629043       0.94674279454112154        181.15676128650824     
          96   8.9999999999999997E-002  0.84357284431629043       0.94674279454112154        183.53041417323163     
          97   8.9999999999999997E-002  0.84357284431629043       0.94674279454112154        184.92962312534922     
          98   8.9999999999999997E-002  0.84357284431629043       0.94674279454112154        186.05406236374688     
          99   8.9999999999999997E-002  0.84357284431629043       0.94674279454112154        187.29996114533552     
         100   8.9999999999999997E-002  0.84357284431629043       0.94674279454112154        187.75918339894611     
         101   8.9999999999999997E-002  0.84357284431629043       0.94674279454112154        187.99022672627763     
         102   8.9999999999999997E-002  0.84357284431629043       0.94674279454112154        188.02197123868973     
         103   8.9999999999999997E-002  0.84357284431629043       0.94674279454112154        188.03557846932236     
         104   8.9999999999999997E-002  0.84357284431629043       0.94674279454112154        188.27180758376321     
         105   8.9999999999999997E-002  0.84357284431629043       0.94674279454112154        189.18310361228521     
         106   8.9999999999999997E-002  0.84357284431629043       0.94674279454112154        190.71121062781015     
         107   8.9999999999999997E-002  0.84357284431629043       0.94674279454112154        193.58995500607747     
         108   8.9999999999999997E-002  0.84357284431629043       0.94674279454112154        200.19719259279833     
         109   8.9999999999999997E-002  0.84357284431629043       0.94674279454112154        209.81101930157268     
         110   8.9999999999999997E-002  0.84357284431629043       0.94674279454112154        226.87115068297871     
         111   8.9999999999999997E-002  0.84357284431629043       0.94674279454112154        252.53038883304373     
         112   8.9999999999999997E-002  0.84357284431629043       0.94674279454112154        288.78115134009710     
           1   8.9999999999999997E-002  0.84356967218829626       0.94668381806723689        2.2130816257317729     
           2   8.9999999999999997E-002  0.84356967218829626       0.94668381806723689        4.8372590628189975     
           3   8.9999999999999997E-002  0.84356967218829626       0.94668381806723689        7.0301336068796871     
           4   8.9999999999999997E-002  0.84356967218829626       0.94668381806723689        8.6960963793362254     
           5   8.9999999999999997E-002  0.84356967218829626       0.94668381806723689        10.204538101067785     
           6   8.9999999999999997E-002  0.84356967218829626       0.94668381806723689        11.410713291189104     
           7   8.9999999999999997E-002  0.84356967218829626       0.94668381806723689        11.880488229810965     
           8   8.9999999999999997E-002  0.84356967218829626       0.94668381806723689        12.035309636354393     
           9   8.9999999999999997E-002  0.84356967218829626       0.94668381806723689        12.043376970660853     
          10   8.9999999999999997E-002  0.84356967218829626       0.94668381806723689        12.086213288050264     
          11   8.9999999999999997E-002  0.84356967218829626       0.94668381806723689        12.234796781585995     
          12   8.9999999999999997E-002  0.84356967218829626       0.94668381806723689        12.723645308096847     
          13   8.9999999999999997E-002  0.84356967218829626       0.94668381806723689        13.239981436073439     
          14   8.9999999999999997E-002  0.84356967218829626       0.94668381806723689        13.518632784680790     
          15   8.9999999999999997E-002  0.84356967218829626       0.94668381806723689        14.118678118974072     
          16   8.9999999999999997E-002  0.84356967218829626       0.94668381806723689        15.316493515152281     
          17   8.9999999999999997E-002  0.84356967218829626       0.94668381806723689        16.460334612399794     
          18   8.9999999999999997E-002  0.84356967218829626       0.94668381806723689        17.804318371490602     
          19   8.9999999999999997E-002  0.84356967218829626       0.94668381806723689        19.546875429109388     
          20   8.9999999999999997E-002  0.84356967218829626       0.94668381806723689        20.547121362003807     
          21   8.9999999999999997E-002  0.84356967218829626       0.94668381806723689        21.111501397584536     
          22   8.9999999999999997E-002  0.84356967218829626       0.94668381806723689        21.315944689101737     
          23   8.9999999999999997E-002  0.84356967218829626       0.94668381806723689        21.360199606699922     
          24   8.9999999999999997E-002  0.84356967218829626       0.94668381806723689        21.393326865825738     
          25   8.9999999999999997E-002  0.84356967218829626       0.94668381806723689        21.601823354353005     
          26   8.9999999999999997E-002  0.84356967218829626       0.94668381806723689        22.471540075426795     
          27   8.9999999999999997E-002  0.84356967218829626       0.94668381806723689        24.035550166257298     
          28   8.9999999999999997E-002  0.84356967218829626       0.94668381806723689        26.553162891949061     
          29   8.9999999999999997E-002  0.84356967218829626       0.94668381806723689        30.518942083525847     
          30   8.9999999999999997E-002  0.84356967218829626       0.94668381806723689        30.729078377823367     
          31   8.9999999999999997E-002  0.84356967218829626       0.94668381806723689        31.863143601792643     
          32   8.9999999999999997E-002  0.84356967218829626       0.94668381806723689        33.951970303988510     
          33   8.9999999999999997E-002  0.84356967218829626       0.94668381806723689        36.779109629680526     
          34   8.9999999999999997E-002  0.84356967218829626       0.94668381806723689        38.411128158931810     
          35   8.9999999999999997E-002  0.84356967218829626       0.94668381806723689        39.328357238312265     
          36   8.9999999999999997E-002  0.84356967218829626       0.94668381806723689        39.600342345640676     
          37   8.9999999999999997E-002  0.84356967218829626       0.94668381806723689        39.605768040746455     
          38   8.9999999999999997E-002  0.84356967218829626       0.94668381806723689        39.683635910710237     
          39   8.9999999999999997E-002  0.84356967218829626       0.94668381806723689        40.288452051729706     
          40   8.9999999999999997E-002  0.84356967218829626       0.94668381806723689        41.765361430606170     
          41   8.9999999999999997E-002  0.84356967218829626       0.94668381806723689        44.769289184320826     
          42   8.9999999999999997E-002  0.84356967218829626       0.94668381806723689        49.313389916324745     
          43   8.9999999999999997E-002  0.84356967218829626       0.94668381806723689        53.839397975097945     
          44   8.9999999999999997E-002  0.84356967218829626       0.94668381806723689        58.898673357736158     
          45   8.9999999999999997E-002  0.84356967218829626       0.94668381806723689        63.762670390053984     
          46   8.9999999999999997E-002  0.84356967218829626       0.94668381806723689        68.777872702243755     
          47   8.9999999999999997E-002  0.84356967218829626       0.94668381806723689        74.010187806451967     
          48   8.9999999999999997E-002  0.84356967218829626       0.94668381806723689        78.125548463510867     
          49   8.9999999999999997E-002  0.84356967218829626       0.94668381806723689        81.571303967133815     
          50   8.9999999999999997E-002  0.84356967218829626       0.94668381806723689        84.797497446223531     
          51   8.9999999999999997E-002  0.84356967218829626       0.94668381806723689        86.638863422992983     
          52   8.9999999999999997E-002  0.84356967218829626       0.94668381806723689        87.315829406560425     
          53   8.9999999999999997E-002  0.84356967218829626       0.94668381806723689        87.473161922136512     
          54   8.9999999999999997E-002  0.84356967218829626       0.94668381806723689        87.631588656561135     
          55   8.9999999999999997E-002  0.84356967218829626       0.94668381806723689        88.442134487469147     
          56   8.9999999999999997E-002  0.84356967218829626       0.94668381806723689        90.301932345974407     
          57   8.9999999999999997E-002  0.84356967218829626       0.94668381806723689        93.701796929572282     
          58   8.9999999999999997E-002  0.84356967218829626       0.94668381806723689        100.34756501415981     
          59   8.9999999999999997E-002  0.84356967218829626       0.94668381806723689        107.80372740017896     
          60   8.9999999999999997E-002  0.84356967218829626       0.94668381806723689        115.06696022928277     
          61   8.9999999999999997E-002  0.84356967218829626       0.94668381806723689        121.80404077011856     
          62   8.9999999999999997E-002  0.84356967218829626       0.94668381806723689        127.28403689870945     
          63   8.9999999999999997E-002  0.84356967218829626       0.94668381806723689        131.87596039498337     
          64   8.9999999999999997E-002  0.84356967218829626       0.94668381806723689        136.17651394014752     
          65   8.9999999999999997E-002  0.84356967218829626       0.94668381806723689        140.74583505195713     
          66   8.9999999999999997E-002  0.84356967218829626       0.94668381806723689        145.10402179188875     
          67   8.9999999999999997E-002  0.84356967218829626       0.94668381806723689        149.03803504942519     
          68   8.9999999999999997E-002  0.84356967218829626       0.94668381806723689        152.39686122737839     
          69   8.9999999999999997E-002  0.84356967218829626       0.94668381806723689        154.59470137723852     
          70   8.9999999999999997E-002  0.84356967218829626       0.94668381806723689        156.39965939231840     
          71   8.9999999999999997E-002  0.84356967218829626       0.94668381806723689        158.12178060740169     
          72   8.9999999999999997E-002  0.84356967218829626       0.94668381806723689        159.17283704027997     
          73   8.9999999999999997E-002  0.84356967218829626       0.94668381806723689        159.92721119678239     
          74   8.9999999999999997E-002  0.84356967218829626       0.94668381806723689        160.35354002621997     
          75   8.9999999999999997E-002  0.84356967218829626       0.94668381806723689        160.60666344416990     
          76   8.9999999999999997E-002  0.84356967218829626       0.94668381806723689        160.74425894934819     
          77   8.9999999999999997E-002  0.84356967218829626       0.94668381806723689        160.78064305283934     
          78   8.9999999999999997E-002  0.84356967218829626       0.94668381806723689        160.78701663741808     
          79   8.9999999999999997E-002  0.84356967218829626       0.94668381806723689        160.85695744448901     
          80   8.9999999999999997E-002  0.84356967218829626       0.94668381806723689        160.87622119655194     
          81   8.9999999999999997E-002  0.84356967218829626       0.94668381806723689        161.01416961416425     
          82   8.9999999999999997E-002  0.84356967218829626       0.94668381806723689        161.35711199790194     
          83   8.9999999999999997E-002  0.84356967218829626       0.94668381806723689        161.75531193255486     
          84   8.9999999999999997E-002  0.84356967218829626       0.94668381806723689        162.42067882377549     
          85   8.9999999999999997E-002  0.84356967218829626       0.94668381806723689        163.34237497887577     
          86   8.9999999999999997E-002  0.84356967218829626       0.94668381806723689        164.71995389061541     
          87   8.9999999999999997E-002  0.84356967218829626       0.94668381806723689        165.86823983446638     
          88   8.9999999999999997E-002  0.84356967218829626       0.94668381806723689        167.47792653197084     
          89   8.9999999999999997E-002  0.84356967218829626       0.94668381806723689        169.16913332440384     
          90   8.9999999999999997E-002  0.84356967218829626       0.94668381806723689        171.32450365630510     
          91   8.9999999999999997E-002  0.84356967218829626       0.94668381806723689        174.16199714284019     
          92   8.9999999999999997E-002  0.84356967218829626       0.94668381806723689        175.89165864707101     
          93   8.9999999999999997E-002  0.84356967218829626       0.94668381806723689        177.62763860000771     
          94   8.9999999999999997E-002  0.84356967218829626       0.94668381806723689        179.17341162262724     
          95   8.9999999999999997E-002  0.84356967218829626       0.94668381806723689        181.20756472140485     
          96   8.9999999999999997E-002  0.84356967218829626       0.94668381806723689        183.58367644096961     
          97   8.9999999999999997E-002  0.84356967218829626       0.94668381806723689        184.98486218163006     
          98   8.9999999999999997E-002  0.84356967218829626       0.94668381806723689        186.11116212053116     
          99   8.9999999999999997E-002  0.84356967218829626       0.94668381806723689        187.35910619615348     
         100   8.9999999999999997E-002  0.84356967218829626       0.94668381806723689        187.81962630473663     
         101   8.9999999999999997E-002  0.84356967218829626       0.94668381806723689        188.05162696440516     
         102   8.9999999999999997E-002  0.84356967218829626       0.94668381806723689        188.08374197907224     
         103   8.9999999999999997E-002  0.84356967218829626       0.94668381806723689        188.09710016169709     
         104   8.9999999999999997E-002  0.84356967218829626       0.94668381806723689        188.33226720225733     
         105   8.9999999999999997E-002  0.84356967218829626       0.94668381806723689        189.24142658104114     
         106   8.9999999999999997E-002  0.84356967218829626       0.94668381806723689        190.76666622299331     
         107   8.9999999999999997E-002  0.84356967218829626       0.94668381806723689        193.64137720631467     
         108   8.9999999999999997E-002  0.84356967218829626       0.94668381806723689        200.24231827403045     
         109   8.9999999999999997E-002  0.84356967218829626       0.94668381806723689        209.84841528042099     
         110   8.9999999999999997E-002  0.84356967218829626       0.94668381806723689        226.89824651496980     
         111   8.9999999999999997E-002  0.84356967218829626       0.94668381806723689        252.54502642204164     
         112   8.9999999999999997E-002  0.84356967218829626       0.94668381806723689        288.78111177175401     
Note: The following floating-point exceptions are signalling: IEEE_UNDERFLOW_FLAG IEEE_DENORMAL

real	275m25,922s
user	275m20,738s
sys	0m3,464s


'Parametros de minimizacao de curva sigmagg'      
     1 'A1        '   0.9000E-01  0.10000E-02    0.50000E-01  0.10000    
     2 'A2        '   0.90000      0.10000E-04    0.25000       1.0000    
     3 'A3        '    1.3730      0.10000E-02    0.80000       2.0000    

 SET ERRORDEF    4.605
 FIX    1.000
 SIMPLEX
 SIMPLEX
 MIGRAD
 MIGRAD 
 MIGRAD 
 HESSE 
 RETURN

