           1   5.9999999999999998E-002  0.74710139683734889       0.80000187206190443       0.75689152571856477     
           2   5.9999999999999998E-002  0.74710139683734889       0.80000187206190443        1.3956515300732906     
           3   5.9999999999999998E-002  0.74710139683734889       0.80000187206190443        1.7215691041200891     
           4   5.9999999999999998E-002  0.74710139683734889       0.80000187206190443        1.8599149890444608     
           5   5.9999999999999998E-002  0.74710139683734889       0.80000187206190443        1.9314320998657877     
           6   5.9999999999999998E-002  0.74710139683734889       0.80000187206190443        1.9493272706224682     
           7   5.9999999999999998E-002  0.74710139683734889       0.80000187206190443        2.0294018919204557     
           8   5.9999999999999998E-002  0.74710139683734889       0.80000187206190443        2.3701686671807858     
           9   5.9999999999999998E-002  0.74710139683734889       0.80000187206190443        3.1259147068864497     
          10   5.9999999999999998E-002  0.74710139683734889       0.80000187206190443        4.4572837571568069     
          11   5.9999999999999998E-002  0.74710139683734889       0.80000187206190443        6.1666603572633276     
          12   5.9999999999999998E-002  0.74710139683734889       0.80000187206190443        8.6441618974578347     
          13   5.9999999999999998E-002  0.74710139683734889       0.80000187206190443        10.800496796746835     
          14   5.9999999999999998E-002  0.74710139683734889       0.80000187206190443        12.100674485621653     
          15   5.9999999999999998E-002  0.74710139683734889       0.80000187206190443        13.909778155551663     
          16   5.9999999999999998E-002  0.74710139683734889       0.80000187206190443        16.711168479976575     
          17   5.9999999999999998E-002  0.74710139683734889       0.80000187206190443        19.277138221289171     
          18   5.9999999999999998E-002  0.74710139683734889       0.80000187206190443        21.990605328722101     
          19   5.9999999999999998E-002  0.74710139683734889       0.80000187206190443        25.195725834640207     
          20   5.9999999999999998E-002  0.74710139683734889       0.80000187206190443        27.227592926374140     
          21   5.9999999999999998E-002  0.74710139683734889       0.80000187206190443        28.511834877538117     
          22   5.9999999999999998E-002  0.74710139683734889       0.80000187206190443        29.140922022991976     
          23   5.9999999999999998E-002  0.74710139683734889       0.80000187206190443        29.411974712011880     
          24   5.9999999999999998E-002  0.74710139683734889       0.80000187206190443        29.418788357822383     
          25   5.9999999999999998E-002  0.74710139683734889       0.80000187206190443        29.463366456985277     
          26   5.9999999999999998E-002  0.74710139683734889       0.80000187206190443        29.950247236249254     
          27   5.9999999999999998E-002  0.74710139683734889       0.80000187206190443        31.052568480489089     
          28   5.9999999999999998E-002  0.74710139683734889       0.80000187206190443        33.059613772347646     
          29   5.9999999999999998E-002  0.74710139683734889       0.80000187206190443        36.426746972959535     
          30   5.9999999999999998E-002  0.74710139683734889       0.80000187206190443        36.474643791829308     
          31   5.9999999999999998E-002  0.74710139683734889       0.80000187206190443        36.737985224306868     
          32   5.9999999999999998E-002  0.74710139683734889       0.80000187206190443        37.221580123252295     
          33   5.9999999999999998E-002  0.74710139683734889       0.80000187206190443        37.779261378791347     
          34   5.9999999999999998E-002  0.74710139683734889       0.80000187206190443        37.884624470064601     
          35   5.9999999999999998E-002  0.74710139683734889       0.80000187206190443        37.885008373722385     
          36   5.9999999999999998E-002  0.74710139683734889       0.80000187206190443        38.082451055937170     
          37   5.9999999999999998E-002  0.74710139683734889       0.80000187206190443        38.863175602594197     
          38   5.9999999999999998E-002  0.74710139683734889       0.80000187206190443        40.384084434647882     
          39   5.9999999999999998E-002  0.74710139683734889       0.80000187206190443        43.216199005631879     
          40   5.9999999999999998E-002  0.74710139683734889       0.80000187206190443        47.523877998458673     
          41   5.9999999999999998E-002  0.74710139683734889       0.80000187206190443        54.009056745565630     
          42   5.9999999999999998E-002  0.74710139683734889       0.80000187206190443        62.437726335161031     
          43   5.9999999999999998E-002  0.74710139683734889       0.80000187206190443        70.484191202467045     
          44   5.9999999999999998E-002  0.74710139683734889       0.80000187206190443        78.877406534140121     
          45   5.9999999999999998E-002  0.74710139683734889       0.80000187206190443        86.362728754203076     
          46   5.9999999999999998E-002  0.74710139683734889       0.80000187206190443        93.931194959210146     
          47   5.9999999999999998E-002  0.74710139683734889       0.80000187206190443        101.37204825745873     
          48   5.9999999999999998E-002  0.74710139683734889       0.80000187206190443        107.16804685588336     
          49   5.9999999999999998E-002  0.74710139683734889       0.80000187206190443        111.95624857620996     
          50   5.9999999999999998E-002  0.74710139683734889       0.80000187206190443        116.48836886153869     
          51   5.9999999999999998E-002  0.74710139683734889       0.80000187206190443        119.22954765223336     
          52   5.9999999999999998E-002  0.74710139683734889       0.80000187206190443        120.41131929170611     
          53   5.9999999999999998E-002  0.74710139683734889       0.80000187206190443        120.82123932795778     
          54   5.9999999999999998E-002  0.74710139683734889       0.80000187206190443        120.85055291495516     
          55   5.9999999999999998E-002  0.74710139683734889       0.80000187206190443        121.32792772324103     
          56   5.9999999999999998E-002  0.74710139683734889       0.80000187206190443        122.72671720486784     
          57   5.9999999999999998E-002  0.74710139683734889       0.80000187206190443        125.47785616616073     
          58   5.9999999999999998E-002  0.74710139683734889       0.80000187206190443        131.14374534650338     
          59   5.9999999999999998E-002  0.74710139683734889       0.80000187206190443        142.58409767852538     
          60   5.9999999999999998E-002  0.74710139683734889       0.80000187206190443        153.80748512194586     
          61   5.9999999999999998E-002  0.74710139683734889       0.80000187206190443        164.39200321422302     
          62   5.9999999999999998E-002  0.74710139683734889       0.80000187206190443        173.43689063046222     
          63   5.9999999999999998E-002  0.74710139683734889       0.80000187206190443        181.37800608524813     
          64   5.9999999999999998E-002  0.74710139683734889       0.80000187206190443        188.94080031063669     
          65   5.9999999999999998E-002  0.74710139683734889       0.80000187206190443        196.90363330885049     
          66   5.9999999999999998E-002  0.74710139683734889       0.80000187206190443        204.58716254237797     
          67   5.9999999999999998E-002  0.74710139683734889       0.80000187206190443        211.74255251181248     
          68   5.9999999999999998E-002  0.74710139683734889       0.80000187206190443        218.14956558023354     
          69   5.9999999999999998E-002  0.74710139683734889       0.80000187206190443        222.97443407738896     
          70   5.9999999999999998E-002  0.74710139683734889       0.80000187206190443        227.23692224442578     
          71   5.9999999999999998E-002  0.74710139683734889       0.80000187206190443        231.40008365031449     
          72   5.9999999999999998E-002  0.74710139683734889       0.80000187206190443        234.49829369747897     
          73   5.9999999999999998E-002  0.74710139683734889       0.80000187206190443        237.09142046606709     
          74   5.9999999999999998E-002  0.74710139683734889       0.80000187206190443        239.05634497060191     
          75   5.9999999999999998E-002  0.74710139683734889       0.80000187206190443        240.64129464421379     
          76   5.9999999999999998E-002  0.74710139683734889       0.80000187206190443        241.92748653161277     
          77   5.9999999999999998E-002  0.74710139683734889       0.80000187206190443        242.85209950056424     
          78   5.9999999999999998E-002  0.74710139683734889       0.80000187206190443        243.58963947782138     
          79   5.9999999999999998E-002  0.74710139683734889       0.80000187206190443        243.86367290834116     
          80   5.9999999999999998E-002  0.74710139683734889       0.80000187206190443        244.29807768949044     
          81   5.9999999999999998E-002  0.74710139683734889       0.80000187206190443        244.48980298342377     
          82   5.9999999999999998E-002  0.74710139683734889       0.80000187206190443        244.53952988462947     
          83   5.9999999999999998E-002  0.74710139683734889       0.80000187206190443        244.57161374299304     
          84   5.9999999999999998E-002  0.74710139683734889       0.80000187206190443        244.57162525185387     
          85   5.9999999999999998E-002  0.74710139683734889       0.80000187206190443        244.59250735005833     
          86   5.9999999999999998E-002  0.74710139683734889       0.80000187206190443        244.71935748981650     
          87   5.9999999999999998E-002  0.74710139683734889       0.80000187206190443        244.78634144445718     
          88   5.9999999999999998E-002  0.74710139683734889       0.80000187206190443        244.99538344024188     
          89   5.9999999999999998E-002  0.74710139683734889       0.80000187206190443        245.24322075540240     
          90   5.9999999999999998E-002  0.74710139683734889       0.80000187206190443        245.69281524488500     
          91   5.9999999999999998E-002  0.74710139683734889       0.80000187206190443        246.49205668971595     
          92   5.9999999999999998E-002  0.74710139683734889       0.80000187206190443        246.78927810763696     
          93   5.9999999999999998E-002  0.74710139683734889       0.80000187206190443        247.10738218112670     
          94   5.9999999999999998E-002  0.74710139683734889       0.80000187206190443        247.36679056984988     
          95   5.9999999999999998E-002  0.74710139683734889       0.80000187206190443        247.86672378246220     
          96   5.9999999999999998E-002  0.74710139683734889       0.80000187206190443        248.58000082308490     
          97   5.9999999999999998E-002  0.74710139683734889       0.80000187206190443        248.84927099127594     
          98   5.9999999999999998E-002  0.74710139683734889       0.80000187206190443        249.03026014958999     
          99   5.9999999999999998E-002  0.74710139683734889       0.80000187206190443        249.29585325758015     
         100   5.9999999999999998E-002  0.74710139683734889       0.80000187206190443        249.30915712461706     
         101   5.9999999999999998E-002  0.74710139683734889       0.80000187206190443        249.31073554801881     
         102   5.9999999999999998E-002  0.74710139683734889       0.80000187206190443        249.39964729049754     
         103   5.9999999999999998E-002  0.74710139683734889       0.80000187206190443        249.69370033661338     
         104   5.9999999999999998E-002  0.74710139683734889       0.80000187206190443        250.43438866921139     
         105   5.9999999999999998E-002  0.74710139683734889       0.80000187206190443        252.07252930405028     
         106   5.9999999999999998E-002  0.74710139683734889       0.80000187206190443        254.34661908941030     
         107   5.9999999999999998E-002  0.74710139683734889       0.80000187206190443        257.92635911520301     
         108   5.9999999999999998E-002  0.74710139683734889       0.80000187206190443        265.04671045879456     
         109   5.9999999999999998E-002  0.74710139683734889       0.80000187206190443        274.60655273581381     
         110   5.9999999999999998E-002  0.74710139683734889       0.80000187206190443        290.67424037360996     
         111   5.9999999999999998E-002  0.74710139683734889       0.80000187206190443        314.04447580266321     
         112   5.9999999999999998E-002  0.74710139683734889       0.80000187206190443        346.26167094781135     
           1   5.9999999999999998E-002  0.74709814596166191       0.80000000000000815       0.75594609200851048     
           2   5.9999999999999998E-002  0.74709814596166191       0.80000000000000815        1.3935443929452391     
           3   5.9999999999999998E-002  0.74709814596166191       0.80000000000000815        1.7185342653474265     
           4   5.9999999999999998E-002  0.74709814596166191       0.80000000000000815        1.8562641539368416     
           5   5.9999999999999998E-002  0.74709814596166191       0.80000000000000815        1.9273134631575948     
           6   5.9999999999999998E-002  0.74709814596166191       0.80000000000000815        1.9449714442648296     
           7   5.9999999999999998E-002  0.74709814596166191       0.80000000000000815        2.0255586021692209     
           8   5.9999999999999998E-002  0.74709814596166191       0.80000000000000815        2.3674054131792728     
           9   5.9999999999999998E-002  0.74709814596166191       0.80000000000000815        3.1247510901404261     
          10   5.9999999999999998E-002  0.74709814596166191       0.80000000000000815        4.4582443787626325     
          11   5.9999999999999998E-002  0.74709814596166191       0.80000000000000815        6.1699961235599412     
          12   5.9999999999999998E-002  0.74709814596166191       0.80000000000000815        8.6502482848698605     
          13   5.9999999999999998E-002  0.74709814596166191       0.80000000000000815        10.808812001003476     
          14   5.9999999999999998E-002  0.74709814596166191       0.80000000000000815        12.110419558294740     
          15   5.9999999999999998E-002  0.74709814596166191       0.80000000000000815        13.921110630742223     
          16   5.9999999999999998E-002  0.74709814596166191       0.80000000000000815        16.724523420961024     
          17   5.9999999999999998E-002  0.74709814596166191       0.80000000000000815        19.292279630691120     
          18   5.9999999999999998E-002  0.74709814596166191       0.80000000000000815        22.007429514553763     
          19   5.9999999999999998E-002  0.74709814596166191       0.80000000000000815        25.214298859502129     
          20   5.9999999999999998E-002  0.74709814596166191       0.80000000000000815        27.247405676510986     
          21   5.9999999999999998E-002  0.74709814596166191       0.80000000000000815        28.532507605401829     
          22   5.9999999999999998E-002  0.74709814596166191       0.80000000000000815        29.162106126306931     
          23   5.9999999999999998E-002  0.74709814596166191       0.80000000000000815        29.433442589927783     
          24   5.9999999999999998E-002  0.74709814596166191       0.80000000000000815        29.440290592541118     
          25   5.9999999999999998E-002  0.74709814596166191       0.80000000000000815        29.484800252145959     
          26   5.9999999999999998E-002  0.74709814596166191       0.80000000000000815        29.971514641805552     
          27   5.9999999999999998E-002  0.74709814596166191       0.80000000000000815        31.073696975841489     
          28   5.9999999999999998E-002  0.74709814596166191       0.80000000000000815        33.080684582522643     
          29   5.9999999999999998E-002  0.74709814596166191       0.80000000000000815        36.447879055527899     
          30   5.9999999999999998E-002  0.74709814596166191       0.80000000000000815        36.495639124456027     
          31   5.9999999999999998E-002  0.74709814596166191       0.80000000000000815        36.758232393293213     
          32   5.9999999999999998E-002  0.74709814596166191       0.80000000000000815        37.240429955995168     
          33   5.9999999999999998E-002  0.74709814596166191       0.80000000000000815        37.796206706493152     
          34   5.9999999999999998E-002  0.74709814596166191       0.80000000000000815        37.900711201149662     
          35   5.9999999999999998E-002  0.74709814596166191       0.80000000000000815        37.901151363482128     
          36   5.9999999999999998E-002  0.74709814596166191       0.80000000000000815        38.099840966886582     
          37   5.9999999999999998E-002  0.74709814596166191       0.80000000000000815        38.883079526267217     
          38   5.9999999999999998E-002  0.74709814596166191       0.80000000000000815        40.407573681361391     
          39   5.9999999999999998E-002  0.74709814596166191       0.80000000000000815        43.244449269339725     
          40   5.9999999999999998E-002  0.74709814596166191       0.80000000000000815        47.557855552600174     
          41   5.9999999999999998E-002  0.74709814596166191       0.80000000000000815        54.049865933621035     
          42   5.9999999999999998E-002  0.74709814596166191       0.80000000000000815        62.486131040387797     
          43   5.9999999999999998E-002  0.74709814596166191       0.80000000000000815        70.539596825582265     
          44   5.9999999999999998E-002  0.74709814596166191       0.80000000000000815        78.939510797478519     
          45   5.9999999999999998E-002  0.74709814596166191       0.80000000000000815        86.430133426603945     
          46   5.9999999999999998E-002  0.74709814596166191       0.80000000000000815        94.003829224753048     
          47   5.9999999999999998E-002  0.74709814596166191       0.80000000000000815        101.44919183472928     
          48   5.9999999999999998E-002  0.74709814596166191       0.80000000000000815        107.24861191666159     
          49   5.9999999999999998E-002  0.74709814596166191       0.80000000000000815        112.03949899425641     
          50   5.9999999999999998E-002  0.74709814596166191       0.80000000000000815        116.57414745104553     
          51   5.9999999999999998E-002  0.74709814596166191       0.80000000000000815        119.31697577349442     
          52   5.9999999999999998E-002  0.74709814596166191       0.80000000000000815        120.49960975595991     
          53   5.9999999999999998E-002  0.74709814596166191       0.80000000000000815        120.90992794127185     
          54   5.9999999999999998E-002  0.74709814596166191       0.80000000000000815        120.93916430049086     
          55   5.9999999999999998E-002  0.74709814596166191       0.80000000000000815        121.41633950520043     
          56   5.9999999999999998E-002  0.74709814596166191       0.80000000000000815        122.81496497570576     
          57   5.9999999999999998E-002  0.74709814596166191       0.80000000000000815        125.56605531092589     
          58   5.9999999999999998E-002  0.74709814596166191       0.80000000000000815        131.23212496314022     
          59   5.9999999999999998E-002  0.74709814596166191       0.80000000000000815        142.66514919710505     
          60   5.9999999999999998E-002  0.74709814596166191       0.80000000000000815        153.88131156943913     
          61   5.9999999999999998E-002  0.74709814596166191       0.80000000000000815        164.45885709354266     
          62   5.9999999999999998E-002  0.74709814596166191       0.80000000000000815        173.49728470305797     
          63   5.9999999999999998E-002  0.74709814596166191       0.80000000000000815        181.43233966065483     
          64   5.9999999999999998E-002  0.74709814596166191       0.80000000000000815        188.98928092152346     
          65   5.9999999999999998E-002  0.74709814596166191       0.80000000000000815        196.94611314059026     
          66   5.9999999999999998E-002  0.74709814596166191       0.80000000000000815        204.62382430243622     
          67   5.9999999999999998E-002  0.74709814596166191       0.80000000000000815        211.77361690618210     
          68   5.9999999999999998E-002  0.74709814596166191       0.80000000000000815        218.17535477537785     
          69   5.9999999999999998E-002  0.74709814596166191       0.80000000000000815        222.99561129273783     
          70   5.9999999999999998E-002  0.74709814596166191       0.80000000000000815        227.25378659371773     
          71   5.9999999999999998E-002  0.74709814596166191       0.80000000000000815        231.41270935006230     
          72   5.9999999999999998E-002  0.74709814596166191       0.80000000000000815        234.50728555919170     
          73   5.9999999999999998E-002  0.74709814596166191       0.80000000000000815        237.09711016718003     
          74   5.9999999999999998E-002  0.74709814596166191       0.80000000000000815        239.05917932257202     
          75   5.9999999999999998E-002  0.74709814596166191       0.80000000000000815        240.64158280756416     
          76   5.9999999999999998E-002  0.74709814596166191       0.80000000000000815        241.92549697255981     
          77   5.9999999999999998E-002  0.74709814596166191       0.80000000000000815        242.84819201178681     
          78   5.9999999999999998E-002  0.74709814596166191       0.80000000000000815        243.58403016522911     
          79   5.9999999999999998E-002  0.74709814596166191       0.80000000000000815        243.85703239781017     
          80   5.9999999999999998E-002  0.74709814596166191       0.80000000000000815        244.29014454356479     
          81   5.9999999999999998E-002  0.74709814596166191       0.80000000000000815        244.48101394564489     
          82   5.9999999999999998E-002  0.74709814596166191       0.80000000000000815        244.53031317708763     
          83   5.9999999999999998E-002  0.74709814596166191       0.80000000000000815        244.56205887548734     
          84   5.9999999999999998E-002  0.74709814596166191       0.80000000000000815        244.56207758416474     
          85   5.9999999999999998E-002  0.74709814596166191       0.80000000000000815        244.58322666939003     
          86   5.9999999999999998E-002  0.74709814596166191       0.80000000000000815        244.71072422206288     
          87   5.9999999999999998E-002  0.74709814596166191       0.80000000000000815        244.77816837700954     
          88   5.9999999999999998E-002  0.74709814596166191       0.80000000000000815        244.98800829974002     
          89   5.9999999999999998E-002  0.74709814596166191       0.80000000000000815        245.23669114312622     
          90   5.9999999999999998E-002  0.74709814596166191       0.80000000000000815        245.68739941883615     
          91   5.9999999999999998E-002  0.74709814596166191       0.80000000000000815        246.48809005778566     
          92   5.9999999999999998E-002  0.74709814596166191       0.80000000000000815        246.78615988854202     
          93   5.9999999999999998E-002  0.74709814596166191       0.80000000000000815        247.10511082413967     
          94   5.9999999999999998E-002  0.74709814596166191       0.80000000000000815        247.36525416791648     
          95   5.9999999999999998E-002  0.74709814596166191       0.80000000000000815        247.86617435025343     
          96   5.9999999999999998E-002  0.74709814596166191       0.80000000000000815        248.58058045626015     
          97   5.9999999999999998E-002  0.74709814596166191       0.80000000000000815        248.85050553785527     
          98   5.9999999999999998E-002  0.74709814596166191       0.80000000000000815        249.03200375190568     
          99   5.9999999999999998E-002  0.74709814596166191       0.80000000000000815        249.29817615489023     
         100   5.9999999999999998E-002  0.74709814596166191       0.80000000000000815        249.31160093943473     
         101   5.9999999999999998E-002  0.74709814596166191       0.80000000000000815        249.31314122248284     
         102   5.9999999999999998E-002  0.74709814596166191       0.80000000000000815        249.40178908641954     
         103   5.9999999999999998E-002  0.74709814596166191       0.80000000000000815        249.69541006274258     
         104   5.9999999999999998E-002  0.74709814596166191       0.80000000000000815        250.43548676440716     
         105   5.9999999999999998E-002  0.74709814596166191       0.80000000000000815        252.07282019898670     
         106   5.9999999999999998E-002  0.74709814596166191       0.80000000000000815        254.34608314082243     
         107   5.9999999999999998E-002  0.74709814596166191       0.80000000000000815        257.92500490391052     
         108   5.9999999999999998E-002  0.74709814596166191       0.80000000000000815        265.04457672107748     
         109   5.9999999999999998E-002  0.74709814596166191       0.80000000000000815        274.60397355894503     
         110   5.9999999999999998E-002  0.74709814596166191       0.80000000000000815        290.67169439108665     
         111   5.9999999999999998E-002  0.74709814596166191       0.80000000000000815        314.04265859140440     
         112   5.9999999999999998E-002  0.74709814596166191       0.80000000000000815        346.26151043825962     
Note: The following floating-point exceptions are signalling: IEEE_UNDERFLOW_FLAG IEEE_DENORMAL


 SET ERRORDEF    4.605
 FIX    1.000
 SIMPLEX
 SIMPLEX
 MIGRAD
 MIGRAD 
 MIGRAD 
 HESSE 
 RETURN

