           1   7.0000000000000007E-002  0.77936143702100447       0.85311366371927300        1.1793224417426988     
           2   7.0000000000000007E-002  0.77936143702100447       0.85311366371927300        2.3573560869781769     
           3   7.0000000000000007E-002  0.77936143702100447       0.85311366371927300        3.1440776831862882     
           4   7.0000000000000007E-002  0.77936143702100447       0.85311366371927300        3.6197845653733713     
           5   7.0000000000000007E-002  0.77936143702100447       0.85311366371927300        3.9775174751752518     
           6   7.0000000000000007E-002  0.77936143702100447       0.85311366371927300        4.1927710177916122     
           7   7.0000000000000007E-002  0.77936143702100447       0.85311366371927300        4.1949352909593962     
           8   7.0000000000000007E-002  0.77936143702100447       0.85311366371927300        4.2591820930165785     
           9   7.0000000000000007E-002  0.77936143702100447       0.85311366371927300        4.5589821997276188     
          10   7.0000000000000007E-002  0.77936143702100447       0.85311366371927300        5.2623488400013470     
          11   7.0000000000000007E-002  0.77936143702100447       0.85311366371927300        6.2686119223909662     
          12   7.0000000000000007E-002  0.77936143702100447       0.85311366371927300        7.9275589250170349     
          13   7.0000000000000007E-002  0.77936143702100447       0.85311366371927300        9.4301648083452587     
          14   7.0000000000000007E-002  0.77936143702100447       0.85311366371927300        10.321670204986720     
          15   7.0000000000000007E-002  0.77936143702100447       0.85311366371927300        11.677827080423810     
          16   7.0000000000000007E-002  0.77936143702100447       0.85311366371927300        13.906212364196536     
          17   7.0000000000000007E-002  0.77936143702100447       0.85311366371927300        15.973211838645998     
          18   7.0000000000000007E-002  0.77936143702100447       0.85311366371927300        18.219778441275565     
          19   7.0000000000000007E-002  0.77936143702100447       0.85311366371927300        20.939821903077085     
          20   7.0000000000000007E-002  0.77936143702100447       0.85311366371927300        22.628486996597523     
          21   7.0000000000000007E-002  0.77936143702100447       0.85311366371927300        23.672025090310967     
          22   7.0000000000000007E-002  0.77936143702100447       0.85311366371927300        24.154451613906989     
          23   7.0000000000000007E-002  0.77936143702100447       0.85311366371927300        24.340779405961886     
          24   7.0000000000000007E-002  0.77936143702100447       0.85311366371927300        24.340827988904167     
          25   7.0000000000000007E-002  0.77936143702100447       0.85311366371927300        24.420025407017604     
          26   7.0000000000000007E-002  0.77936143702100447       0.85311366371927300        25.006249092325117     
          27   7.0000000000000007E-002  0.77936143702100447       0.85311366371927300        26.236007305887526     
          28   7.0000000000000007E-002  0.77936143702100447       0.85311366371927300        28.391080944978775     
          29   7.0000000000000007E-002  0.77936143702100447       0.85311366371927300        31.939651345742018     
          30   7.0000000000000007E-002  0.77936143702100447       0.85311366371927300        32.032352533784717     
          31   7.0000000000000007E-002  0.77936143702100447       0.85311366371927300        32.535755745598010     
          32   7.0000000000000007E-002  0.77936143702100447       0.85311366371927300        33.459204865439446     
          33   7.0000000000000007E-002  0.77936143702100447       0.85311366371927300        34.616174198652246     
          34   7.0000000000000007E-002  0.77936143702100447       0.85311366371927300        35.048636474898359     
          35   7.0000000000000007E-002  0.77936143702100447       0.85311366371927300        35.150626683894536     
          36   7.0000000000000007E-002  0.77936143702100447       0.85311366371927300        35.163240738342189     
          37   7.0000000000000007E-002  0.77936143702100447       0.85311366371927300        35.474361569315484     
          38   7.0000000000000007E-002  0.77936143702100447       0.85311366371927300        36.306307801581987     
          39   7.0000000000000007E-002  0.77936143702100447       0.85311366371927300        38.216224134487085     
          40   7.0000000000000007E-002  0.77936143702100447       0.85311366371927300        41.432648848803979     
          41   7.0000000000000007E-002  0.77936143702100447       0.85311366371927300        46.649822877323658     
          42   7.0000000000000007E-002  0.77936143702100447       0.85311366371927300        53.718346640588088     
          43   7.0000000000000007E-002  0.77936143702100447       0.85311366371927300        60.562270674960473     
          44   7.0000000000000007E-002  0.77936143702100447       0.85311366371927300        67.852368796922377     
          45   7.0000000000000007E-002  0.77936143702100447       0.85311366371927300        74.501118484187160     
          46   7.0000000000000007E-002  0.77936143702100447       0.85311366371927300        81.277575480227014     
          47   7.0000000000000007E-002  0.77936143702100447       0.85311366371927300        88.058599181432584     
          48   7.0000000000000007E-002  0.77936143702100447       0.85311366371927300        93.367390691456649     
          49   7.0000000000000007E-002  0.77936143702100447       0.85311366371927300        97.777160557236698     
          50   7.0000000000000007E-002  0.77936143702100447       0.85311366371927300        101.94922982200902     
          51   7.0000000000000007E-002  0.77936143702100447       0.85311366371927300        104.44447613148667     
          52   7.0000000000000007E-002  0.77936143702100447       0.85311366371927300        105.48559281862907     
          53   7.0000000000000007E-002  0.77936143702100447       0.85311366371927300        105.82010683772592     
          54   7.0000000000000007E-002  0.77936143702100447       0.85311366371927300        105.87306222926374     
          55   7.0000000000000007E-002  0.77936143702100447       0.85311366371927300        106.43148549594868     
          56   7.0000000000000007E-002  0.77936143702100447       0.85311366371927300        107.95334671334503     
          57   7.0000000000000007E-002  0.77936143702100447       0.85311366371927300        110.88925133134597     
          58   7.0000000000000007E-002  0.77936143702100447       0.85311366371927300        116.85134570799707     
          59   7.0000000000000007E-002  0.77936143702100447       0.85311366371927300        127.00682177380961     
          60   7.0000000000000007E-002  0.77936143702100447       0.85311366371927300        136.94656354347941     
          61   7.0000000000000007E-002  0.77936143702100447       0.85311366371927300        146.27541941162832     
          62   7.0000000000000007E-002  0.77936143702100447       0.85311366371927300        154.14261881623605     
          63   7.0000000000000007E-002  0.77936143702100447       0.85311366371927300        160.96418745750316     
          64   7.0000000000000007E-002  0.77936143702100447       0.85311366371927300        167.42858882093154     
          65   7.0000000000000007E-002  0.77936143702100447       0.85311366371927300        174.24505064175358     
          66   7.0000000000000007E-002  0.77936143702100447       0.85311366371927300        180.79776918804833     
          67   7.0000000000000007E-002  0.77936143702100447       0.85311366371927300        186.84703856420649     
          68   7.0000000000000007E-002  0.77936143702100447       0.85311366371927300        192.19454903473928     
          69   7.0000000000000007E-002  0.77936143702100447       0.85311366371927300        196.08240631751934     
          70   7.0000000000000007E-002  0.77936143702100447       0.85311366371927300        199.45461829227042     
          71   7.0000000000000007E-002  0.77936143702100447       0.85311366371927300        202.72607085559071     
          72   7.0000000000000007E-002  0.77936143702100447       0.85311366371927300        205.05188056277836     
          73   7.0000000000000007E-002  0.77936143702100447       0.85311366371927300        206.93357184977953     
          74   7.0000000000000007E-002  0.77936143702100447       0.85311366371927300        208.27831451160071     
          75   7.0000000000000007E-002  0.77936143702100447       0.85311366371927300        209.30496796007296     
          76   7.0000000000000007E-002  0.77936143702100447       0.85311366371927300        210.08764085247500     
          77   7.0000000000000007E-002  0.77936143702100447       0.85311366371927300        210.58934507599838     
          78   7.0000000000000007E-002  0.77936143702100447       0.85311366371927300        210.95116598733389     
          79   7.0000000000000007E-002  0.77936143702100447       0.85311366371927300        211.01974142367916     
          80   7.0000000000000007E-002  0.77936143702100447       0.85311366371927300        211.17403656839267     
          81   7.0000000000000007E-002  0.77936143702100447       0.85311366371927300        211.20172107389169     
          82   7.0000000000000007E-002  0.77936143702100447       0.85311366371927300        211.20418509088654     
          83   7.0000000000000007E-002  0.77936143702100447       0.85311366371927300        211.21328890440677     
          84   7.0000000000000007E-002  0.77936143702100447       0.85311366371927300        211.29170898688804     
          85   7.0000000000000007E-002  0.77936143702100447       0.85311366371927300        211.47116987702694     
          86   7.0000000000000007E-002  0.77936143702100447       0.85311366371927300        211.87737720365982     
          87   7.0000000000000007E-002  0.77936143702100447       0.85311366371927300        212.16867854065978     
          88   7.0000000000000007E-002  0.77936143702100447       0.85311366371927300        212.71488912597965     
          89   7.0000000000000007E-002  0.77936143702100447       0.85311366371927300        213.32009434741195     
          90   7.0000000000000007E-002  0.77936143702100447       0.85311366371927300        214.22304087300313     
          91   7.0000000000000007E-002  0.77936143702100447       0.85311366371927300        215.59799016867467     
          92   7.0000000000000007E-002  0.77936143702100447       0.85311366371927300        216.26691589971412     
          93   7.0000000000000007E-002  0.77936143702100447       0.85311366371927300        216.95951590388694     
          94   7.0000000000000007E-002  0.77936143702100447       0.85311366371927300        217.55535065746201     
          95   7.0000000000000007E-002  0.77936143702100447       0.85311366371927300        218.48793603923468     
          96   7.0000000000000007E-002  0.77936143702100447       0.85311366371927300        219.69038435144395     
          97   7.0000000000000007E-002  0.77936143702100447       0.85311366371927300        220.26906314417806     
          98   7.0000000000000007E-002  0.77936143702100447       0.85311366371927300        220.70212414747596     
          99   7.0000000000000007E-002  0.77936143702100447       0.85311366371927300        221.24523202273505     
         100   7.0000000000000007E-002  0.77936143702100447       0.85311366371927300        221.35042351956716     
         101   7.0000000000000007E-002  0.77936143702100447       0.85311366371927300        221.37455143533208     
         102   7.0000000000000007E-002  0.77936143702100447       0.85311366371927300        221.38843370197850     
         103   7.0000000000000007E-002  0.77936143702100447       0.85311366371927300        221.53216894462341     
         104   7.0000000000000007E-002  0.77936143702100447       0.85311366371927300        222.04351195749163     
         105   7.0000000000000007E-002  0.77936143702100447       0.85311366371927300        223.36913892840244     
         106   7.0000000000000007E-002  0.77936143702100447       0.85311366371927300        225.32305135888447     
         107   7.0000000000000007E-002  0.77936143702100447       0.85311366371927300        228.59407268376853     
         108   7.0000000000000007E-002  0.77936143702100447       0.85311366371927300        235.45438654159116     
         109   7.0000000000000007E-002  0.77936143702100447       0.85311366371927300        244.94465152979475     
         110   7.0000000000000007E-002  0.77936143702100447       0.85311366371927300        261.24908236985192     
         111   7.0000000000000007E-002  0.77936143702100447       0.85311366371927300        285.29202946436737     
         112   7.0000000000000007E-002  0.77936143702100447       0.85311366371927300        318.77490706851853     
           1   7.0000000000000007E-002  0.77935825499867095       0.85308250618789516        1.1790799645271510     
           2   7.0000000000000007E-002  0.77935825499867095       0.85308250618789516        2.3567742269294611     
           3   7.0000000000000007E-002  0.77935825499867095       0.85308250618789516        3.1431677235574069     
           4   7.0000000000000007E-002  0.77935825499867095       0.85308250618789516        3.6185978741083731     
           5   7.0000000000000007E-002  0.77935825499867095       0.85308250618789516        3.9760601293506137     
           6   7.0000000000000007E-002  0.77935825499867095       0.85308250618789516        4.1910855328593071     
           7   7.0000000000000007E-002  0.77935825499867095       0.85308250618789516        4.1932248756995634     
           8   7.0000000000000007E-002  0.77935825499867095       0.85308250618789516        4.2576218060994524     
           9   7.0000000000000007E-002  0.77935825499867095       0.85308250618789516        4.5577701625010052     
          10   7.0000000000000007E-002  0.77935825499867095       0.85308250618789516        5.2617134559264418     
          11   7.0000000000000007E-002  0.77935825499867095       0.85308250618789516        6.2687125377893693     
          12   7.0000000000000007E-002  0.77935825499867095       0.85308250618789516        7.9286479062260433     
          13   7.0000000000000007E-002  0.77935825499867095       0.85308250618789516        9.4321443277310806     
          14   7.0000000000000007E-002  0.77935825499867095       0.85308250618789516        10.324266645061554     
          15   7.0000000000000007E-002  0.77935825499867095       0.85308250618789516        11.681207926798256     
          16   7.0000000000000007E-002  0.77935825499867095       0.85308250618789516        13.910728455280887     
          17   7.0000000000000007E-002  0.77935825499867095       0.85308250618789516        15.978841232544561     
          18   7.0000000000000007E-002  0.77935825499867095       0.85308250618789516        18.226590777575655     
          19   7.0000000000000007E-002  0.77935825499867095       0.85308250618789516        20.948028990632881     
          20   7.0000000000000007E-002  0.77935825499867095       0.85308250618789516        22.637790123850841     
          21   7.0000000000000007E-002  0.77935825499867095       0.85308250618789516        23.682184811869956     
          22   7.0000000000000007E-002  0.77935825499867095       0.85308250618789516        24.165188559423289     
          23   7.0000000000000007E-002  0.77935825499867095       0.85308250618789516        24.351875807210050     
          24   7.0000000000000007E-002  0.77935825499867095       0.85308250618789516        24.351929958215408     
          25   7.0000000000000007E-002  0.77935825499867095       0.85308250618789516        24.430906722881716     
          26   7.0000000000000007E-002  0.77935825499867095       0.85308250618789516        25.016513961221030     
          27   7.0000000000000007E-002  0.77935825499867095       0.85308250618789516        26.245465470918298     
          28   7.0000000000000007E-002  0.77935825499867095       0.85308250618789516        28.399596245150274     
          29   7.0000000000000007E-002  0.77935825499867095       0.85308250618789516        31.947026319763864     
          30   7.0000000000000007E-002  0.77935825499867095       0.85308250618789516        32.039688679257019     
          31   7.0000000000000007E-002  0.77935825499867095       0.85308250618789516        32.542869435458762     
          32   7.0000000000000007E-002  0.77935825499867095       0.85308250618789516        33.465880035902110     
          33   7.0000000000000007E-002  0.77935825499867095       0.85308250618789516        34.622182538309701     
          34   7.0000000000000007E-002  0.77935825499867095       0.85308250618789516        35.054192997977857     
          35   7.0000000000000007E-002  0.77935825499867095       0.85308250618789516        35.155937548856357     
          36   7.0000000000000007E-002  0.77935825499867095       0.85308250618789516        35.168645674056727     
          37   7.0000000000000007E-002  0.77935825499867095       0.85308250618789516        35.480276611950103     
          38   7.0000000000000007E-002  0.77935825499867095       0.85308250618789516        36.313143458234343     
          39   7.0000000000000007E-002  0.77935825499867095       0.85308250618789516        38.224526975243457     
          40   7.0000000000000007E-002  0.77935825499867095       0.85308250618789516        41.442960765862047     
          41   7.0000000000000007E-002  0.77935825499867095       0.85308250618789516        46.662840562307359     
          42   7.0000000000000007E-002  0.77935825499867095       0.85308250618789516        53.734714190993436     
          43   7.0000000000000007E-002  0.77935825499867095       0.85308250618789516        60.582025264512566     
          44   7.0000000000000007E-002  0.77935825499867095       0.85308250618789516        67.875713371506237     
          45   7.0000000000000007E-002  0.77935825499867095       0.85308250618789516        74.527633828180242     
          46   7.0000000000000007E-002  0.77935825499867095       0.85308250618789516        81.307559970958934     
          47   7.0000000000000007E-002  0.77935825499867095       0.85308250618789516        88.091946482700052     
          48   7.0000000000000007E-002  0.77935825499867095       0.85308250618789516        93.403609743805248     
          49   7.0000000000000007E-002  0.77935825499867095       0.85308250618789516        97.815916895769661     
          50   7.0000000000000007E-002  0.77935825499867095       0.85308250618789516        101.99071558476469     
          51   7.0000000000000007E-002  0.77935825499867095       0.85308250618789516        104.48803670432757     
          52   7.0000000000000007E-002  0.77935825499867095       0.85308250618789516        105.53042582810659     
          53   7.0000000000000007E-002  0.77935825499867095       0.85308250618789516        105.86563854162068     
          54   7.0000000000000007E-002  0.77935825499867095       0.85308250618789516        105.91832897313158     
          55   7.0000000000000007E-002  0.77935825499867095       0.85308250618789516        106.47595942005302     
          56   7.0000000000000007E-002  0.77935825499867095       0.85308250618789516        107.99672035345462     
          57   7.0000000000000007E-002  0.77935825499867095       0.85308250618789516        110.93114277982515     
          58   7.0000000000000007E-002  0.77935825499867095       0.85308250618789516        116.89114255223132     
          59   7.0000000000000007E-002  0.77935825499867095       0.85308250618789516        127.04528169604149     
          60   7.0000000000000007E-002  0.77935825499867095       0.85308250618789516        136.98367567390900     
          61   7.0000000000000007E-002  0.77935825499867095       0.85308250618789516        146.31120114716592     
          62   7.0000000000000007E-002  0.77935825499867095       0.85308250618789516        154.17714350747551     
          63   7.0000000000000007E-002  0.77935825499867095       0.85308250618789516        160.99750746754572     
          64   7.0000000000000007E-002  0.77935825499867095       0.85308250618789516        167.46071433139161     
          65   7.0000000000000007E-002  0.77935825499867095       0.85308250618789516        174.27591361377532     
          66   7.0000000000000007E-002  0.77935825499867095       0.85308250618789516        180.82737196127516     
          67   7.0000000000000007E-002  0.77935825499867095       0.85308250618789516        186.87539507970968     
          68   7.0000000000000007E-002  0.77935825499867095       0.85308250618789516        192.22169935693805     
          69   7.0000000000000007E-002  0.77935825499867095       0.85308250618789516        196.10848454809278     
          70   7.0000000000000007E-002  0.77935825499867095       0.85308250618789516        199.47966786021763     
          71   7.0000000000000007E-002  0.77935825499867095       0.85308250618789516        202.75007630510612     
          72   7.0000000000000007E-002  0.77935825499867095       0.85308250618789516        205.07497850008613     
          73   7.0000000000000007E-002  0.77935825499867095       0.85308250618789516        206.95582803026213     
          74   7.0000000000000007E-002  0.77935825499867095       0.85308250618789516        208.29983646411662     
          75   7.0000000000000007E-002  0.77935825499867095       0.85308250618789516        209.32582761524279     
          76   7.0000000000000007E-002  0.77935825499867095       0.85308250618789516        210.10790304241098     
          77   7.0000000000000007E-002  0.77935825499867095       0.85308250618789516        210.60911258689501     
          78   7.0000000000000007E-002  0.77935825499867095       0.85308250618789516        210.97049855641131     
          79   7.0000000000000007E-002  0.77935825499867095       0.85308250618789516        211.03887771900236     
          80   7.0000000000000007E-002  0.77935825499867095       0.85308250618789516        211.19286694425031     
          81   7.0000000000000007E-002  0.77935825499867095       0.85308250618789516        211.22041661525677     
          82   7.0000000000000007E-002  0.77935825499867095       0.85308250618789516        211.22292215329216     
          83   7.0000000000000007E-002  0.77935825499867095       0.85308250618789516        211.23210804293785     
          84   7.0000000000000007E-002  0.77935825499867095       0.85308250618789516        211.31077641008096     
          85   7.0000000000000007E-002  0.77935825499867095       0.85308250618789516        211.49062579342399     
          86   7.0000000000000007E-002  0.77935825499867095       0.85308250618789516        211.89743752852701     
          87   7.0000000000000007E-002  0.77935825499867095       0.85308250618789516        212.18926459934988     
          88   7.0000000000000007E-002  0.77935825499867095       0.85308250618789516        212.73621880305021     
          89   7.0000000000000007E-002  0.77935825499867095       0.85308250618789516        213.34222624257299     
          90   7.0000000000000007E-002  0.77935825499867095       0.85308250618789516        214.24618358891058     
          91   7.0000000000000007E-002  0.77935825499867095       0.85308250618789516        215.62241882707707     
          92   7.0000000000000007E-002  0.77935825499867095       0.85308250618789516        216.29225563634515     
          93   7.0000000000000007E-002  0.77935825499867095       0.85308250618789516        216.98580401832115     
          94   7.0000000000000007E-002  0.77935825499867095       0.85308250618789516        217.58253693033001     
          95   7.0000000000000007E-002  0.77935825499867095       0.85308250618789516        218.51628030675380     
          96   7.0000000000000007E-002  0.77935825499867095       0.85308250618789516        219.72007385049497     
          97   7.0000000000000007E-002  0.77935825499867095       0.85308250618789516        220.29969771671730     
          98   7.0000000000000007E-002  0.77935825499867095       0.85308250618789516        220.73359124615010     
          99   7.0000000000000007E-002  0.77935825499867095       0.85308250618789516        221.27764441660096     
         100   7.0000000000000007E-002  0.77935825499867095       0.85308250618789516        221.38325816266573     
         101   7.0000000000000007E-002  0.77935825499867095       0.85308250618789516        221.40759077100978     
         102   7.0000000000000007E-002  0.77935825499867095       0.85308250618789516        221.42131635905810     
         103   7.0000000000000007E-002  0.77935825499867095       0.85308250618789516        221.56454278587836     
         104   7.0000000000000007E-002  0.77935825499867095       0.85308250618789516        222.07492870476023     
         105   7.0000000000000007E-002  0.77935825499867095       0.85308250618789516        223.39901159819470     
         106   7.0000000000000007E-002  0.77935825499867095       0.85308250618789516        225.35102582789790     
         107   7.0000000000000007E-002  0.77935825499867095       0.85308250618789516        228.61960063240241     
         108   7.0000000000000007E-002  0.77935825499867095       0.85308250618789516        235.47638400087857     
         109   7.0000000000000007E-002  0.77935825499867095       0.85308250618789516        244.96256322632712     
         110   7.0000000000000007E-002  0.77935825499867095       0.85308250618789516        261.26181815899440     
         111   7.0000000000000007E-002  0.77935825499867095       0.85308250618789516        285.29876993719972     
         112   7.0000000000000007E-002  0.77935825499867095       0.85308250618789516        318.77487184588904     
Note: The following floating-point exceptions are signalling: IEEE_UNDERFLOW_FLAG IEEE_DENORMAL

real	493m19,701s
user	493m10,653s
sys	0m5,284s




SET ERRORDEF    4.605
 FIX    1.000
 SIMPLEX
 SIMPLEX
 MIGRAD
 MIGRAD 
 MIGRAD 
 HESSE 
 RETURN
