           1   7.4999999999999997E-002  0.79543105383383383       0.87876136066678057        1.4083899042109040     
           2   7.4999999999999997E-002  0.79543105383383383       0.87876136066678057        2.8952768050092539     
           3   7.4999999999999997E-002  0.79543105383383383       0.87876136066678057        3.9678934865998938     
           4   7.4999999999999997E-002  0.79543105383383383       0.87876136066678057        4.6735016362860451     
           5   7.4999999999999997E-002  0.79543105383383383       0.87876136066678057        5.2442016991894684     
           6   7.4999999999999997E-002  0.79543105383383383       0.87876136066678057        5.6312310120333624     
           7   7.4999999999999997E-002  0.79543105383383383       0.87876136066678057        5.6734934632246325     
           8   7.4999999999999997E-002  0.79543105383383383       0.87876136066678057        5.6820786949325077     
           9   7.4999999999999997E-002  0.79543105383383383       0.87876136066678057        5.8336740124688422     
          10   7.4999999999999997E-002  0.79543105383383383       0.87876136066678057        6.2989491781758531     
          11   7.4999999999999997E-002  0.79543105383383383       0.87876136066678057        7.0218634151245460     
          12   7.4999999999999997E-002  0.79543105383383383       0.87876136066678057        8.3269867008564038     
          13   7.4999999999999997E-002  0.79543105383383383       0.87876136066678057        9.5380858021407562     
          14   7.4999999999999997E-002  0.79543105383383383       0.87876136066678057        10.246017352557082     
          15   7.4999999999999997E-002  0.79543105383383383       0.87876136066678057        11.387147695468014     
          16   7.4999999999999997E-002  0.79543105383383383       0.87876136066678057        13.331221675239767     
          17   7.4999999999999997E-002  0.79543105383383383       0.87876136066678057        15.144298924369295     
          18   7.4999999999999997E-002  0.79543105383383383       0.87876136066678057        17.145052341614509     
          19   7.4999999999999997E-002  0.79543105383383383       0.87876136066678057        19.600722372431623     
          20   7.4999999999999997E-002  0.79543105383383383       0.87876136066678057        21.099557309676143     
          21   7.4999999999999997E-002  0.79543105383383383       0.87876136066678057        22.007811422738893     
          22   7.4999999999999997E-002  0.79543105383383383       0.87876136066678057        22.407690006700172     
          23   7.4999999999999997E-002  0.79543105383383383       0.87876136066678057        22.547565015103267     
          24   7.4999999999999997E-002  0.79543105383383383       0.87876136066678057        22.549432726333169     
          25   7.4999999999999997E-002  0.79543105383383383       0.87876136066678057        22.657715951519886     
          26   7.4999999999999997E-002  0.79543105383383383       0.87876136066678057        23.317534203025836     
          27   7.4999999999999997E-002  0.79543105383383383       0.87876136066678057        24.639380379917458     
          28   7.4999999999999997E-002  0.79543105383383383       0.87876136066678057        26.899382806426978     
          29   7.4999999999999997E-002  0.79543105383383383       0.87876136066678057        30.573971018708257     
          30   7.4999999999999997E-002  0.79543105383383383       0.87876136066678057        30.691600021863046     
          31   7.4999999999999997E-002  0.79543105383383383       0.87876136066678057        31.328834253052104     
          32   7.4999999999999997E-002  0.79543105383383383       0.87876136066678057        32.498948068599198     
          33   7.4999999999999997E-002  0.79543105383383383       0.87876136066678057        34.002893950425701     
          34   7.4999999999999997E-002  0.79543105383383383       0.87876136066678057        34.661498879570580     
          35   7.4999999999999997E-002  0.79543105383383383       0.87876136066678057        34.889537862236338     
          36   7.4999999999999997E-002  0.79543105383383383       0.87876136066678057        34.891507841070840     
          37   7.4999999999999997E-002  0.79543105383383383       0.87876136066678057        35.053141116943998     
          38   7.4999999999999997E-002  0.79543105383383383       0.87876136066678057        35.625161811668953     
          39   7.4999999999999997E-002  0.79543105383383383       0.87876136066678057        37.146934506097075     
          40   7.4999999999999997E-002  0.79543105383383383       0.87876136066678057        39.875148260654861     
          41   7.4999999999999997E-002  0.79543105383383383       0.87876136066678057        44.494617602872644     
          42   7.4999999999999997E-002  0.79543105383383383       0.87876136066678057        50.894746812609483     
          43   7.4999999999999997E-002  0.79543105383383383       0.87876136066678057        57.128105690238343     
          44   7.4999999999999997E-002  0.79543105383383383       0.87876136066678057        63.835053630753251     
          45   7.4999999999999997E-002  0.79543105383383383       0.87876136066678057        70.020519992713218     
          46   7.4999999999999997E-002  0.79543105383383383       0.87876136066678057        76.338883069879913     
          47   7.4999999999999997E-002  0.79543105383383383       0.87876136066678057        82.717429474876923     
          48   7.4999999999999997E-002  0.79543105383383383       0.87876136066678057        87.713331393351424     
          49   7.4999999999999997E-002  0.79543105383383383       0.87876136066678057        91.867641982484642     
          50   7.4999999999999997E-002  0.79543105383383383       0.87876136066678057        95.784420458901181     
          51   7.4999999999999997E-002  0.79543105383383383       0.87876136066678057        98.097825841487435     
          52   7.4999999999999997E-002  0.79543105383383383       0.87876136066678057        99.032868014813587     
          53   7.4999999999999997E-002  0.79543105383383383       0.87876136066678057        99.311483572138016     
          54   7.4999999999999997E-002  0.79543105383383383       0.87876136066678057        99.388943176373786     
          55   7.4999999999999997E-002  0.79543105383383383       0.87876136066678057        100.01712692378437     
          56   7.4999999999999997E-002  0.79543105383383383       0.87876136066678057        101.63834558573693     
          57   7.4999999999999997E-002  0.79543105383383383       0.87876136066678057        104.71568380238746     
          58   7.4999999999999997E-002  0.79543105383383383       0.87876136066678057        110.89225971721493     
          59   7.4999999999999997E-002  0.79543105383383383       0.87876136066678057        120.33569169824406     
          60   7.4999999999999997E-002  0.79543105383383383       0.87876136066678057        129.56837392933531     
          61   7.4999999999999997E-002  0.79543105383383383       0.87876136066678057        138.21068716559961     
          62   7.4999999999999997E-002  0.79543105383383383       0.87876136066678057        145.44109779254782     
          63   7.4999999999999997E-002  0.79543105383383383       0.87876136066678057        151.66395499577845     
          64   7.4999999999999997E-002  0.79543105383383383       0.87876136066678057        157.54572129371783     
          65   7.4999999999999997E-002  0.79543105383383383       0.87876136066678057        163.75748695354750     
          66   7.4999999999999997E-002  0.79543105383383383       0.87876136066678057        169.71844613107729     
          67   7.4999999999999997E-002  0.79543105383383383       0.87876136066678057        175.19472331307824     
          68   7.4999999999999997E-002  0.79543105383383383       0.87876136066678057        179.99994197456289     
          69   7.4999999999999997E-002  0.79543105383383383       0.87876136066678057        183.41840184284112     
          70   7.4999999999999997E-002  0.79543105383383383       0.87876136066678057        186.35108353862461     
          71   7.4999999999999997E-002  0.79543105383383383       0.87876136066678057        189.18657029452262     
          72   7.4999999999999997E-002  0.79543105383383383       0.87876136066678057        191.14459029651215     
          73   7.4999999999999997E-002  0.79543105383383383       0.87876136066678057        192.69476600519735     
          74   7.4999999999999997E-002  0.79543105383383383       0.87876136066678057        193.75977644363141     
          75   7.4999999999999997E-002  0.79543105383383383       0.87876136066678057        194.54241989584762     
          76   7.4999999999999997E-002  0.79543105383383383       0.87876136066678057        195.11266812637467     
          77   7.4999999999999997E-002  0.79543105383383383       0.87876136066678057        195.44647112516063     
          78   7.4999999999999997E-002  0.79543105383383383       0.87876136066678057        195.66725836919312     
          79   7.4999999999999997E-002  0.79543105383383383       0.87876136066678057        195.68390619152797     
          80   7.4999999999999997E-002  0.79543105383383383       0.87876136066678057        195.75078527728837     
          81   7.4999999999999997E-002  0.79543105383383383       0.87876136066678057        195.75172263906535     
          82   7.4999999999999997E-002  0.79543105383383383       0.87876136066678057        195.78592702293088     
          83   7.4999999999999997E-002  0.79543105383383383       0.87876136066678057        195.83910807466992     
          84   7.4999999999999997E-002  0.79543105383383383       0.87876136066678057        196.01150582357036     
          85   7.4999999999999997E-002  0.79543105383383383       0.87876136066678057        196.32391619123422     
          86   7.4999999999999997E-002  0.79543105383383383       0.87876136066678057        196.92076670761958     
          87   7.4999999999999997E-002  0.79543105383383383       0.87876136066678057        197.37464832455706     
          88   7.4999999999999997E-002  0.79543105383383383       0.87876136066678057        198.13567891243596     
          89   7.4999999999999997E-002  0.79543105383383383       0.87876136066678057        198.96251855393322     
          90   7.4999999999999997E-002  0.79543105383383383       0.87876136066678057        200.12945247224090     
          91   7.4999999999999997E-002  0.79543105383383383       0.87876136066678057        201.82173564753865     
          92   7.4999999999999997E-002  0.79543105383383383       0.87876136066678057        202.70959119010558     
          93   7.4999999999999997E-002  0.79543105383383383       0.87876136066678057        203.61842960780885     
          94   7.4999999999999997E-002  0.79543105383383383       0.87876136066678057        204.40909436531149     
          95   7.4999999999999997E-002  0.79543105383383383       0.87876136066678057        205.57529517732834     
          96   7.4999999999999997E-002  0.79543105383383383       0.87876136066678057        207.03080936228764     
          97   7.4999999999999997E-002  0.79543105383383383       0.87876136066678057        207.77847541860339     
          98   7.4999999999999997E-002  0.79543105383383383       0.87876136066678057        208.35093489915110     
          99   7.4999999999999997E-002  0.79543105383383383       0.87876136066678057        209.03854070556173     
         100   7.4999999999999997E-002  0.79543105383383383       0.87876136066678057        209.20626252193384     
         101   7.4999999999999997E-002  0.79543105383383383       0.87876136066678057        209.26052219828776     
         102   7.4999999999999997E-002  0.79543105383383383       0.87876136066678057        209.26284844814458     
         103   7.4999999999999997E-002  0.79543105383383383       0.87876136066678057        209.36436759573095     
         104   7.4999999999999997E-002  0.79543105383383383       0.87876136066678057        209.80467108170086     
         105   7.4999999999999997E-002  0.79543105383383383       0.87876136066678057        211.03359436757782     
         106   7.4999999999999997E-002  0.79543105383383383       0.87876136066678057        212.89585660736603     
         107   7.4999999999999997E-002  0.79543105383383383       0.87876136066678057        216.09583927109196     
         108   7.4999999999999997E-002  0.79543105383383383       0.87876136066678057        222.94227281171692     
         109   7.4999999999999997E-002  0.79543105383383383       0.87876136066678057        232.53059597642255     
         110   7.4999999999999997E-002  0.79543105383383383       0.87876136066678057        249.12123906828344     
         111   7.4999999999999997E-002  0.79543105383383383       0.87876136066678057        273.69498552464296     
         112   7.4999999999999997E-002  0.79543105383383383       0.87876136066678057        308.03039573203296     
           1   7.4999999999999997E-002  0.79543094633855904       0.87876122547705970        1.4083511720972783     
           2   7.4999999999999997E-002  0.79543094633855904       0.87876122547705970        2.8951847477420825     
           3   7.4999999999999997E-002  0.79543094633855904       0.87876122547705970        3.9677506757997492     
           4   7.4999999999999997E-002  0.79543094633855904       0.87876122547705970        4.6733167533391686     
           5   7.4999999999999997E-002  0.79543094633855904       0.87876122547705970        5.2439767226765905     
           6   7.4999999999999997E-002  0.79543094633855904       0.87876122547705970        5.6309724125204799     
           7   7.4999999999999997E-002  0.79543094633855904       0.87876122547705970        5.6732235322729219     
           8   7.4999999999999997E-002  0.79543094633855904       0.87876122547705970        5.6818140054326163     
           9   7.4999999999999997E-002  0.79543094633855904       0.87876122547705970        5.8334313190927709     
          10   7.4999999999999997E-002  0.79543094633855904       0.87876122547705970        6.2987452100005834     
          11   7.4999999999999997E-002  0.79543094633855904       0.87876122547705970        7.0217073015310811     
          12   7.4999999999999997E-002  0.79543094633855904       0.87876122547705970        8.3268927696880812     
          13   7.4999999999999997E-002  0.79543094633855904       0.87876122547705970        9.5380441999003889     
          14   7.4999999999999997E-002  0.79543094633855904       0.87876122547705970        10.246009005379186     
          15   7.4999999999999997E-002  0.79543094633855904       0.87876122547705970        11.387179364926830     
          16   7.4999999999999997E-002  0.79543094633855904       0.87876122547705970        13.331307255643365     
          17   7.4999999999999997E-002  0.79543094633855904       0.87876122547705970        15.144432976448780     
          18   7.4999999999999997E-002  0.79543094633855904       0.87876122547705970        17.145233515578884     
          19   7.4999999999999997E-002  0.79543094633855904       0.87876122547705970        19.600954063662805     
          20   7.4999999999999997E-002  0.79543094633855904       0.87876122547705970        21.099824596040840     
          21   7.4999999999999997E-002  0.79543094633855904       0.87876122547705970        22.008103284406825     
          22   7.4999999999999997E-002  0.79543094633855904       0.87876122547705970        22.407996024208863     
          23   7.4999999999999997E-002  0.79543094633855904       0.87876122547705970        22.547878304108274     
          24   7.4999999999999997E-002  0.79543094633855904       0.87876122547705970        22.549745350097179     
          25   7.4999999999999997E-002  0.79543094633855904       0.87876122547705970        22.658024393003476     
          26   7.4999999999999997E-002  0.79543094633855904       0.87876122547705970        23.317834326528772     
          27   7.4999999999999997E-002  0.79543094633855904       0.87876122547705970        24.639672712281882     
          28   7.4999999999999997E-002  0.79543094633855904       0.87876122547705970        26.899669552879207     
          29   7.4999999999999997E-002  0.79543094633855904       0.87876122547705970        30.574255153343980     
          30   7.4999999999999997E-002  0.79543094633855904       0.87876122547705970        30.691877696978128     
          31   7.4999999999999997E-002  0.79543094633855904       0.87876122547705970        31.329076785325878     
          32   7.4999999999999997E-002  0.79543094633855904       0.87876122547705970        32.499124837699242     
          33   7.4999999999999997E-002  0.79543094633855904       0.87876122547705970        34.002975836313141     
          34   7.4999999999999997E-002  0.79543094633855904       0.87876122547705970        34.661515393889907     
          35   7.4999999999999997E-002  0.79543094633855904       0.87876122547705970        34.889514014897593     
          36   7.4999999999999997E-002  0.79543094633855904       0.87876122547705970        34.891480192959698     
          37   7.4999999999999997E-002  0.79543094633855904       0.87876122547705970        35.053148545474620     
          38   7.4999999999999997E-002  0.79543094633855904       0.87876122547705970        35.625236940030511     
          39   7.4999999999999997E-002  0.79543094633855904       0.87876122547705970        37.147117554521635     
          40   7.4999999999999997E-002  0.79543094633855904       0.87876122547705970        39.875472898331331     
          41   7.4999999999999997E-002  0.79543094633855904       0.87876122547705970        44.495122279288964     
          42   7.4999999999999997E-002  0.79543094633855904       0.87876122547705970        50.895459330444176     
          43   7.4999999999999997E-002  0.79543094633855904       0.87876122547705970        57.129012852201328     
          44   7.4999999999999997E-002  0.79543094633855904       0.87876122547705970        63.836151236216843     
          45   7.4999999999999997E-002  0.79543094633855904       0.87876122547705970        70.021772047020477     
          46   7.4999999999999997E-002  0.79543094633855904       0.87876122547705970        76.340289598139663     
          47   7.4999999999999997E-002  0.79543094633855904       0.87876122547705970        82.718972338669289     
          48   7.4999999999999997E-002  0.79543094633855904       0.87876122547705970        87.714979206021681     
          49   7.4999999999999997E-002  0.79543094633855904       0.87876122547705970        91.869373496889111     
          50   7.4999999999999997E-002  0.79543094633855904       0.87876122547705970        95.786231910048940     
          51   7.4999999999999997E-002  0.79543094633855904       0.87876122547705970        98.099689958895439     
          52   7.4999999999999997E-002  0.79543094633855904       0.87876122547705970        99.034759531914204     
          53   7.4999999999999997E-002  0.79543094633855904       0.87876122547705970        99.313387272979739     
          54   7.4999999999999997E-002  0.79543094633855904       0.87876122547705970        99.390841924541732     
          55   7.4999999999999997E-002  0.79543094633855904       0.87876122547705970        100.01901568465502     
          56   7.4999999999999997E-002  0.79543094633855904       0.87876122547705970        101.64022482670512     
          57   7.4999999999999997E-002  0.79543094633855904       0.87876122547705970        104.71755584383669     
          58   7.4999999999999997E-002  0.79543094633855904       0.87876122547705970        110.89412944618296     
          59   7.4999999999999997E-002  0.79543094633855904       0.87876122547705970        120.33735860104940     
          60   7.4999999999999997E-002  0.79543094633855904       0.87876122547705970        129.56984106705906     
          61   7.4999999999999997E-002  0.79543094633855904       0.87876122547705970        138.21196209934149     
          62   7.4999999999999997E-002  0.79543094633855904       0.87876122547705970        145.44219639416633     
          63   7.4999999999999997E-002  0.79543094633855904       0.87876122547705970        151.66488966723804     
          64   7.4999999999999997E-002  0.79543094633855904       0.87876122547705970        157.54649810527283     
          65   7.4999999999999997E-002  0.79543094633855904       0.87876122547705970        163.75810152086808     
          66   7.4999999999999997E-002  0.79543094633855904       0.87876122547705970        169.71890366971863     
          67   7.4999999999999997E-002  0.79543094633855904       0.87876122547705970        175.19503064363883     
          68   7.4999999999999997E-002  0.79543094633855904       0.87876122547705970        180.00010901007300     
          69   7.4999999999999997E-002  0.79543094633855904       0.87876122547705970        183.41844951691769     
          70   7.4999999999999997E-002  0.79543094633855904       0.87876122547705970        186.35102107931371     
          71   7.4999999999999997E-002  0.79543094633855904       0.87876122547705970        189.18640000212358     
          72   7.4999999999999997E-002  0.79543094633855904       0.87876122547705970        191.14433082613078     
          73   7.4999999999999997E-002  0.79543094633855904       0.87876122547705970        192.69442760179939     
          74   7.4999999999999997E-002  0.79543094633855904       0.87876122547705970        193.75937294886418     
          75   7.4999999999999997E-002  0.79543094633855904       0.87876122547705970        194.54196090813878     
          76   7.4999999999999997E-002  0.79543094633855904       0.87876122547705970        195.11216201931529     
          77   7.4999999999999997E-002  0.79543094633855904       0.87876122547705970        195.44592914947739     
          78   7.4999999999999997E-002  0.79543094633855904       0.87876122547705970        195.66668735630714     
          79   7.4999999999999997E-002  0.79543094633855904       0.87876122547705970        195.68332723480754     
          80   7.4999999999999997E-002  0.79543094633855904       0.87876122547705970        195.75019043827180     
          81   7.4999999999999997E-002  0.79543094633855904       0.87876122547705970        195.75112592214612     
          82   7.4999999999999997E-002  0.79543094633855904       0.87876122547705970        195.78534147923011     
          83   7.4999999999999997E-002  0.79543094633855904       0.87876122547705970        195.83853628465639     
          84   7.4999999999999997E-002  0.79543094633855904       0.87876122547705970        196.01095850230948     
          85   7.4999999999999997E-002  0.79543094633855904       0.87876122547705970        196.32340146990938     
          86   7.4999999999999997E-002  0.79543094633855904       0.87876122547705970        196.92029652716781     
          87   7.4999999999999997E-002  0.79543094633855904       0.87876122547705970        197.37421623489178     
          88   7.4999999999999997E-002  0.79543094633855904       0.87876122547705970        198.13529542209321     
          89   7.4999999999999997E-002  0.79543094633855904       0.87876122547705970        198.96218453276504     
          90   7.4999999999999997E-002  0.79543094633855904       0.87876122547705970        200.12917614717736     
          91   7.4999999999999997E-002  0.79543094633855904       0.87876122547705970        201.82152739814097     
          92   7.4999999999999997E-002  0.79543094633855904       0.87876122547705970        202.70943046183689     
          93   7.4999999999999997E-002  0.79543094633855904       0.87876122547705970        203.61831547812886     
          94   7.4999999999999997E-002  0.79543094633855904       0.87876122547705970        204.40902220592048     
          95   7.4999999999999997E-002  0.79543094633855904       0.87876122547705970        205.57527259618331     
          96   7.4999999999999997E-002  0.79543094633855904       0.87876122547705970        207.03084013990863     
          97   7.4999999999999997E-002  0.79543094633855904       0.87876122547705970        207.77854252747218     
          98   7.4999999999999997E-002  0.79543094633855904       0.87876122547705970        208.35103235665989     
          99   7.4999999999999997E-002  0.79543094633855904       0.87876122547705970        209.03866966122806     
         100   7.4999999999999997E-002  0.79543094633855904       0.87876122547705970        209.20640609915694     
         101   7.4999999999999997E-002  0.79543094633855904       0.87876122547705970        209.26067353837050     
         102   7.4999999999999997E-002  0.79543094633855904       0.87876122547705970        209.26299829554134     
         103   7.4999999999999997E-002  0.79543094633855904       0.87876122547705970        209.36450842585603     
         104   7.4999999999999997E-002  0.79543094633855904       0.87876122547705970        209.80479487590102     
         105   7.4999999999999997E-002  0.79543094633855904       0.87876122547705970        211.03369238453811     
         106   7.4999999999999997E-002  0.79543094633855904       0.87876122547705970        212.89592623469775     
         107   7.4999999999999997E-002  0.79543094633855904       0.87876122547705970        216.09587800519446     
         108   7.4999999999999997E-002  0.79543094633855904       0.87876122547705970        222.94227755370744     
         109   7.4999999999999997E-002  0.79543094633855904       0.87876122547705970        232.53057462689918     
         110   7.4999999999999997E-002  0.79543094633855904       0.87876122547705970        249.12120279981804     
         111   7.4999999999999997E-002  0.79543094633855904       0.87876122547705970        273.69495342971436     
         112   7.4999999999999997E-002  0.79543094633855904       0.87876122547705970        308.03039455637776     
Note: The following floating-point exceptions are signalling: IEEE_UNDERFLOW_FLAG IEEE_DENORMAL

real	567m46,157s
user	567m32,261s
sys	0m8,173s

 'Parametros de minimizacao de curva sigmagg'      
     1 'A1        '   0.7500E-01  0.10000E-02    0.50000E-01  0.10000    
     2 'A2        '   0.90000      0.10000E-04    0.25000       1.0000    
     3 'A3        '    1.3730      0.10000E-02    0.80000       2.0000    

 SET ERRORDEF    4.605
 FIX    1.000
 SIMPLEX
 SIMPLEX
 MIGRAD
 MIGRAD 
 MIGRAD 
 HESSE 
 RETURN

