           1   6.5000000000000002E-002  0.76317859074255878       0.82556551435917314       0.97061940370372535     
           2   6.5000000000000002E-002  0.76317859074255878       0.82556551435917314        1.8758912076056260     
           3   6.5000000000000002E-002  0.76317859074255878       0.82556551435917314        2.4212105924881779     
           4   6.5000000000000002E-002  0.76317859074255878       0.82556551435917314        2.7124825657720391     
           5   6.5000000000000002E-002  0.76317859074255878       0.82556551435917314        2.9070877099874033     
           6   6.5000000000000002E-002  0.76317859074255878       0.82556551435917314        3.0008764075980250     
           7   6.5000000000000002E-002  0.76317859074255878       0.82556551435917314        3.0134201817793356     
           8   6.5000000000000002E-002  0.76317859074255878       0.82556551435917314        3.1845527971222700     
           9   6.5000000000000002E-002  0.76317859074255878       0.82556551435917314        3.6817236879485700     
          10   6.5000000000000002E-002  0.76317859074255878       0.82556551435917314        4.6709749683417288     
          11   6.5000000000000002E-002  0.76317859074255878       0.82556551435917314        6.0060372487527127     
          12   6.5000000000000002E-002  0.76317859074255878       0.82556551435917314        8.0599396944068982     
          13   6.5000000000000002E-002  0.76317859074255878       0.82556551435917314        9.8848264192807580     
          14   6.5000000000000002E-002  0.76317859074255878       0.82556551435917314        10.981004365466267     
          15   6.5000000000000002E-002  0.76317859074255878       0.82556551435917314        12.571293459113493     
          16   6.5000000000000002E-002  0.76317859074255878       0.82556551435917314        15.105214533302691     
          17   6.5000000000000002E-002  0.76317859074255878       0.82556551435917314        17.445669134405385     
          18   6.5000000000000002E-002  0.76317859074255878       0.82556551435917314        19.956699463016513     
          19   6.5000000000000002E-002  0.76317859074255878       0.82556551435917314        22.961567821185131     
          20   6.5000000000000002E-002  0.76317859074255878       0.82556551435917314        24.858303324428022     
          21   6.5000000000000002E-002  0.76317859074255878       0.82556551435917314        26.053276198758322     
          22   6.5000000000000002E-002  0.76317859074255878       0.82556551435917314        26.631686009487353     
          23   6.5000000000000002E-002  0.76317859074255878       0.82556551435917314        26.875521623247081     
          24   6.5000000000000002E-002  0.76317859074255878       0.82556551435917314        26.879375704347190     
          25   6.5000000000000002E-002  0.76317859074255878       0.82556551435917314        26.931346375775579     
          26   6.5000000000000002E-002  0.76317859074255878       0.82556551435917314        27.438507037954146     
          27   6.5000000000000002E-002  0.76317859074255878       0.82556551435917314        28.564477128038948     
          28   6.5000000000000002E-002  0.76317859074255878       0.82556551435917314        30.596907851587950     
          29   6.5000000000000002E-002  0.76317859074255878       0.82556551435917314        33.993941530804811     
          30   6.5000000000000002E-002  0.76317859074255878       0.82556551435917314        34.064746947971699     
          31   6.5000000000000002E-002  0.76317859074255878       0.82556551435917314        34.450528246282950     
          32   6.5000000000000002E-002  0.76317859074255878       0.82556551435917314        35.157481980962466     
          33   6.5000000000000002E-002  0.76317859074255878       0.82556551435917314        36.014584888183180     
          34   6.5000000000000002E-002  0.76317859074255878       0.82556551435917314        36.269369090217360     
          35   6.5000000000000002E-002  0.76317859074255878       0.82556551435917314        36.295752275968312     
          36   6.5000000000000002E-002  0.76317859074255878       0.82556551435917314        36.367382742130964     
          37   6.5000000000000002E-002  0.76317859074255878       0.82556551435917314        36.874400433052656     
          38   6.5000000000000002E-002  0.76317859074255878       0.82556551435917314        38.011493245762580     
          39   6.5000000000000002E-002  0.76317859074255878       0.82556551435917314        40.348979303729180     
          40   6.5000000000000002E-002  0.76317859074255878       0.82556551435917314        44.088338581976757     
          41   6.5000000000000002E-002  0.76317859074255878       0.82556551435917314        49.933668075917979     
          42   6.5000000000000002E-002  0.76317859074255878       0.82556551435917314        57.698503187792866     
          43   6.5000000000000002E-002  0.76317859074255878       0.82556551435917314        65.178444781039602     
          44   6.5000000000000002E-002  0.76317859074255878       0.82556551435917314        73.075617630434550     
          45   6.5000000000000002E-002  0.76317859074255878       0.82556551435917314        80.207013105641806     
          46   6.5000000000000002E-002  0.76317859074255878       0.82556551435917314        87.463990170975435     
          47   6.5000000000000002E-002  0.76317859074255878       0.82556551435917314        94.669883618785875     
          48   6.5000000000000002E-002  0.76317859074255878       0.82556551435917314        100.31337544236938     
          49   6.5000000000000002E-002  0.76317859074255878       0.82556551435917314        105.00042574332639     
          50   6.5000000000000002E-002  0.76317859074255878       0.82556551435917314        109.45528571172594     
          51   6.5000000000000002E-002  0.76317859074255878       0.82556551435917314        112.15779043166719     
          52   6.5000000000000002E-002  0.76317859074255878       0.82556551435917314        113.32463625449353     
          53   6.5000000000000002E-002  0.76317859074255878       0.82556551435917314        113.72960226676044     
          54   6.5000000000000002E-002  0.76317859074255878       0.82556551435917314        113.75971158836741     
          55   6.5000000000000002E-002  0.76317859074255878       0.82556551435917314        114.23995310876262     
          56   6.5000000000000002E-002  0.76317859074255878       0.82556551435917314        115.64501065065006     
          57   6.5000000000000002E-002  0.76317859074255878       0.82556551435917314        118.41082382422761     
          58   6.5000000000000002E-002  0.76317859074255878       0.82556551435917314        124.11064726179777     
          59   6.5000000000000002E-002  0.76317859074255878       0.82556551435917314        135.00551478136859     
          60   6.5000000000000002E-002  0.76317859074255878       0.82556551435917314        145.68004934232746     
          61   6.5000000000000002E-002  0.76317859074255878       0.82556551435917314        155.72347552612612     
          62   6.5000000000000002E-002  0.76317859074255878       0.82556551435917314        164.25617778088852     
          63   6.5000000000000002E-002  0.76317859074255878       0.82556551435917314        171.70585556000972     
          64   6.5000000000000002E-002  0.76317859074255878       0.82556551435917314        178.78241198637730     
          65   6.5000000000000002E-002  0.76317859074255878       0.82556551435917314        186.23388502923314     
          66   6.5000000000000002E-002  0.76317859074255878       0.82556551435917314        193.40868914408230     
          67   6.5000000000000002E-002  0.76317859074255878       0.82556551435917314        200.06183799244474     
          68   6.5000000000000002E-002  0.76317859074255878       0.82556551435917314        205.98299748309407     
          69   6.5000000000000002E-002  0.76317859074255878       0.82556551435917314        210.37260013606792     
          70   6.5000000000000002E-002  0.76317859074255878       0.82556551435917314        214.21711517964391     
          71   6.5000000000000002E-002  0.76317859074255878       0.82556551435917314        217.95781735948316     
          72   6.5000000000000002E-002  0.76317859074255878       0.82556551435917314        220.68489253420927     
          73   6.5000000000000002E-002  0.76317859074255878       0.82556551435917314        222.93187834982967     
          74   6.5000000000000002E-002  0.76317859074255878       0.82556551435917314        224.59036968622399     
          75   6.5000000000000002E-002  0.76317859074255878       0.82556551435917314        225.89533888232390     
          76   6.5000000000000002E-002  0.76317859074255878       0.82556551435917314        226.92506535656668     
          77   6.5000000000000002E-002  0.76317859074255878       0.82556551435917314        227.62959387163676     
          78   6.5000000000000002E-002  0.76317859074255878       0.82556551435917314        228.16777545858676     
          79   6.5000000000000002E-002  0.76317859074255878       0.82556551435917314        228.32389389698025     
          80   6.5000000000000002E-002  0.76317859074255878       0.82556551435917314        228.60198187404077     
          81   6.5000000000000002E-002  0.76317859074255878       0.82556551435917314        228.69343946665987     
          82   6.5000000000000002E-002  0.76317859074255878       0.82556551435917314        228.70080622530128     
          83   6.5000000000000002E-002  0.76317859074255878       0.82556551435917314        228.70239264783379     
          84   6.5000000000000002E-002  0.76317859074255878       0.82556551435917314        228.72340335090499     
          85   6.5000000000000002E-002  0.76317859074255878       0.82556551435917314        228.80667152560679     
          86   6.5000000000000002E-002  0.76317859074255878       0.82556551435917314        229.05922628406802     
          87   6.5000000000000002E-002  0.76317859074255878       0.82556551435917314        229.22435513854415     
          88   6.5000000000000002E-002  0.76317859074255878       0.82556551435917314        229.59231945391002     
          89   6.5000000000000002E-002  0.76317859074255878       0.82556551435917314        230.01182205416953     
          90   6.5000000000000002E-002  0.76317859074255878       0.82556551435917314        230.68685858154424     
          91   6.5000000000000002E-002  0.76317859074255878       0.82556551435917314        231.78094602058536     
          92   6.5000000000000002E-002  0.76317859074255878       0.82556551435917314        232.26468997294580     
          93   6.5000000000000002E-002  0.76317859074255878       0.82556551435917314        232.77378039144986     
          94   6.5000000000000002E-002  0.76317859074255878       0.82556551435917314        233.20593994462223     
          95   6.5000000000000002E-002  0.76317859074255878       0.82556551435917314        233.93650624290962     
          96   6.5000000000000002E-002  0.76317859074255878       0.82556551435917314        234.91735796775183     
          97   6.5000000000000002E-002  0.76317859074255878       0.82556551435917314        235.35417337073579     
          98   6.5000000000000002E-002  0.76317859074255878       0.82556551435917314        235.67253244556790     
          99   6.5000000000000002E-002  0.76317859074255878       0.82556551435917314        236.09494314726976     
         100   6.5000000000000002E-002  0.76317859074255878       0.82556551435917314        236.15495096089728     
         101   6.5000000000000002E-002  0.76317859074255878       0.82556551435917314        236.16203719737098     
         102   6.5000000000000002E-002  0.76317859074255878       0.82556551435917314        236.19453538512309     
         103   6.5000000000000002E-002  0.76317859074255878       0.82556551435917314        236.38098061612584     
         104   6.5000000000000002E-002  0.76317859074255878       0.82556551435917314        236.95585651375029     
         105   6.5000000000000002E-002  0.76317859074255878       0.82556551435917314        238.36037161863359     
         106   6.5000000000000002E-002  0.76317859074255878       0.82556551435917314        240.38005495808960     
         107   6.5000000000000002E-002  0.76317859074255878       0.82556551435917314        243.68372485662763     
         108   6.5000000000000002E-002  0.76317859074255878       0.82556551435917314        250.49555960303917     
         109   6.5000000000000002E-002  0.76317859074255878       0.82556551435917314        259.80831389608420     
         110   6.5000000000000002E-002  0.76317859074255878       0.82556551435917314        275.71631597253020     
         111   6.5000000000000002E-002  0.76317859074255878       0.82556551435917314        299.08936920278336     
         112   6.5000000000000002E-002  0.76317859074255878       0.82556551435917314        331.54819010682172     
           1   6.5000000000000002E-002  0.76317730544234796       0.82556551435917314       0.97017973710905359     
           2   6.5000000000000002E-002  0.76317730544234796       0.82556551435917314        1.8748836946624374     
           3   6.5000000000000002E-002  0.76317730544234796       0.82556551435917314        2.4197104410291246     
           4   6.5000000000000002E-002  0.76317730544234796       0.82556551435917314        2.7106155100762619     
           5   6.5000000000000002E-002  0.76317730544234796       0.82556551435917314        2.9049038956997872     
           6   6.5000000000000002E-002  0.76317730544234796       0.82556551435917314        2.9984694826283644     
           7   6.5000000000000002E-002  0.76317730544234796       0.82556551435917314        3.0110963330145895     
           8   6.5000000000000002E-002  0.76317730544234796       0.82556551435917314        3.1825420505587481     
           9   6.5000000000000002E-002  0.76317730544234796       0.82556551435917314        3.6802433121178741     
          10   6.5000000000000002E-002  0.76317730544234796       0.82556551435917314        4.6702424750528388     
          11   6.5000000000000002E-002  0.76317730544234796       0.82556551435917314        6.0061612417573036     
          12   6.5000000000000002E-002  0.76317730544234796       0.82556551435917314        8.0610844044425551     
          13   6.5000000000000002E-002  0.76317730544234796       0.82556551435917314        9.8868056323560101     
          14   6.5000000000000002E-002  0.76317730544234796       0.82556551435917314        10.983517111319257     
          15   6.5000000000000002E-002  0.76317730544234796       0.82556551435917314        12.574409920329053     
          16   6.5000000000000002E-002  0.76317730544234796       0.82556551435917314        15.109109512442382     
          17   6.5000000000000002E-002  0.76317730544234796       0.82556551435917314        17.450252914809667     
          18   6.5000000000000002E-002  0.76317730544234796       0.82556551435917314        19.961934726933933     
          19   6.5000000000000002E-002  0.76317730544234796       0.82556551435917314        22.967481960409170     
          20   6.5000000000000002E-002  0.76317730544234796       0.82556551435917314        24.864695563336859     
          21   6.5000000000000002E-002  0.76317730544234796       0.82556551435917314        26.059997622558107     
          22   6.5000000000000002E-002  0.76317730544234796       0.82556551435917314        26.638600433194032     
          23   6.5000000000000002E-002  0.76317730544234796       0.82556551435917314        26.882540842111716     
          24   6.5000000000000002E-002  0.76317730544234796       0.82556551435917314        26.886404820748044     
          25   6.5000000000000002E-002  0.76317730544234796       0.82556551435917314        26.938347898465356     
          26   6.5000000000000002E-002  0.76317730544234796       0.82556551435917314        27.445448124930767     
          27   6.5000000000000002E-002  0.76317730544234796       0.82556551435917314        28.571373706970789     
          28   6.5000000000000002E-002  0.76317730544234796       0.82556551435917314        30.603796970095772     
          29   6.5000000000000002E-002  0.76317730544234796       0.82556551435917314        34.000876856634903     
          30   6.5000000000000002E-002  0.76317730544234796       0.82556551435917314        34.071613896541123     
          31   6.5000000000000002E-002  0.76317730544234796       0.82556551435917314        34.457022910384644     
          32   6.5000000000000002E-002  0.76317730544234796       0.82556551435917314        35.163282301314247     
          33   6.5000000000000002E-002  0.76317730544234796       0.82556551435917314        36.019415233496716     
          34   6.5000000000000002E-002  0.76317730544234796       0.82556551435917314        36.273650683048160     
          35   6.5000000000000002E-002  0.76317730544234796       0.82556551435917314        36.299849440943312     
          36   6.5000000000000002E-002  0.76317730544234796       0.82556551435917314        36.371787594513407     
          37   6.5000000000000002E-002  0.76317730544234796       0.82556551435917314        36.879634741445102     
          38   6.5000000000000002E-002  0.76317730544234796       0.82556551435917314        38.017995799888517     
          39   6.5000000000000002E-002  0.76317730544234796       0.82556551435917314        40.357249792477297     
          40   6.5000000000000002E-002  0.76317730544234796       0.82556551435917314        44.098787914279669     
          41   6.5000000000000002E-002  0.76317730544234796       0.82556551435917314        49.946762418884930     
          42   6.5000000000000002E-002  0.76317730544234796       0.82556551435917314        57.714566252270103     
          43   6.5000000000000002E-002  0.76317730544234796       0.82556551435917314        65.197252068688385     
          44   6.5000000000000002E-002  0.76317730544234796       0.82556551435917314        73.097061403341570     
          45   6.5000000000000002E-002  0.76317730544234796       0.82556551435917314        80.230551110768872     
          46   6.5000000000000002E-002  0.76317730544234796       0.82556551435917314        87.489595415323578     
          47   6.5000000000000002E-002  0.76317730544234796       0.82556551435917314        94.697274233105716     
          48   6.5000000000000002E-002  0.76317730544234796       0.82556551435917314        100.34211878360388     
          49   6.5000000000000002E-002  0.76317730544234796       0.82556551435917314        105.03022854493722     
          50   6.5000000000000002E-002  0.76317730544234796       0.82556551435917314        109.48608168961074     
          51   6.5000000000000002E-002  0.76317730544234796       0.82556551435917314        112.18922960045002     
          52   6.5000000000000002E-002  0.76317730544234796       0.82556551435917314        113.35640789088730     
          53   6.5000000000000002E-002  0.76317730544234796       0.82556551435917314        113.76152469965983     
          54   6.5000000000000002E-002  0.76317730544234796       0.82556551435917314        113.79160508435203     
          55   6.5000000000000002E-002  0.76317730544234796       0.82556551435917314        114.27177686778346     
          56   6.5000000000000002E-002  0.76317730544234796       0.82556551435917314        115.67678579281498     
          57   6.5000000000000002E-002  0.76317730544234796       0.82556551435917314        118.44260600844400     
          58   6.5000000000000002E-002  0.76317730544234796       0.82556551435917314        124.14254428926137     
          59   6.5000000000000002E-002  0.76317730544234796       0.82556551435917314        135.03445803375661     
          60   6.5000000000000002E-002  0.76317730544234796       0.82556551435917314        145.70608267977801     
          61   6.5000000000000002E-002  0.76317730544234796       0.82556551435917314        155.74670440914281     
          62   6.5000000000000002E-002  0.76317730544234796       0.82556551435917314        164.27681647236719     
          63   6.5000000000000002E-002  0.76317730544234796       0.82556551435917314        171.72407143778076     
          64   6.5000000000000002E-002  0.76317730544234796       0.82556551435917314        178.79829154368011     
          65   6.5000000000000002E-002  0.76317730544234796       0.82556551435917314        186.24736975073765     
          66   6.5000000000000002E-002  0.76317730544234796       0.82556551435917314        193.41985502176382     
          67   6.5000000000000002E-002  0.76317730544234796       0.82556551435917314        200.07077836660469     
          68   6.5000000000000002E-002  0.76317730544234796       0.82556551435917314        205.98984743859390     
          69   6.5000000000000002E-002  0.76317730544234796       0.82556551435917314        210.37763732228379     
          70   6.5000000000000002E-002  0.76317730544234796       0.82556551435917314        214.22046506616348     
          71   6.5000000000000002E-002  0.76317730544234796       0.82556551435917314        217.95951274240588     
          72   6.5000000000000002E-002  0.76317730544234796       0.82556551435917314        220.68518455874568     
          73   6.5000000000000002E-002  0.76317730544234796       0.82556551435917314        222.93090559523338     
          74   6.5000000000000002E-002  0.76317730544234796       0.82556551435917314        224.58831803071536     
          75   6.5000000000000002E-002  0.76317730544234796       0.82556551435917314        225.89233746545005     
          76   6.5000000000000002E-002  0.76317730544234796       0.82556551435917314        226.92122656773540     
          77   6.5000000000000002E-002  0.76317730544234796       0.82556551435917314        227.62506757292712     
          78   6.5000000000000002E-002  0.76317730544234796       0.82556551435917314        228.16265252670905     
          79   6.5000000000000002E-002  0.76317730544234796       0.82556551435917314        228.31845169438128     
          80   6.5000000000000002E-002  0.76317730544234796       0.82556551435917314        228.59611576080437     
          81   6.5000000000000002E-002  0.76317730544234796       0.82556551435917314        228.68733122135222     
          82   6.5000000000000002E-002  0.76317730544234796       0.82556551435917314        228.69463065131444     
          83   6.5000000000000002E-002  0.76317730544234796       0.82556551435917314        228.69618640873128     
          84   6.5000000000000002E-002  0.76317730544234796       0.82556551435917314        228.71730768505714     
          85   6.5000000000000002E-002  0.76317730544234796       0.82556551435917314        228.80079277705542     
          86   6.5000000000000002E-002  0.76317730544234796       0.82556551435917314        229.05371939540501     
          87   6.5000000000000002E-002  0.76317730544234796       0.82556551435917314        229.21914191040565     
          88   6.5000000000000002E-002  0.76317730544234796       0.82556551435917314        229.58753615939781     
          89   6.5000000000000002E-002  0.76317730544234796       0.82556551435917314        230.00748488711915     
          90   6.5000000000000002E-002  0.76317730544234796       0.82556551435917314        230.68307409765077     
          91   6.5000000000000002E-002  0.76317730544234796       0.82556551435917314        231.77784704772452     
          92   6.5000000000000002E-002  0.76317730544234796       0.82556551435917314        232.26202765632044     
          93   6.5000000000000002E-002  0.76317730544234796       0.82556551435917314        232.77154935529114     
          94   6.5000000000000002E-002  0.76317730544234796       0.82556551435917314        233.20408984968782     
          95   6.5000000000000002E-002  0.76317730544234796       0.82556551435917314        233.93513404279275     
          96   6.5000000000000002E-002  0.76317730544234796       0.82556551435917314        234.91651451222515     
          97   6.5000000000000002E-002  0.76317730544234796       0.82556551435917314        235.35366180127713     
          98   6.5000000000000002E-002  0.76317730544234796       0.82556551435917314        235.67228843509017     
          99   6.5000000000000002E-002  0.76317730544234796       0.82556551435917314        236.09498738230155     
         100   6.5000000000000002E-002  0.76317730544234796       0.82556551435917314        236.15509580503829     
         101   6.5000000000000002E-002  0.76317730544234796       0.82556551435917314        236.16221378147031     
         102   6.5000000000000002E-002  0.76317730544234796       0.82556551435917314        236.19465024693986     
         103   6.5000000000000002E-002  0.76317730544234796       0.82556551435917314        236.38096373363939     
         104   6.5000000000000002E-002  0.76317730544234796       0.82556551435917314        236.95563566570323     
         105   6.5000000000000002E-002  0.76317730544234796       0.82556551435917314        238.35987186952079     
         106   6.5000000000000002E-002  0.76317730544234796       0.82556551435917314        240.37927048896356     
         107   6.5000000000000002E-002  0.76317730544234796       0.82556551435917314        243.68266452178855     
         108   6.5000000000000002E-002  0.76317730544234796       0.82556551435917314        250.49425688177706     
         109   6.5000000000000002E-002  0.76317730544234796       0.82556551435917314        259.80691632188768     
         110   6.5000000000000002E-002  0.76317730544234796       0.82556551435917314        275.71504604599772     
         111   6.5000000000000002E-002  0.76317730544234796       0.82556551435917314        299.08853730488556     
         112   6.5000000000000002E-002  0.76317730544234796       0.82556551435917314        331.54820587287827     
           1   6.5000000000000002E-002  0.76317794809268813       0.82556447011446865       0.97043070357130079     
           2   6.5000000000000002E-002  0.76317794809268813       0.82556447011446865        1.8754583426334117     
           3   6.5000000000000002E-002  0.76317794809268813       0.82556447011446865        2.4205653922907429     
           4   6.5000000000000002E-002  0.76317794809268813       0.82556447011446865        2.7116787808763085     
           5   6.5000000000000002E-002  0.76317794809268813       0.82556447011446865        2.9061465862962788     
           6   6.5000000000000002E-002  0.76317794809268813       0.82556447011446865        2.9998382070044198     
           7   6.5000000000000002E-002  0.76317794809268813       0.82556447011446865        3.0124182231097354     
           8   6.5000000000000002E-002  0.76317794809268813       0.82556447011446865        3.1836881109916004     
           9   6.5000000000000002E-002  0.76317794809268813       0.82556447011446865        3.6810926673978468     
          10   6.5000000000000002E-002  0.76317794809268813       0.82556447011446865        4.6706751678191356     
          11   6.5000000000000002E-002  0.76317794809268813       0.82556447011446865        6.0061189176375933     
          12   6.5000000000000002E-002  0.76317794809268813       0.82556447011446865        8.0604789593569492     
          13   6.5000000000000002E-002  0.76317794809268813       0.82556447011446865        9.8857425348798991     
          14   6.5000000000000002E-002  0.76317794809268813       0.82556447011446865        10.982163297692527     
          15   6.5000000000000002E-002  0.76317794809268813       0.82556447011446865        12.572729656882945     
          16   6.5000000000000002E-002  0.76317794809268813       0.82556447011446865        15.107012109443286     
          17   6.5000000000000002E-002  0.76317794809268813       0.82556447011446865        17.447790219345073     
          18   6.5000000000000002E-002  0.76317794809268813       0.82556447011446865        19.959130857868654     
          19   6.5000000000000002E-002  0.76317794809268813       0.82556447011446865        22.964327985457363     
          20   6.5000000000000002E-002  0.76317794809268813       0.82556447011446865        24.861299320391737     
          21   6.5000000000000002E-002  0.76317794809268813       0.82556447011446865        26.056438456533304     
          22   6.5000000000000002E-002  0.76317794809268813       0.82556447011446865        26.634948891599809     
          23   6.5000000000000002E-002  0.76317794809268813       0.82556447011446865        26.878841402839697     
          24   6.5000000000000002E-002  0.76317794809268813       0.82556447011446865        26.882701171248407     
          25   6.5000000000000002E-002  0.76317794809268813       0.82556447011446865        26.934654508407355     
          26   6.5000000000000002E-002  0.76317794809268813       0.82556447011446865        27.441771152561323     
          27   6.5000000000000002E-002  0.76317794809268813       0.82556447011446865        28.567697180091216     
          28   6.5000000000000002E-002  0.76317794809268813       0.82556447011446865        30.600094327944422     
          29   6.5000000000000002E-002  0.76317794809268813       0.82556447011446865        33.997109891294350     
          30   6.5000000000000002E-002  0.76317794809268813       0.82556447011446865        34.067885968500377     
          31   6.5000000000000002E-002  0.76317794809268813       0.82556447011446865        34.453507191952916     
          32   6.5000000000000002E-002  0.76317794809268813       0.82556447011446865        35.160161691859017     
          33   6.5000000000000002E-002  0.76317794809268813       0.82556447011446865        36.016845309324552     
          34   6.5000000000000002E-002  0.76317794809268813       0.82556447011446865        36.271391536446806     
          35   6.5000000000000002E-002  0.76317794809268813       0.82556447011446865        36.297694412234954     
          36   6.5000000000000002E-002  0.76317794809268813       0.82556447011446865        36.369459172646351     
          37   6.5000000000000002E-002  0.76317794809268813       0.82556447011446865        36.876840598111698     
          38   6.5000000000000002E-002  0.76317794809268813       0.82556447011446865        38.014492281179301     
          39   6.5000000000000002E-002  0.76317794809268813       0.82556447011446865        40.352761519691214     
          40   6.5000000000000002E-002  0.76317794809268813       0.82556447011446865        44.093091537819397     
          41   6.5000000000000002E-002  0.76317794809268813       0.82556447011446865        49.939607263586453     
          42   6.5000000000000002E-002  0.76317794809268813       0.82556447011446865        57.705783640807930     
          43   6.5000000000000002E-002  0.76317794809268813       0.82556447011446865        65.186974884680737     
          44   6.5000000000000002E-002  0.76317794809268813       0.82556447011446865        73.085359440612592     
          45   6.5000000000000002E-002  0.76317794809268813       0.82556447011446865        80.217727905124917     
          46   6.5000000000000002E-002  0.76317794809268813       0.82556447011446865        87.475676999377853     
          47   6.5000000000000002E-002  0.76317794809268813       0.82556447011446865        94.682422107990689     
          48   6.5000000000000002E-002  0.76317794809268813       0.82556447011446865        100.32657032752445     
          49   6.5000000000000002E-002  0.76317794809268813       0.82556447011446865        105.01414459123036     
          50   6.5000000000000002E-002  0.76317794809268813       0.82556447011446865        109.46950798716404     
          51   6.5000000000000002E-002  0.76317794809268813       0.82556447011446865        112.17234979843332     
          52   6.5000000000000002E-002  0.76317794809268813       0.82556447011446865        113.33937754575463     
          53   6.5000000000000002E-002  0.76317794809268813       0.82556447011446865        113.74443131836982     
          54   6.5000000000000002E-002  0.76317794809268813       0.82556447011446865        113.77452204763529     
          55   6.5000000000000002E-002  0.76317794809268813       0.82556447011446865        114.25471032219392     
          56   6.5000000000000002E-002  0.76317794809268813       0.82556447011446865        115.65971260187618     
          57   6.5000000000000002E-002  0.76317794809268813       0.82556447011446865        118.42548075082868     
          58   6.5000000000000002E-002  0.76317794809268813       0.82556447011446865        124.12528329413092     
          59   6.5000000000000002E-002  0.76317794809268813       0.82556447011446865        135.01888614712811     
          60   6.5000000000000002E-002  0.76317794809268813       0.82556447011446865        145.69217374321863     
          61   6.5000000000000002E-002  0.76317794809268813       0.82556447011446865        155.73439701819464     
          62   6.5000000000000002E-002  0.76317794809268813       0.82556447011446865        164.26598713247128     
          63   6.5000000000000002E-002  0.76317794809268813       0.82556447011446865        171.71462349662639     
          64   6.5000000000000002E-002  0.76317794809268813       0.82556447011446865        178.79017450078092     
          65   6.5000000000000002E-002  0.76317794809268813       0.82556447011446865        186.24061565182672     
          66   6.5000000000000002E-002  0.76317794809268813       0.82556447011446865        193.41441927763603     
          67   6.5000000000000002E-002  0.76317794809268813       0.82556447011446865        200.06660653801009     
          68   6.5000000000000002E-002  0.76317794809268813       0.82556447011446865        205.98686142896500     
          69   6.5000000000000002E-002  0.76317794809268813       0.82556447011446865        210.37567835012931     
          70   6.5000000000000002E-002  0.76317794809268813       0.82556447011446865        214.21946078500409     
          71   6.5000000000000002E-002  0.76317794809268813       0.82556447011446865        217.95944328801536     
          72   6.5000000000000002E-002  0.76317794809268813       0.82556447011446865        220.68590684234297     
          73   6.5000000000000002E-002  0.76317794809268813       0.82556447011446865        222.93234029831086     
          74   6.5000000000000002E-002  0.76317794809268813       0.82556447011446865        224.59035942910398     
          75   6.5000000000000002E-002  0.76317794809268813       0.82556447011446865        225.89491197916163     
          76   6.5000000000000002E-002  0.76317794809268813       0.82556447011446865        226.92427021325835     
          77   6.5000000000000002E-002  0.76317794809268813       0.82556447011446865        227.62849560415242     
          78   6.5000000000000002E-002  0.76317794809268813       0.82556447011446865        228.16641340946117     
          79   6.5000000000000002E-002  0.76317794809268813       0.82556447011446865        228.32239026558756     
          80   6.5000000000000002E-002  0.76317794809268813       0.82556447011446865        228.60028969257255     
          81   6.5000000000000002E-002  0.76317794809268813       0.82556447011446865        228.69163922001664     
          82   6.5000000000000002E-002  0.76317794809268813       0.82556447011446865        228.69897579799130     
          83   6.5000000000000002E-002  0.76317794809268813       0.82556447011446865        228.70054840423174     
          84   6.5000000000000002E-002  0.76317794809268813       0.82556447011446865        228.72160895316244     
          85   6.5000000000000002E-002  0.76317794809268813       0.82556447011446865        228.80497536003304     
          86   6.5000000000000002E-002  0.76317794809268813       0.82556447011446865        229.05769930174645     
          87   6.5000000000000002E-002  0.76317794809268813       0.82556447011446865        229.22296240160128     
          88   6.5000000000000002E-002  0.76317794809268813       0.82556447011446865        229.59112429695747     
          89   6.5000000000000002E-002  0.76317794809268813       0.82556447011446865        230.01083306852050     
          90   6.5000000000000002E-002  0.76317794809268813       0.82556447011446865        230.68612656391588     
          91   6.5000000000000002E-002  0.76317794809268813       0.82556447011446865        231.78053483031036     
          92   6.5000000000000002E-002  0.76317794809268813       0.82556447011446865        232.26448459831300     
          93   6.5000000000000002E-002  0.76317794809268813       0.82556447011446865        232.77377988877441     
          94   6.5000000000000002E-002  0.76317794809268813       0.82556447011446865        233.20612195181519     
          95   6.5000000000000002E-002  0.76317794809268813       0.82556447011446865        233.93691938837324     
          96   6.5000000000000002E-002  0.76317794809268813       0.82556447011446865        234.91802954081243     
          97   6.5000000000000002E-002  0.76317794809268813       0.82556447011446865        235.35500909277877     
          98   6.5000000000000002E-002  0.76317794809268813       0.82556447011446865        235.67350222234938     
          99   6.5000000000000002E-002  0.76317794809268813       0.82556447011446865        236.09605949688151     
         100   6.5000000000000002E-002  0.76317794809268813       0.82556447011446865        236.15611938995642     
         101   6.5000000000000002E-002  0.76317794809268813       0.82556447011446865        236.16322239249860     
         102   6.5000000000000002E-002  0.76317794809268813       0.82556447011446865        236.19568712697472     
         103   6.5000000000000002E-002  0.76317794809268813       0.82556447011446865        236.38205873105483     
         104   6.5000000000000002E-002  0.76317794809268813       0.82556447011446865        236.95681673517777     
         105   6.5000000000000002E-002  0.76317794809268813       0.82556447011446865        238.36116392161861     
         106   6.5000000000000002E-002  0.76317794809268813       0.82556447011446865        240.38066559958693     
         107   6.5000000000000002E-002  0.76317794809268813       0.82556447011446865        243.68413986501676     
         108   6.5000000000000002E-002  0.76317794809268813       0.82556447011446865        250.49575746987674     
         109   6.5000000000000002E-002  0.76317794809268813       0.82556447011446865        259.80833776030357     
         110   6.5000000000000002E-002  0.76317794809268813       0.82556447011446865        275.71622198250191     
         111   6.5000000000000002E-002  0.76317794809268813       0.82556447011446865        299.08925857625246     
         112   6.5000000000000002E-002  0.76317794809268813       0.82556447011446865        331.54820620224484     
           1   6.5000000000000002E-002  0.76317794809268813       0.82556655862474027       0.97036841349185676     
           2   6.5000000000000002E-002  0.76317794809268813       0.82556655862474027        1.8753164930497710     
           3   6.5000000000000002E-002  0.76317794809268813       0.82556655862474027        2.4203555207512935     
           4   6.5000000000000002E-002  0.76317794809268813       0.82556655862474027        2.7114191182654759     
           5   6.5000000000000002E-002  0.76317794809268813       0.82556655862474027        2.9058447797557676     
           6   6.5000000000000002E-002  0.76317794809268813       0.82556655862474027        2.9995073785818041     
           7   6.5000000000000002E-002  0.76317794809268813       0.82556655862474027        3.0120979194898938     
           8   6.5000000000000002E-002  0.76317794809268813       0.82556655862474027        3.1834062936548344     
           9   6.5000000000000002E-002  0.76317794809268813       0.82556655862474027        3.6808738193314685     
          10   6.5000000000000002E-002  0.76317794809268813       0.82556655862474027        4.6705416916938853     
          11   6.5000000000000002E-002  0.76317794809268813       0.82556655862474027        6.0060789202741134     
          12   6.5000000000000002E-002  0.76317794809268813       0.82556655862474027        8.0605444232222077     
          13   6.5000000000000002E-002  0.76317794809268813       0.82556655862474027        9.8858887525376922     
          14   6.5000000000000002E-002  0.76317794809268813       0.82556655862474027        10.982357382284896     
          15   6.5000000000000002E-002  0.76317794809268813       0.82556655862474027        12.572972896918383     
          16   6.5000000000000002E-002  0.76317794809268813       0.82556655862474027        15.107311080535688     
          17   6.5000000000000002E-002  0.76317794809268813       0.82556655862474027        17.448130948625646     
          18   6.5000000000000002E-002  0.76317794809268813       0.82556655862474027        19.959502429654407     
          19   6.5000000000000002E-002  0.76317794809268813       0.82556655862474027        22.964720874595095     
          20   6.5000000000000002E-002  0.76317794809268813       0.82556655862474027        24.861698630911622     
          21   6.5000000000000002E-002  0.76317794809268813       0.82556655862474027        26.056834417187002     
          22   6.5000000000000002E-002  0.76317794809268813       0.82556655862474027        26.635336595648550     
          23   6.5000000000000002E-002  0.76317794809268813       0.82556655862474027        26.879220101662948     
          24   6.5000000000000002E-002  0.76317794809268813       0.82556655862474027        26.883078389911780     
          25   6.5000000000000002E-002  0.76317794809268813       0.82556655862474027        26.935038800086588     
          26   6.5000000000000002E-002  0.76317794809268813       0.82556655862474027        27.442183043500563     
          27   6.5000000000000002E-002  0.76317794809268813       0.82556655862474027        28.568152687547904     
          28   6.5000000000000002E-002  0.76317794809268813       0.82556655862474027        30.600609525891130     
          29   6.5000000000000002E-002  0.76317794809268813       0.82556655862474027        33.997707527568679     
          30   6.5000000000000002E-002  0.76317794809268813       0.82556655862474027        34.068473899444868     
          31   6.5000000000000002E-002  0.76317794809268813       0.82556655862474027        34.454042944639717     
          32   6.5000000000000002E-002  0.76317794809268813       0.82556655862474027        35.160601487671130     
          33   6.5000000000000002E-002  0.76317794809268813       0.82556655862474027        36.017153576183134     
          34   6.5000000000000002E-002  0.76317794809268813       0.82556655862474027        36.271626856101143     
          35   6.5000000000000002E-002  0.76317794809268813       0.82556655862474027        36.297905765212406     
          36   6.5000000000000002E-002  0.76317794809268813       0.82556655862474027        36.369709461933923     
          37   6.5000000000000002E-002  0.76317794809268813       0.82556655862474027        36.877192706402155     
          38   6.5000000000000002E-002  0.76317794809268813       0.82556655862474027        38.014994718811927     
          39   6.5000000000000002E-002  0.76317794809268813       0.82556655862474027        40.353465364050102     
          40   6.5000000000000002E-002  0.76317794809268813       0.82556655862474027        44.094032587030526     
          41   6.5000000000000002E-002  0.76317794809268813       0.82556655862474027        49.940820709408605     
          42   6.5000000000000002E-002  0.76317794809268813       0.82556655862474027        57.707283134487049     
          43   6.5000000000000002E-002  0.76317794809268813       0.82556655862474027        65.188719173493169     
          44   6.5000000000000002E-002  0.76317794809268813       0.82556655862474027        73.087316690753056     
          45   6.5000000000000002E-002  0.76317794809268813       0.82556655862474027        80.219833331447362     
          46   6.5000000000000002E-002  0.76317794809268813       0.82556655862474027        87.477905533132329     
          47   6.5000000000000002E-002  0.76317794809268813       0.82556655862474027        94.684732634749736     
          48   6.5000000000000002E-002  0.76317794809268813       0.82556655862474027        100.32892074896645     
          49   6.5000000000000002E-002  0.76317794809268813       0.82556655862474027        105.01650651801413     
          50   6.5000000000000002E-002  0.76317794809268813       0.82556655862474027        109.47185620817712     
          51   6.5000000000000002E-002  0.76317794809268813       0.82556655862474027        112.17466700933834     
          52   6.5000000000000002E-002  0.76317794809268813       0.82556655862474027        113.34166336412513     
          53   6.5000000000000002E-002  0.76317794809268813       0.82556655862474027        113.74669240611469     
          54   6.5000000000000002E-002  0.76317794809268813       0.82556655862474027        113.77679137983408     
          55   6.5000000000000002E-002  0.76317794809268813       0.82556655862474027        114.25701640769807     
          56   6.5000000000000002E-002  0.76317794809268813       0.82556655862474027        115.66208059429330     
          57   6.5000000000000002E-002  0.76317794809268813       0.82556655862474027        118.42794583383613     
          58   6.5000000000000002E-002  0.76317794809268813       0.82556655862474027        124.12790500745501     
          59   6.5000000000000002E-002  0.76317794809268813       0.82556655862474027        135.02108332479230     
          60   6.5000000000000002E-002  0.76317794809268813       0.82556655862474027        145.69395484275867     
          61   6.5000000000000002E-002  0.76317794809268813       0.82556655862474027        155.73577938905609     
          62   6.5000000000000002E-002  0.76317794809268813       0.82556655862474027        164.26700350011848     
          63   6.5000000000000002E-002  0.76317794809268813       0.82556655862474027        171.71529978734449     
          64   6.5000000000000002E-002  0.76317794809268813       0.82556655862474027        178.79052522415481     
          65   6.5000000000000002E-002  0.76317794809268813       0.82556655862474027        186.24063523193698     
          66   6.5000000000000002E-002  0.76317794809268813       0.82556655862474027        193.41412090322436     
          67   6.5000000000000002E-002  0.76317794809268813       0.82556655862474027        200.06600574768697     
          68   6.5000000000000002E-002  0.76317794809268813       0.82556655862474027        205.98597933153636     
          69   6.5000000000000002E-002  0.76317794809268813       0.82556655862474027        210.37455485745497     
          70   6.5000000000000002E-002  0.76317794809268813       0.82556655862474027        214.21811512120885     
          71   6.5000000000000002E-002  0.76317794809268813       0.82556655862474027        217.95788238640682     
          72   6.5000000000000002E-002  0.76317794809268813       0.82556655862474027        220.68416573606069     
          73   6.5000000000000002E-002  0.76317794809268813       0.82556655862474027        222.93043904612995     
          74   6.5000000000000002E-002  0.76317794809268813       0.82556655862474027        224.58832360207984     
          75   6.5000000000000002E-002  0.76317794809268813       0.82556655862474027        225.89275959880376     
          76   6.5000000000000002E-002  0.76317794809268813       0.82556655862474027        226.92201685824617     
          77   6.5000000000000002E-002  0.76317794809268813       0.82556655862474027        227.62616090562105     
          78   6.5000000000000002E-002  0.76317794809268813       0.82556655862474027        228.16400956004739     
          79   6.5000000000000002E-002  0.76317794809268813       0.82556655862474027        228.31995022965438     
          80   6.5000000000000002E-002  0.76317794809268813       0.82556655862474027        228.59780276670924     
          81   6.5000000000000002E-002  0.76317794809268813       0.82556655862474027        228.68912621334661     
          82   6.5000000000000002E-002  0.76317794809268813       0.82556655862474027        228.69645574760671     
          83   6.5000000000000002E-002  0.76317794809268813       0.82556655862474027        228.69802524728988     
          84   6.5000000000000002E-002  0.76317794809268813       0.82556655862474027        228.71909660581747     
          85   6.5000000000000002E-002  0.76317794809268813       0.82556655862474027        228.80248339557551     
          86   6.5000000000000002E-002  0.76317794809268813       0.82556655862474027        229.05524076259920     
          87   6.5000000000000002E-002  0.76317794809268813       0.82556655862474027        229.22052896730924     
          88   6.5000000000000002E-002  0.76317794809268813       0.82556655862474027        229.58872557375108     
          89   6.5000000000000002E-002  0.76317794809268813       0.82556655862474027        230.00846807104722     
          90   6.5000000000000002E-002  0.76317794809268813       0.82556655862474027        230.68380025711033     
          91   6.5000000000000002E-002  0.76317794809268813       0.82556655862474027        231.77825232621112     
          92   6.5000000000000002E-002  0.76317794809268813       0.82556655862474027        232.26222707001676     
          93   6.5000000000000002E-002  0.76317794809268813       0.82556655862474027        232.77154385147790     
          94   6.5000000000000002E-002  0.76317794809268813       0.82556655862474027        233.20390179415639     
          95   6.5000000000000002E-002  0.76317794809268813       0.82556655862474027        233.93471481007342     
          96   6.5000000000000002E-002  0.76317794809268813       0.82556655862474027        234.91583681650232     
          97   6.5000000000000002E-002  0.76317794809268813       0.82556655862474027        235.35281992524543     
          98   6.5000000000000002E-002  0.76317794809268813       0.82556655862474027        235.67131247641674     
          99   6.5000000000000002E-002  0.76317794809268813       0.82556655862474027        236.09386482649575     
         100   6.5000000000000002E-002  0.76317794809268813       0.82556655862474027        236.15392114886410     
         101   6.5000000000000002E-002  0.76317794809268813       0.82556655862474027        236.16102234160155     
         102   6.5000000000000002E-002  0.76317794809268813       0.82556655862474027        236.19349224566784     
         103   6.5000000000000002E-002  0.76317794809268813       0.82556655862474027        236.37987934750424     
         104   6.5000000000000002E-002  0.76317794809268813       0.82556655862474027        236.95466916366243     
         105   6.5000000000000002E-002  0.76317794809268813       0.82556655862474027        238.35907327831470     
         106   6.5000000000000002E-002  0.76317794809268813       0.82556655862474027        240.37865355334546     
         107   6.5000000000000002E-002  0.76317794809268813       0.82556655862474027        243.68224321516334     
         108   6.5000000000000002E-002  0.76317794809268813       0.82556655862474027        250.49405271360109     
         109   6.5000000000000002E-002  0.76317794809268813       0.82556655862474027        259.80688615373106     
         110   6.5000000000000002E-002  0.76317794809268813       0.82556655862474027        275.71513372850904     
         111   6.5000000000000002E-002  0.76317794809268813       0.82556655862474027        299.08864161860811     
         112   6.5000000000000002E-002  0.76317794809268813       0.82556655862474027        331.54818345684896     
           1   6.5000000000000002E-002  0.76318116133729741       0.82556029334435654       0.97165482771359934     
           2   6.5000000000000002E-002  0.76318116133729741       0.82556029334435654        1.8782618892933165     
           3   6.5000000000000002E-002  0.76318116133729741       0.82556029334435654        2.4247374494214764     
           4   6.5000000000000002E-002  0.76318116133729741       0.82556029334435654        2.7168685901941116     
           5   6.5000000000000002E-002  0.76318116133729741       0.82556029334435654        2.9122135959101052     
           6   6.5000000000000002E-002  0.76318116133729741       0.82556029334435654        3.0065220841762548     
           7   6.5000000000000002E-002  0.76318116133729741       0.82556029334435654        3.0188744518384771     
           8   6.5000000000000002E-002  0.76318116133729741       0.82556029334435654        3.1892857551177838     
           9   6.5000000000000002E-002  0.76318116133729741       0.82556029334435654        3.6852395780033853     
          10   6.5000000000000002E-002  0.76318116133729741       0.82556029334435654        4.6727827594038374     
          11   6.5000000000000002E-002  0.76318116133729741       0.82556029334435654        6.0058994295273740     
          12   6.5000000000000002E-002  0.76318116133729741       0.82556029334435654        8.0574977625640010     
          13   6.5000000000000002E-002  0.76318116133729741       0.82556029334435654        9.8805143211054958     
          14   6.5000000000000002E-002  0.76318116133729741       0.82556029334435654        10.975506017621615     
          15   6.5000000000000002E-002  0.76318116133729741       0.82556029334435654        12.564465213678764     
          16   6.5000000000000002E-002  0.76318116133729741       0.82556029334435654        15.096690356778659     
          17   6.5000000000000002E-002  0.76318116133729741       0.82556029334435654        17.435663315610672     
          18   6.5000000000000002E-002  0.76318116133729741       0.82556029334435654        19.945313856972625     
          19   6.5000000000000002E-002  0.76318116133729741       0.82556029334435654        22.948771418099316     
          20   6.5000000000000002E-002  0.76318116133729741       0.82556029334435654        24.844534851119835     
          21   6.5000000000000002E-002  0.76318116133729741       0.82556029334435654        26.038857857339003     
          22   6.5000000000000002E-002  0.76318116133729741       0.82556029334435654        26.616902391221373     
          23   6.5000000000000002E-002  0.76318116133729741       0.82556029334435654        26.860550977863198     
          24   6.5000000000000002E-002  0.76318116133729741       0.82556029334435654        26.864388990541425     
          25   6.5000000000000002E-002  0.76318116133729741       0.82556029334435654        26.916397182365110     
          26   6.5000000000000002E-002  0.76318116133729741       0.82556029334435654        27.423609734549487     
          27   6.5000000000000002E-002  0.76318116133729741       0.82556029334435654        28.549559820203029     
          28   6.5000000000000002E-002  0.76318116133729741       0.82556029334435654        30.581856267805399     
          29   6.5000000000000002E-002  0.76318116133729741       0.82556029334435654        33.978591480319196     
          30   6.5000000000000002E-002  0.76318116133729741       0.82556029334435654        34.049558040250517     
          31   6.5000000000000002E-002  0.76318116133729741       0.82556029334435654        34.436215034606960     
          32   6.5000000000000002E-002  0.76318116133729741       0.82556029334435654        35.144798646303762     
          33   6.5000000000000002E-002  0.76318116133729741       0.82556029334435654        36.004172425375444     
          34   6.5000000000000002E-002  0.76318116133729741       0.82556029334435654        36.260238779916982     
          35   6.5000000000000002E-002  0.76318116133729741       0.82556029334435654        36.287053233573744     
          36   6.5000000000000002E-002  0.76318116133729741       0.82556029334435654        36.357973521650067     
          37   6.5000000000000002E-002  0.76318116133729741       0.82556029334435654        36.863080345015774     
          38   6.5000000000000002E-002  0.76318116133729741       0.82556029334435654        37.997263519901800     
          39   6.5000000000000002E-002  0.76318116133729741       0.82556029334435654        40.330712695036063     
          40   6.5000000000000002E-002  0.76318116133729741       0.82556029334435654        44.065123623461417     
          41   6.5000000000000002E-002  0.76318116133729741       0.82556029334435654        49.904484294239850     
          42   6.5000000000000002E-002  0.76318116133729741       0.82556029334435654        57.662668902071452     
          43   6.5000000000000002E-002  0.76318116133729741       0.82556029334435654        65.136511877909399     
          44   6.5000000000000002E-002  0.76318116133729741       0.82556029334435654        73.027880939931222     
          45   6.5000000000000002E-002  0.76318116133729741       0.82556029334435654        80.154718625040459     
          46   6.5000000000000002E-002  0.76318116133729741       0.82556029334435654        87.407254517638563     
          47   6.5000000000000002E-002  0.76318116133729741       0.82556029334435654        94.609373067026098     
          48   6.5000000000000002E-002  0.76318116133729741       0.82556029334435654        100.25006031283448     
          49   6.5000000000000002E-002  0.76318116133729741       0.82556029334435654        104.93496339067710     
          50   6.5000000000000002E-002  0.76318116133729741       0.82556029334435654        109.38787169998338     
          51   6.5000000000000002E-002  0.76318116133729741       0.82556029334435654        112.08916785182154     
          52   6.5000000000000002E-002  0.76318116133729741       0.82556029334435654        113.25542738373076     
          53   6.5000000000000002E-002  0.76318116133729741       0.82556029334435654        113.66015371066702     
          54   6.5000000000000002E-002  0.76318116133729741       0.82556029334435654        113.69030031096153     
          55   6.5000000000000002E-002  0.76318116133729741       0.82556029334435654        114.17058941603705     
          56   6.5000000000000002E-002  0.76318116133729741       0.82556029334435654        115.57558942503192     
          57   6.5000000000000002E-002  0.76318116133729741       0.82556029334435654        118.34114581708316     
          58   6.5000000000000002E-002  0.76318116133729741       0.82556029334435654        124.04034808023462     
          59   6.5000000000000002E-002  0.76318116133729741       0.82556029334435654        134.94218588925708     
          60   6.5000000000000002E-002  0.76318116133729741       0.82556029334435654        145.62358186254949     
          61   6.5000000000000002E-002  0.76318116133729741       0.82556029334435654        155.67361514970003     
          62   6.5000000000000002E-002  0.76318116133729741       0.82556029334435654        164.21241418693984     
          63   6.5000000000000002E-002  0.76318116133729741       0.82556029334435654        171.66778918956686     
          64   6.5000000000000002E-002  0.76318116133729741       0.82556029334435654        178.74983355020214     
          65   6.5000000000000002E-002  0.76318116133729741       0.82556029334435654        186.20692548958633     
          66   6.5000000000000002E-002  0.76318116133729741       0.82556029334435654        193.38716350852550     
          67   6.5000000000000002E-002  0.76318116133729741       0.82556029334435654        200.04552072800146     
          68   6.5000000000000002E-002  0.76318116133729741       0.82556029334435654        205.97156564157825     
          69   6.5000000000000002E-002  0.76318116133729741       0.82556029334435654        210.36539867362166     
          70   6.5000000000000002E-002  0.76318116133729741       0.82556029334435654        214.21384508580798     
          71   6.5000000000000002E-002  0.76318116133729741       0.82556029334435654        217.95839569114241     
          72   6.5000000000000002E-002  0.76318116133729741       0.82556029334435654        220.68872941049645     
          73   6.5000000000000002E-002  0.76318116133729741       0.82556029334435654        222.93864644990816     
          74   6.5000000000000002E-002  0.76318116133729741       0.82556029334435654        224.59963331314142     
          75   6.5000000000000002E-002  0.76318116133729741       0.82556029334435654        225.90679468586444     
          76   6.5000000000000002E-002  0.76318116133729741       0.82556029334435654        226.93844959329292     
          77   6.5000000000000002E-002  0.76318116133729741       0.82556029334435654        227.64455772355379     
          78   6.5000000000000002E-002  0.76318116133729741       0.82556029334435654        228.18410667247821     
          79   6.5000000000000002E-002  0.76318116133729741       0.82556029334435654        228.34095532917306     
          80   6.5000000000000002E-002  0.76318116133729741       0.82556029334435654        228.62000953977935     
          81   6.5000000000000002E-002  0.76318116133729741       0.82556029334435654        228.71201777891889     
          82   6.5000000000000002E-002  0.76318116133729741       0.82556029334435654        228.71953794141547     
          83   6.5000000000000002E-002  0.76318116133729741       0.82556029334435654        228.72119455627850     
          84   6.5000000000000002E-002  0.76318116133729741       0.82556029334435654        228.74195814937335     
          85   6.5000000000000002E-002  0.76318116133729741       0.82556029334435654        228.82474255962660     
          86   6.5000000000000002E-002  0.76318116133729741       0.82556029334435654        229.07647102806115     
          87   6.5000000000000002E-002  0.76318116133729741       0.82556029334435654        229.24095073591508     
          88   6.5000000000000002E-002  0.76318116133729741       0.82556029334435654        229.60796930255060     
          89   6.5000000000000002E-002  0.76318116133729741       0.82556029334435654        230.02649617163934     
          90   6.5000000000000002E-002  0.76318116133729741       0.82556029334435654        230.70033139828871     
          91   6.5000000000000002E-002  0.76318116133729741       0.82556029334435654        231.79293905283899     
          92   6.5000000000000002E-002  0.76318116133729741       0.82556029334435654        232.27574792253077     
          93   6.5000000000000002E-002  0.76318116133729741       0.82556029334435654        232.78392266282376     
          94   6.5000000000000002E-002  0.76318116133729741       0.82556029334435654        233.21528118452790     
          95   6.5000000000000002E-002  0.76318116133729741       0.82556029334435654        233.94485324606077     
          96   6.5000000000000002E-002  0.76318116133729741       0.82556029334435654        234.92461829168801     
          97   6.5000000000000002E-002  0.76318116133729741       0.82556029334435654        235.36076141346206     
          98   6.5000000000000002E-002  0.76318116133729741       0.82556029334435654        235.67858714717707     
          99   6.5000000000000002E-002  0.76318116133729741       0.82556029334435654        236.10043394613794     
         100   6.5000000000000002E-002  0.76318116133729741       0.82556029334435654        236.16024969923978     
         101   6.5000000000000002E-002  0.76318116133729741       0.82556029334435654        236.16727716707391     
         102   6.5000000000000002E-002  0.76318116133729741       0.82556029334435654        236.19988602567685     
         103   6.5000000000000002E-002  0.76318116133729741       0.82556029334435654        236.38655611843643     
         104   6.5000000000000002E-002  0.76318116133729741       0.82556029334435654        236.96176051259906     
         105   6.5000000000000002E-002  0.76318116133729741       0.82556029334435654        238.36669118365080     
         106   6.5000000000000002E-002  0.76318116133729741       0.82556029334435654        240.38674754472933     
         107   6.5000000000000002E-002  0.76318116133729741       0.82556029334435654        243.69068075597087     
         108   6.5000000000000002E-002  0.76318116133729741       0.82556029334435654        250.50252063877375     
         109   6.5000000000000002E-002  0.76318116133729741       0.82556029334435654        259.81483189051210     
         110   6.5000000000000002E-002  0.76318116133729741       0.82556029334435654        275.72167048273445     
         111   6.5000000000000002E-002  0.76318116133729741       0.82556029334435654        299.09266967968870     
         112   6.5000000000000002E-002  0.76318116133729741       0.82556029334435654        331.54831007713227     
           1   6.5000000000000002E-002  0.76317794809268813       0.82556551435917314       0.97039955857854387     
           2   6.5000000000000002E-002  0.76317794809268813       0.82556551435917314        1.8753874178298513     
           3   6.5000000000000002E-002  0.76317794809268813       0.82556551435917314        2.4204604563014653     
           4   6.5000000000000002E-002  0.76317794809268813       0.82556551435917314        2.7115489490545404     
           5   6.5000000000000002E-002  0.76317794809268813       0.82556551435917314        2.9059956821374229     
           6   6.5000000000000002E-002  0.76317794809268813       0.82556551435917314        2.9996727914788028     
           7   6.5000000000000002E-002  0.76317794809268813       0.82556551435917314        3.0122580693862293     
           8   6.5000000000000002E-002  0.76317794809268813       0.82556551435917314        3.1835471996903619     
           9   6.5000000000000002E-002  0.76317794809268813       0.82556551435917314        3.6809832399429170     
          10   6.5000000000000002E-002  0.76317794809268813       0.82556551435917314        4.6706084254832909     
          11   6.5000000000000002E-002  0.76317794809268813       0.82556551435917314        6.0060989138490743     
          12   6.5000000000000002E-002  0.76317794809268813       0.82556551435917314        8.0605116853706242     
          13   6.5000000000000002E-002  0.76317794809268813       0.82556551435917314        9.8858156372085979     
          14   6.5000000000000002E-002  0.76317794809268813       0.82556551435917314        10.982260333149263     
          15   6.5000000000000002E-002  0.76317794809268813       0.82556551435917314        12.572851269756919     
          16   6.5000000000000002E-002  0.76317794809268813       0.82556551435917314        15.107161587539874     
          17   6.5000000000000002E-002  0.76317794809268813       0.82556551435917314        17.447960576326214     
          18   6.5000000000000002E-002  0.76317794809268813       0.82556551435917314        19.959316635969937     
          19   6.5000000000000002E-002  0.76317794809268813       0.82556551435917314        22.964524422168378     
          20   6.5000000000000002E-002  0.76317794809268813       0.82556551435917314        24.861498967797129     
          21   6.5000000000000002E-002  0.76317794809268813       0.82556551435917314        26.056636429048357     
          22   6.5000000000000002E-002  0.76317794809268813       0.82556551435917314        26.635142735862779     
          23   6.5000000000000002E-002  0.76317794809268813       0.82556551435917314        26.879030744523600     
          24   6.5000000000000002E-002  0.76317794809268813       0.82556551435917314        26.882889772825237     
          25   6.5000000000000002E-002  0.76317794809268813       0.82556551435917314        26.934846646393726     
          26   6.5000000000000002E-002  0.76317794809268813       0.82556551435917314        27.441977089939012     
          27   6.5000000000000002E-002  0.76317794809268813       0.82556551435917314        28.567924925398064     
          28   6.5000000000000002E-002  0.76317794809268813       0.82556551435917314        30.600351918085789     
          29   6.5000000000000002E-002  0.76317794809268813       0.82556551435917314        33.997408700065293     
          30   6.5000000000000002E-002  0.76317794809268813       0.82556551435917314        34.068179924569478     
          31   6.5000000000000002E-002  0.76317794809268813       0.82556551435917314        34.453775058700060     
          32   6.5000000000000002E-002  0.76317794809268813       0.82556551435917314        35.160381579809616     
          33   6.5000000000000002E-002  0.76317794809268813       0.82556551435917314        36.016999432158109     
          34   6.5000000000000002E-002  0.76317794809268813       0.82556551435917314        36.271509184715271     
          35   6.5000000000000002E-002  0.76317794809268813       0.82556551435917314        36.297800075911951     
          36   6.5000000000000002E-002  0.76317794809268813       0.82556551435917314        36.369584302976570     
          37   6.5000000000000002E-002  0.76317794809268813       0.82556551435917314        36.877016636193510     
          38   6.5000000000000002E-002  0.76317794809268813       0.82556551435917314        38.014743481996959     
          39   6.5000000000000002E-002  0.76317794809268813       0.82556551435917314        40.353113421865189     
          40   6.5000000000000002E-002  0.76317794809268813       0.82556551435917314        44.093562040402063     
          41   6.5000000000000002E-002  0.76317794809268813       0.82556551435917314        49.940213962458216     
          42   6.5000000000000002E-002  0.76317794809268813       0.82556551435917314        57.706533361682858     
          43   6.5000000000000002E-002  0.76317794809268813       0.82556551435917314        65.187847001555866     
          44   6.5000000000000002E-002  0.76317794809268813       0.82556551435917314        73.086338036887597     
          45   6.5000000000000002E-002  0.76317794809268813       0.82556551435917314        80.218780588690834     
          46   6.5000000000000002E-002  0.76317794809268813       0.82556551435917314        87.476791236051724     
          47   6.5000000000000002E-002  0.76317794809268813       0.82556551435917314        94.683577340823916     
          48   6.5000000000000002E-002  0.76317794809268813       0.82556551435917314        100.32774550758216     
          49   6.5000000000000002E-002  0.76317794809268813       0.82556551435917314        105.01532552398182     
          50   6.5000000000000002E-002  0.76317794809268813       0.82556551435917314        109.47068206717726     
          51   6.5000000000000002E-002  0.76317794809268813       0.82556551435917314        112.17350837358103     
          52   6.5000000000000002E-002  0.76317794809268813       0.82556551435917314        113.34052042476984     
          53   6.5000000000000002E-002  0.76317794809268813       0.82556551435917314        113.74556183211631     
          54   6.5000000000000002E-002  0.76317794809268813       0.82556551435917314        113.77565668342326     
          55   6.5000000000000002E-002  0.76317794809268813       0.82556551435917314        114.25586333426668     
          56   6.5000000000000002E-002  0.76317794809268813       0.82556551435917314        115.66089656691814     
          57   6.5000000000000002E-002  0.76317794809268813       0.82556551435917314        118.42671326046471     
          58   6.5000000000000002E-002  0.76317794809268813       0.82556551435917314        124.12659411788067     
          59   6.5000000000000002E-002  0.76317794809268813       0.82556551435917314        135.01998470404152     
          60   6.5000000000000002E-002  0.76317794809268813       0.82556551435917314        145.69306426204150     
          61   6.5000000000000002E-002  0.76317794809268813       0.82556551435917314        155.73508817358945     
          62   6.5000000000000002E-002  0.76317794809268813       0.82556551435917314        164.26649528702023     
          63   6.5000000000000002E-002  0.76317794809268813       0.82556551435917314        171.71496161335790     
          64   6.5000000000000002E-002  0.76317794809268813       0.82556551435917314        178.79034983445041     
          65   6.5000000000000002E-002  0.76317794809268813       0.82556551435917314        186.24062541451528     
          66   6.5000000000000002E-002  0.76317794809268813       0.82556551435917314        193.41427006368892     
          67   6.5000000000000002E-002  0.76317794809268813       0.82556551435917314        200.06630611667805     
          68   6.5000000000000002E-002  0.76317794809268813       0.82556551435917314        205.98642035457269     
          69   6.5000000000000002E-002  0.76317794809268813       0.82556551435917314        210.37511657842165     
          70   6.5000000000000002E-002  0.76317794809268813       0.82556551435917314        214.21878792797804     
          71   6.5000000000000002E-002  0.76317794809268813       0.82556551435917314        217.95866281231835     
          72   6.5000000000000002E-002  0.76317794809268813       0.82556551435917314        220.68503626440821     
          73   6.5000000000000002E-002  0.76317794809268813       0.82556551435917314        222.93138964746089     
          74   6.5000000000000002E-002  0.76317794809268813       0.82556551435917314        224.58934149077626     
          75   6.5000000000000002E-002  0.76317794809268813       0.82556551435917314        225.89383576405723     
          76   6.5000000000000002E-002  0.76317794809268813       0.82556551435917314        226.92314351067495     
          77   6.5000000000000002E-002  0.76317794809268813       0.82556551435917314        227.62732822959723     
          78   6.5000000000000002E-002  0.76317794809268813       0.82556551435917314        228.16521145922670     
          79   6.5000000000000002E-002  0.76317794809268813       0.82556551435917314        228.32117022173412     
          80   6.5000000000000002E-002  0.76317794809268813       0.82556551435917314        228.59904620347297     
          81   6.5000000000000002E-002  0.76317794809268813       0.82556551435917314        228.69038269016633     
          82   6.5000000000000002E-002  0.76317794809268813       0.82556551435917314        228.69771574589254     
          83   6.5000000000000002E-002  0.76317794809268813       0.82556551435917314        228.69928679848431     
          84   6.5000000000000002E-002  0.76317794809268813       0.82556551435917314        228.72035275181881     
          85   6.5000000000000002E-002  0.76317794809268813       0.82556551435917314        228.80372934973201     
          86   6.5000000000000002E-002  0.76317794809268813       0.82556551435917314        229.05647000367867     
          87   6.5000000000000002E-002  0.76317794809268813       0.82556551435917314        229.22174565561468     
          88   6.5000000000000002E-002  0.76317794809268813       0.82556551435917314        229.58992490616185     
          89   6.5000000000000002E-002  0.76317794809268813       0.82556551435917314        230.00965054028140     
          90   6.5000000000000002E-002  0.76317794809268813       0.82556551435917314        230.68496338071424     
          91   6.5000000000000002E-002  0.76317794809268813       0.82556551435917314        231.77939354817860     
          92   6.5000000000000002E-002  0.76317794809268813       0.82556551435917314        232.26335580390699     
          93   6.5000000000000002E-002  0.76317794809268813       0.82556551435917314        232.77266183973430     
          94   6.5000000000000002E-002  0.76317794809268813       0.82556551435917314        233.20501184250548     
          95   6.5000000000000002E-002  0.76317794809268813       0.82556551435917314        233.93581706867971     
          96   6.5000000000000002E-002  0.76317794809268813       0.82556551435917314        234.91693314808575     
          97   6.5000000000000002E-002  0.76317794809268813       0.82556551435917314        235.35391447844691     
          98   6.5000000000000002E-002  0.76317794809268813       0.82556551435917314        235.67240731884235     
          99   6.5000000000000002E-002  0.76317794809268813       0.82556551435917314        236.09496213119300     
         100   6.5000000000000002E-002  0.76317794809268813       0.82556551435917314        236.15502023892788     
         101   6.5000000000000002E-002  0.76317794809268813       0.82556551435917314        236.16212233655074     
         102   6.5000000000000002E-002  0.76317794809268813       0.82556551435917314        236.19458965573895     
         103   6.5000000000000002E-002  0.76317794809268813       0.82556551435917314        236.38096900852648     
         104   6.5000000000000002E-002  0.76317794809268813       0.82556551435917314        236.95574291837750     
         105   6.5000000000000002E-002  0.76317794809268813       0.82556551435917314        238.36011856846602     
         106   6.5000000000000002E-002  0.76317794809268813       0.82556551435917314        240.37965954434995     
         107   6.5000000000000002E-002  0.76317794809268813       0.82556551435917314        243.68319150711164     
         108   6.5000000000000002E-002  0.76317794809268813       0.82556551435917314        250.49490505742838     
         109   6.5000000000000002E-002  0.76317794809268813       0.82556551435917314        259.80761192098765     
         110   6.5000000000000002E-002  0.76317794809268813       0.82556551435917314        275.71567781713543     
         111   6.5000000000000002E-002  0.76317794809268813       0.82556551435917314        299.08895005613493     
         112   6.5000000000000002E-002  0.76317794809268813       0.82556551435917314        331.54819478466982     
Note: The following floating-point exceptions are signalling: IEEE_UNDERFLOW_FLAG IEEE_DENORMAL



SET ERRORDEF    4.605
 FIX    1.000
 SIMPLEX
 SIMPLEX
 MIGRAD
 MIGRAD 
 MIGRAD 
 HESSE 
 RETURN

