Otimização para pl em TOTEM - Limites: eps_0_mg_0_a1_0_a2_0
Configuração: down | up | strategy | tol | migrad | mg ± error | eps ± error | a1 ± error | a2 ± error | χ²/ndof
======================================================================================================================================================
0.95 | 1.05 | 0 | 1e-02 | 300 | 0.457684 ± 0.007256 | 0.092732 ± 0.002231 | 1.759053 ± 0.011976 | 1.785000 ± 0.105624 | 0.743877
0.95 | 1.05 | 0 | 1e-02 | 400 | 0.457693 ± 0.006874 | 0.092736 ± 0.002145 | 1.759069 ± 0.011545 | 1.785000 ± 0.105715 | 0.743877
0.95 | 1.05 | 0 | 1e-02 | 500 | 0.457697 ± 0.007016 | 0.092737 ± 0.002177 | 1.759070 ± 0.011703 | 1.785000 ± 0.105665 | 0.743877
0.95 | 1.05 | 0 | 1e-02 | 600 | 0.457697 ± 0.007016 | 0.092737 ± 0.002177 | 1.759070 ± 0.011703 | 1.785000 ± 0.105665 | 0.743877
0.95 | 1.05 | 0 | 1e-02 | 700 | 0.457697 ± 0.007016 | 0.092737 ± 0.002177 | 1.759070 ± 0.011703 | 1.785000 ± 0.105665 | 0.743877
0.95 | 1.05 | 0 | 1e-02 | 800 | 0.457697 ± 0.007016 | 0.092737 ± 0.002177 | 1.759070 ± 0.011703 | 1.785000 ± 0.105665 | 0.743877
0.95 | 1.05 | 1 | 5e+00 | 300 | 0.456106 ± 0.003785 | 0.092175 ± 0.001306 | 1.756985 ± 0.008661 | 1.785000 ± 0.106559 | 0.744626
0.95 | 1.05 | 1 | 1e+00 | 300 | 0.457118 ± 0.005479 | 0.092533 ± 0.001816 | 1.758314 ± 0.010096 | 1.784995 ± 0.105367 | 0.743972
0.95 | 1.05 | 1 | 1e-01 | 300 | 0.457551 ± 0.006704 | 0.092685 ± 0.002118 | 1.758874 ± 0.011363 | 1.785000 ± 0.105784 | 0.743883
0.95 | 1.05 | 1 | 1e-02 | 300 | 0.457663 ± 0.007582 | 0.092725 ± 0.006425 | 1.759025 ± 0.012356 | 1.785000 ± 0.105682 | 0.743877
0.95 | 1.05 | 1 | 5e+00 | 400 | 0.456641 ± 0.006314 | 0.092363 ± 0.002074 | 1.757565 ± 0.010935 | 1.784999 ± 0.104692 | 0.744174
0.95 | 1.05 | 1 | 1e+00 | 400 | 0.457292 ± 0.005660 | 0.092594 ± 0.001860 | 1.758532 ± 0.010266 | 1.785000 ± 0.105808 | 0.743923
0.95 | 1.05 | 1 | 1e-01 | 400 | 0.457598 ± 0.007309 | 0.092702 ± 0.002254 | 1.758927 ± 0.012045 | 1.785000 ± 0.105449 | 0.743880
0.95 | 1.05 | 1 | 1e-02 | 400 | 0.457689 ± 0.008821 | 0.092734 ± 0.006819 | 1.759062 ± 0.013859 | 1.785000 ± 0.105712 | 0.743877
0.95 | 1.05 | 1 | 5e+00 | 500 | 0.456641 ± 0.006314 | 0.092363 ± 0.002074 | 1.757565 ± 0.010935 | 1.784999 ± 0.104692 | 0.744174
0.95 | 1.05 | 1 | 1e+00 | 500 | 0.457301 ± 0.004428 | 0.092597 ± 0.001495 | 1.758543 ± 0.009106 | 1.785000 ± 0.105952 | 0.743930
0.95 | 1.05 | 1 | 1e-01 | 500 | 0.457598 ± 0.008935 | 0.092702 ± 0.006825 | 1.758926 ± 0.013988 | 1.785000 ± 0.105570 | 0.743879
0.95 | 1.05 | 1 | 1e-02 | 500 | 0.457693 ± 0.008482 | 0.092735 ± 0.006715 | 1.759065 ± 0.013440 | 1.785000 ± 0.105604 | 0.743877
0.95 | 1.05 | 1 | 5e+00 | 600 | 0.456641 ± 0.006314 | 0.092363 ± 0.002074 | 1.757565 ± 0.010935 | 1.784999 ± 0.104692 | 0.744174
0.95 | 1.05 | 1 | 1e+00 | 600 | 0.457301 ± 0.004428 | 0.092597 ± 0.001495 | 1.758543 ± 0.009106 | 1.785000 ± 0.105952 | 0.743930
0.95 | 1.05 | 1 | 1e-01 | 600 | 0.457670 ± 0.007250 | 0.092727 ± 0.002232 | 1.759041 ± 0.011982 | 1.785000 ± 0.105687 | 0.743877
0.95 | 1.05 | 1 | 1e-02 | 600 | 0.457693 ± 0.008482 | 0.092735 ± 0.006715 | 1.759065 ± 0.013440 | 1.785000 ± 0.105604 | 0.743877
0.95 | 1.05 | 1 | 5e+00 | 700 | 0.456641 ± 0.006314 | 0.092363 ± 0.002074 | 1.757565 ± 0.010935 | 1.784999 ± 0.104692 | 0.744174
0.95 | 1.05 | 1 | 1e+00 | 700 | 0.457301 ± 0.004428 | 0.092597 ± 0.001495 | 1.758543 ± 0.009106 | 1.785000 ± 0.105952 | 0.743930
0.95 | 1.05 | 1 | 1e-01 | 700 | 0.457670 ± 0.007250 | 0.092727 ± 0.002232 | 1.759041 ± 0.011982 | 1.785000 ± 0.105687 | 0.743877
0.95 | 1.05 | 1 | 1e-02 | 700 | 0.457693 ± 0.008482 | 0.092735 ± 0.006715 | 1.759065 ± 0.013440 | 1.785000 ± 0.105604 | 0.743877
0.95 | 1.05 | 1 | 5e+00 | 800 | 0.456641 ± 0.006314 | 0.092363 ± 0.002074 | 1.757565 ± 0.010935 | 1.784999 ± 0.104692 | 0.744174
0.95 | 1.05 | 1 | 1e+00 | 800 | 0.457301 ± 0.004428 | 0.092597 ± 0.001495 | 1.758543 ± 0.009106 | 1.785000 ± 0.105952 | 0.743930
0.95 | 1.05 | 1 | 1e-01 | 800 | 0.457670 ± 0.007250 | 0.092727 ± 0.002232 | 1.759041 ± 0.011982 | 1.785000 ± 0.105687 | 0.743877
0.95 | 1.05 | 1 | 1e-02 | 800 | 0.457693 ± 0.008482 | 0.092735 ± 0.006715 | 1.759065 ± 0.013440 | 1.785000 ± 0.105604 | 0.743877
0.96 | 1.04 | 0 | 1e-02 | 300 | 0.454164 ± 0.004414 | 0.091511 ± 0.001432 | 1.756560 ± 0.014674 | 1.768000 ± 0.023403 | 0.758500
0.96 | 1.04 | 0 | 1e-02 | 400 | 0.454164 ± 0.004414 | 0.091511 ± 0.001432 | 1.756560 ± 0.014674 | 1.768000 ± 0.023403 | 0.758500
0.96 | 1.04 | 0 | 1e-02 | 500 | 0.454164 ± 0.004414 | 0.091511 ± 0.001432 | 1.756560 ± 0.014674 | 1.768000 ± 0.023403 | 0.758500
0.96 | 1.04 | 0 | 1e-02 | 600 | 0.454164 ± 0.004414 | 0.091511 ± 0.001432 | 1.756560 ± 0.014674 | 1.768000 ± 0.023403 | 0.758500
0.96 | 1.04 | 0 | 1e-02 | 700 | 0.454164 ± 0.004414 | 0.091511 ± 0.001432 | 1.756560 ± 0.014674 | 1.768000 ± 0.023403 | 0.758500
0.96 | 1.04 | 0 | 1e-02 | 800 | 0.454164 ± 0.004414 | 0.091511 ± 0.001432 | 1.756560 ± 0.014674 | 1.768000 ± 0.023403 | 0.758500
0.96 | 1.04 | 1 | 5e+00 | 300 | 0.454062 ± 0.003458 | 0.091475 ± 0.001144 | 1.756535 ± 0.087189 | 1.767998 ± 0.024592 | 0.758595
0.96 | 1.04 | 1 | 1e+00 | 300 | 0.454140 ± 0.004561 | 0.091502 ± 0.001475 | 1.756560 ± 0.015147 | 1.768000 ± 0.023568 | 0.758502
0.96 | 1.04 | 1 | 1e-01 | 300 | 0.454150 ± 0.004409 | 0.091506 ± 0.001430 | 1.756560 ± 0.014785 | 1.768000 ± 0.023490 | 0.758500
0.96 | 1.04 | 1 | 1e-02 | 300 | 0.454182 ± 0.004534 | 0.091517 ± 0.001467 | 1.756560 ± 0.014623 | 1.768000 ± 0.023311 | 0.758499
0.96 | 1.04 | 1 | 5e+00 | 400 | 0.454062 ± 0.003458 | 0.091475 ± 0.001144 | 1.756535 ± 0.087189 | 1.767998 ± 0.024592 | 0.758595
0.96 | 1.04 | 1 | 1e+00 | 400 | 0.454190 ± 0.004408 | 0.091519 ± 0.001429 | 1.756560 ± 0.014381 | 1.768000 ± 0.023253 | 0.758499
0.96 | 1.04 | 1 | 1e-01 | 400 | 0.454185 ± 0.004409 | 0.091517 ± 0.001430 | 1.756560 ± 0.014424 | 1.768000 ± 0.023282 | 0.758499
0.96 | 1.04 | 1 | 1e-02 | 400 | 0.454182 ± 0.004534 | 0.091517 ± 0.001467 | 1.756560 ± 0.014623 | 1.768000 ± 0.023311 | 0.758499
0.96 | 1.04 | 1 | 5e+00 | 500 | 0.454062 ± 0.003458 | 0.091475 ± 0.001144 | 1.756535 ± 0.087189 | 1.767998 ± 0.024592 | 0.758595
0.96 | 1.04 | 1 | 1e+00 | 500 | 0.454190 ± 0.004408 | 0.091519 ± 0.001429 | 1.756560 ± 0.014381 | 1.768000 ± 0.023253 | 0.758499
0.96 | 1.04 | 1 | 1e-01 | 500 | 0.454185 ± 0.004409 | 0.091517 ± 0.001430 | 1.756560 ± 0.014424 | 1.768000 ± 0.023282 | 0.758499
0.96 | 1.04 | 1 | 1e-02 | 500 | 0.454182 ± 0.004534 | 0.091517 ± 0.001467 | 1.756560 ± 0.014623 | 1.768000 ± 0.023311 | 0.758499
0.96 | 1.04 | 1 | 5e+00 | 600 | 0.454062 ± 0.003458 | 0.091475 ± 0.001144 | 1.756535 ± 0.087189 | 1.767998 ± 0.024592 | 0.758595
0.96 | 1.04 | 1 | 1e+00 | 600 | 0.454190 ± 0.004408 | 0.091519 ± 0.001429 | 1.756560 ± 0.014381 | 1.768000 ± 0.023253 | 0.758499
0.96 | 1.04 | 1 | 1e-01 | 600 | 0.454185 ± 0.004409 | 0.091517 ± 0.001430 | 1.756560 ± 0.014424 | 1.768000 ± 0.023282 | 0.758499
0.96 | 1.04 | 1 | 1e-02 | 600 | 0.454182 ± 0.004534 | 0.091517 ± 0.001467 | 1.756560 ± 0.014623 | 1.768000 ± 0.023311 | 0.758499
0.96 | 1.04 | 1 | 5e+00 | 700 | 0.454062 ± 0.003458 | 0.091475 ± 0.001144 | 1.756535 ± 0.087189 | 1.767998 ± 0.024592 | 0.758595
0.96 | 1.04 | 1 | 1e+00 | 700 | 0.454190 ± 0.004408 | 0.091519 ± 0.001429 | 1.756560 ± 0.014381 | 1.768000 ± 0.023253 | 0.758499
0.96 | 1.04 | 1 | 1e-01 | 700 | 0.454185 ± 0.004409 | 0.091517 ± 0.001430 | 1.756560 ± 0.014424 | 1.768000 ± 0.023282 | 0.758499
0.96 | 1.04 | 1 | 1e-02 | 700 | 0.454182 ± 0.004534 | 0.091517 ± 0.001467 | 1.756560 ± 0.014623 | 1.768000 ± 0.023311 | 0.758499
0.96 | 1.04 | 1 | 5e+00 | 800 | 0.454062 ± 0.003458 | 0.091475 ± 0.001144 | 1.756535 ± 0.087189 | 1.767998 ± 0.024592 | 0.758595
0.96 | 1.04 | 1 | 1e+00 | 800 | 0.454190 ± 0.004408 | 0.091519 ± 0.001429 | 1.756560 ± 0.014381 | 1.768000 ± 0.023253 | 0.758499
0.96 | 1.04 | 1 | 1e-01 | 800 | 0.454185 ± 0.004409 | 0.091517 ± 0.001430 | 1.756560 ± 0.014424 | 1.768000 ± 0.023282 | 0.758499
0.96 | 1.04 | 1 | 1e-02 | 800 | 0.454182 ± 0.004534 | 0.091517 ± 0.001467 | 1.756560 ± 0.014623 | 1.768000 ± 0.023311 | 0.758499
0.97 | 1.03 | 0 | 1e-01 | 300 | 0.442905 ± 0.004686 | 0.087444 ± 0.001479 | 1.739670 ± 0.003454 | 1.751000 ± 0.009891 | 0.856047
0.97 | 1.03 | 0 | 1e-02 | 300 | 0.442905 ± 0.004686 | 0.087444 ± 0.001479 | 1.739670 ± 0.003454 | 1.751000 ± 0.009891 | 0.856047
0.97 | 1.03 | 0 | 1e-01 | 400 | 0.442905 ± 0.004686 | 0.087444 ± 0.001479 | 1.739670 ± 0.003454 | 1.751000 ± 0.009891 | 0.856047
0.97 | 1.03 | 0 | 1e-02 | 400 | 0.442896 ± 0.004739 | 0.087441 ± 0.001492 | 1.739670 ± 0.003467 | 1.751000 ± 0.009902 | 0.856047
0.97 | 1.03 | 0 | 1e-01 | 500 | 0.442905 ± 0.004686 | 0.087444 ± 0.001479 | 1.739670 ± 0.003454 | 1.751000 ± 0.009891 | 0.856047
0.97 | 1.03 | 0 | 1e-02 | 500 | 0.442896 ± 0.004739 | 0.087441 ± 0.001492 | 1.739670 ± 0.003467 | 1.751000 ± 0.009902 | 0.856047
0.97 | 1.03 | 0 | 1e-01 | 600 | 0.442905 ± 0.004686 | 0.087444 ± 0.001479 | 1.739670 ± 0.003454 | 1.751000 ± 0.009891 | 0.856047
0.97 | 1.03 | 0 | 1e-02 | 600 | 0.442896 ± 0.004739 | 0.087441 ± 0.001492 | 1.739670 ± 0.003467 | 1.751000 ± 0.009902 | 0.856047
0.97 | 1.03 | 0 | 1e-01 | 700 | 0.442905 ± 0.004686 | 0.087444 ± 0.001479 | 1.739670 ± 0.003454 | 1.751000 ± 0.009891 | 0.856047
0.97 | 1.03 | 0 | 1e-02 | 700 | 0.442896 ± 0.004739 | 0.087441 ± 0.001492 | 1.739670 ± 0.003467 | 1.751000 ± 0.009902 | 0.856047
0.97 | 1.03 | 0 | 1e-01 | 800 | 0.442905 ± 0.004686 | 0.087444 ± 0.001479 | 1.739670 ± 0.003454 | 1.751000 ± 0.009891 | 0.856047
0.97 | 1.03 | 0 | 1e-02 | 800 | 0.442896 ± 0.004739 | 0.087441 ± 0.001492 | 1.739670 ± 0.003467 | 1.751000 ± 0.009902 | 0.856047
0.97 | 1.03 | 1 | 5e+00 | 300 | 0.443037 ± 0.003350 | 0.087491 ± 0.001109 | 1.739670 ± 0.003124 | 1.751000 ± 0.009704 | 0.856086
0.97 | 1.03 | 1 | 1e+00 | 300 | 0.442892 ± 0.004523 | 0.087440 ± 0.001436 | 1.739670 ± 0.003475 | 1.751000 ± 0.009908 | 0.856047
0.97 | 1.03 | 1 | 1e-01 | 300 | 0.442902 ± 0.004497 | 0.087443 ± 0.001430 | 1.739670 ± 0.003465 | 1.751000 ± 0.009896 | 0.856047
0.97 | 1.03 | 1 | 1e-02 | 300 | 0.442902 ± 0.004497 | 0.087443 ± 0.001430 | 1.739670 ± 0.003465 | 1.751000 ± 0.009896 | 0.856047
0.97 | 1.03 | 1 | 5e+00 | 400 | 0.443037 ± 0.003350 | 0.087491 ± 0.001109 | 1.739670 ± 0.003124 | 1.751000 ± 0.009704 | 0.856086
0.97 | 1.03 | 1 | 1e+00 | 400 | 0.442892 ± 0.004523 | 0.087440 ± 0.001436 | 1.739670 ± 0.003475 | 1.751000 ± 0.009908 | 0.856047
0.97 | 1.03 | 1 | 1e-01 | 400 | 0.442898 ± 0.004761 | 0.087442 ± 0.001497 | 1.739670 ± 0.003469 | 1.751000 ± 0.009901 | 0.856047
