down | strategy | ncall | sigma_tot
0.91 | 0.00 | 70 | 109.955
0.91 | 0.00 | 80 | 109.299
0.91 | 0.00 | 90 | 109.299
0.91 | 0.00 | 100 | 108.791
0.91 | 0.00 | 150 | 108.596
0.91 | 0.00 | 200 | 108.628
0.91 | 1.00 | 70 | 109.955
0.91 | 1.00 | 80 | 109.299
0.91 | 1.00 | 90 | 109.299
0.91 | 1.00 | 100 | 108.791
0.91 | 1.00 | 150 | 108.596
0.91 | 1.00 | 200 | 108.628
0.91 | 2.00 | 150 | 111.087
0.91 | 2.00 | 200 | 109.365
0.92 | 0.00 | 70 | 109.956
0.92 | 0.00 | 80 | 109.341
0.92 | 0.00 | 90 | 109.341
0.92 | 0.00 | 100 | 108.949
0.92 | 0.00 | 150 | 108.606
0.92 | 0.00 | 200 | 108.504
0.92 | 0.00 | 250 | 108.998
0.92 | 1.00 | 70 | 109.956
0.92 | 1.00 | 80 | 109.341
0.92 | 1.00 | 90 | 109.341
0.92 | 1.00 | 100 | 108.949
0.92 | 1.00 | 150 | 108.606
0.92 | 1.00 | 200 | 108.504
0.92 | 1.00 | 250 | 108.998
0.92 | 2.00 | 150 | 110.465
0.92 | 2.00 | 200 | 108.973
0.92 | 2.00 | 250 | 108.591
0.93 | 0.00 | 70 | 109.956
0.93 | 0.00 | 80 | 109.395
0.93 | 0.00 | 90 | 109.395
0.93 | 0.00 | 100 | 109.104
0.93 | 0.00 | 150 | 108.690
0.93 | 0.00 | 200 | 108.584
0.93 | 0.00 | 250 | 108.881
0.93 | 1.00 | 70 | 109.956
0.93 | 1.00 | 80 | 109.395
0.93 | 1.00 | 90 | 109.395
0.93 | 1.00 | 100 | 109.104
0.93 | 1.00 | 150 | 108.690
0.93 | 1.00 | 200 | 108.584
0.93 | 1.00 | 250 | 108.881
0.93 | 2.00 | 150 | 109.023
0.93 | 2.00 | 200 | 108.667
0.93 | 2.00 | 250 | 108.423
0.94 | 0.00 | 70 | 109.956
0.94 | 0.00 | 80 | 109.462
0.94 | 0.00 | 90 | 109.462
0.94 | 0.00 | 100 | 109.224
0.94 | 0.00 | 150 | 108.816
0.94 | 0.00 | 200 | 108.651
0.94 | 0.00 | 250 | 108.591
0.94 | 1.00 | 70 | 109.956
0.94 | 1.00 | 80 | 109.462
0.94 | 1.00 | 90 | 109.462
0.94 | 1.00 | 100 | 109.224
0.94 | 1.00 | 150 | 108.816
0.94 | 1.00 | 200 | 108.651
0.94 | 1.00 | 250 | 108.591
0.94 | 2.00 | 100 | 109.611
0.94 | 2.00 | 150 | 109.158
0.94 | 2.00 | 200 | 108.777
0.94 | 2.00 | 250 | 108.601
0.95 | 0.00 | 70 | 109.956
0.95 | 0.00 | 80 | 109.484
0.95 | 0.00 | 90 | 109.484
0.95 | 0.00 | 100 | 109.299
0.95 | 0.00 | 150 | 108.971
0.95 | 0.00 | 200 | 108.787
0.95 | 0.00 | 250 | 108.711
0.95 | 1.00 | 70 | 109.956
0.95 | 1.00 | 80 | 109.484
0.95 | 1.00 | 90 | 109.484
0.95 | 1.00 | 100 | 109.299
0.95 | 1.00 | 150 | 108.971
0.95 | 1.00 | 200 | 108.787
0.95 | 1.00 | 250 | 108.711
0.95 | 2.00 | 100 | 110.292
0.95 | 2.00 | 150 | 109.094
0.95 | 2.00 | 200 | 108.967
0.95 | 2.00 | 250 | 108.736
0.96 | 0.00 | 70 | 109.957
0.96 | 0.00 | 80 | 109.517
0.96 | 0.00 | 90 | 109.517
0.96 | 0.00 | 100 | 109.358
0.96 | 0.00 | 150 | 109.042
0.96 | 0.00 | 200 | 108.911
0.96 | 0.00 | 250 | 108.849
0.96 | 1.00 | 70 | 109.957
0.96 | 1.00 | 80 | 109.517
0.96 | 1.00 | 90 | 109.517
0.96 | 1.00 | 100 | 109.358
0.96 | 1.00 | 150 | 109.042
0.96 | 1.00 | 200 | 108.911
0.96 | 1.00 | 250 | 108.849
0.96 | 2.00 | 80 | 110.422
0.96 | 2.00 | 90 | 110.422
0.96 | 2.00 | 100 | 110.450
0.96 | 2.00 | 150 | 109.239
0.96 | 2.00 | 200 | 109.054
0.96 | 2.00 | 250 | 108.930
0.97 | 0.00 | 70 | 109.958
0.97 | 0.00 | 80 | 109.587
0.97 | 0.00 | 90 | 109.587
0.97 | 0.00 | 100 | 109.470
0.97 | 0.00 | 150 | 109.258
0.97 | 0.00 | 200 | 109.140
0.97 | 0.00 | 250 | 109.111
0.97 | 1.00 | 70 | 109.958
0.97 | 1.00 | 80 | 109.587
0.97 | 1.00 | 90 | 109.587
0.97 | 1.00 | 100 | 109.470
0.97 | 1.00 | 150 | 109.258
0.97 | 1.00 | 200 | 109.140
0.97 | 1.00 | 250 | 109.111
0.97 | 2.00 | 80 | 110.171
0.97 | 2.00 | 90 | 110.171
0.97 | 2.00 | 100 | 110.368
0.97 | 2.00 | 150 | 109.375
0.97 | 2.00 | 200 | 109.191
0.97 | 2.00 | 250 | 109.077
0.98 | 0.00 | 70 | 109.963
0.98 | 0.00 | 80 | 109.659
0.98 | 0.00 | 90 | 109.659
0.98 | 0.00 | 100 | 109.587
0.98 | 0.00 | 150 | 109.393
0.98 | 0.00 | 200 | 109.357
0.98 | 0.00 | 250 | 109.352
0.98 | 1.00 | 70 | 109.963
0.98 | 1.00 | 80 | 109.659
0.98 | 1.00 | 90 | 109.659
0.98 | 1.00 | 100 | 109.587
0.98 | 1.00 | 150 | 109.393
0.98 | 1.00 | 200 | 109.357
0.98 | 1.00 | 250 | 109.352
0.98 | 2.00 | 80 | 110.020
0.98 | 2.00 | 90 | 110.020
0.98 | 2.00 | 100 | 110.249
0.98 | 2.00 | 150 | 109.459
0.98 | 2.00 | 200 | 109.383
0.98 | 2.00 | 250 | 109.393
0.99 | 0.00 | 70 | 109.999
0.99 | 0.00 | 80 | 109.986
0.99 | 0.00 | 90 | 109.632
0.99 | 0.00 | 100 | 109.632
0.99 | 0.00 | 150 | 109.613
0.99 | 0.00 | 200 | 109.612
0.99 | 0.00 | 250 | 109.611
0.99 | 1.00 | 70 | 109.999
0.99 | 1.00 | 80 | 109.986
0.99 | 1.00 | 90 | 109.632
0.99 | 1.00 | 100 | 109.632
0.99 | 1.00 | 150 | 109.613
0.99 | 1.00 | 200 | 109.612
0.99 | 1.00 | 250 | 109.510
0.99 | 2.00 | 80 | 109.800
0.99 | 2.00 | 90 | 110.070
0.99 | 2.00 | 100 | 110.043
0.99 | 2.00 | 150 | 109.517
0.99 | 2.00 | 200 | 109.527
0.99 | 2.00 | 250 | 109.510
1.00 | 0.00 | 70 | 109.873
1.00 | 0.00 | 80 | 109.860
1.00 | 0.00 | 90 | 109.682
1.00 | 0.00 | 100 | 109.644
1.00 | 0.00 | 150 | 109.627
1.00 | 0.00 | 200 | 109.627
1.00 | 0.00 | 250 | 109.627
1.00 | 1.00 | 70 | 109.873
1.00 | 1.00 | 80 | 109.860
1.00 | 1.00 | 90 | 109.682
1.00 | 1.00 | 100 | 109.644
1.00 | 1.00 | 150 | 109.627
1.00 | 1.00 | 200 | 109.627
1.00 | 1.00 | 250 | 109.627
1.00 | 2.00 | 70 | 110.261
1.00 | 2.00 | 80 | 109.952
1.00 | 2.00 | 90 | 109.778
1.00 | 2.00 | 100 | 109.649
1.00 | 2.00 | 150 | 109.628
1.00 | 2.00 | 200 | 109.628
1.00 | 2.00 | 250 | 109.628
