Otimização para pl em ATLAS - Limites: eps_0_mg_0_a1_0_a2_1
Configuração: down | up | strategy | tol | migrad | mg ± error | eps ± error | a1 ± error | a2 ± error | χ²/ndof
======================================================================================================================================================
0.95 | 1.05 | 0 | 1e+00 | 300 | 0.411347 ± 0.002080 | 0.071535 ± 0.001126 | 1.590818 ± 0.150618 | 1.940055 ± 0.435159 | 0.427707
0.95 | 1.05 | 0 | 1e-01 | 300 | 0.411322 ± 0.002420 | 0.071536 ± 0.004802 | 1.592180 ± 0.075917 | 1.932387 ± 0.495218 | 0.427571
0.95 | 1.05 | 0 | 5e+00 | 400 | 0.411940 ± 0.003584 | 0.071550 ± 0.004645 | 1.575868 ± 0.141027 | 2.051874 ± 0.734005 | 0.431013
0.95 | 1.05 | 0 | 1e+00 | 400 | 0.411302 ± 0.001568 | 0.071536 ± 0.004674 | 1.592513 ± 0.107856 | 1.928470 ± 0.334900 | 0.427546
0.95 | 1.05 | 0 | 1e-01 | 400 | 0.411282 ± 0.001252 | 0.071535 ± 0.001484 | 1.592618 ± 0.146460 | 1.925196 ± 0.282270 | 0.427508
0.95 | 1.05 | 0 | 5e+00 | 500 | 0.411912 ± 0.003932 | 0.071539 ± 0.007456 | 1.576486 ± 0.143369 | 2.049124 ± 0.795323 | 0.430574
0.95 | 1.05 | 0 | 1e-01 | 500 | 0.411281 ± 0.001053 | 0.071535 ± 0.004658 | 1.592824 ± 0.126065 | 1.924255 ± 0.248808 | 0.427481
0.95 | 1.05 | 0 | 1e-02 | 500 | 0.411285 ± 0.001013 | 0.071535 ± 0.001726 | 1.592850 ± 0.104906 | 1.925652 ± 0.242493 | 0.427475
0.95 | 1.05 | 0 | 5e+00 | 600 | 0.411912 ± 0.003932 | 0.071539 ± 0.007456 | 1.576486 ± 0.143369 | 2.049124 ± 0.795323 | 0.430574
0.95 | 1.05 | 0 | 1e-01 | 600 | 0.411281 ± 0.001053 | 0.071535 ± 0.004658 | 1.592824 ± 0.126065 | 1.924255 ± 0.248808 | 0.427481
0.95 | 1.05 | 0 | 1e-02 | 600 | 0.411285 ± 0.001013 | 0.071535 ± 0.001726 | 1.592850 ± 0.104906 | 1.925652 ± 0.242493 | 0.427475
0.95 | 1.05 | 0 | 5e+00 | 700 | 0.411912 ± 0.003932 | 0.071539 ± 0.007456 | 1.576486 ± 0.143369 | 2.049124 ± 0.795323 | 0.430574
0.95 | 1.05 | 0 | 1e-01 | 700 | 0.411281 ± 0.001053 | 0.071535 ± 0.004658 | 1.592824 ± 0.126065 | 1.924255 ± 0.248808 | 0.427481
0.95 | 1.05 | 0 | 1e-02 | 700 | 0.411285 ± 0.001013 | 0.071535 ± 0.001726 | 1.592850 ± 0.104906 | 1.925652 ± 0.242493 | 0.427475
0.95 | 1.05 | 0 | 5e+00 | 800 | 0.411912 ± 0.003932 | 0.071539 ± 0.007456 | 1.576486 ± 0.143369 | 2.049124 ± 0.795323 | 0.430574
0.95 | 1.05 | 0 | 1e-01 | 800 | 0.411281 ± 0.001053 | 0.071535 ± 0.004658 | 1.592824 ± 0.126065 | 1.924255 ± 0.248808 | 0.427481
0.95 | 1.05 | 0 | 1e-02 | 800 | 0.411285 ± 0.001013 | 0.071535 ± 0.001726 | 1.592850 ± 0.104906 | 1.925652 ± 0.242493 | 0.427475
0.95 | 1.05 | 2 | 5e+00 | 300 | 0.411341 ± 0.001908 | 0.071540 ± 0.001505 | 1.590255 ± 0.142890 | 1.931457 ± 0.390006 | 0.428096
0.95 | 1.05 | 2 | 1e+00 | 300 | 0.411284 ± 0.001455 | 0.071535 ± 0.001353 | 1.592146 ± 0.150962 | 1.925058 ± 0.318037 | 0.427582
0.95 | 1.05 | 2 | 1e-01 | 300 | 0.411287 ± 0.001100 | 0.071535 ± 0.004867 | 1.592806 ± 0.093449 | 1.924699 ± 0.256468 | 0.427490
0.95 | 1.05 | 2 | 5e+00 | 400 | 0.411433 ± 0.002342 | 0.071539 ± 0.000979 | 1.588082 ± 0.144078 | 1.955406 ± 0.484036 | 0.428219
0.95 | 1.05 | 2 | 1e+00 | 400 | 0.411310 ± 0.001758 | 0.071535 ± 0.001384 | 1.591708 ± 0.150712 | 1.930835 ± 0.373590 | 0.427588
0.95 | 1.05 | 2 | 1e-01 | 400 | 0.411289 ± 0.001175 | 0.071535 ± 0.004681 | 1.592775 ± 0.098232 | 1.926034 ± 0.269179 | 0.427481
0.95 | 1.05 | 2 | 1e-02 | 400 | 0.411286 ± 0.001013 | 0.071535 ± 0.001719 | 1.592850 ± 0.100152 | 1.925914 ± 0.242662 | 0.427475
0.95 | 1.05 | 2 | 5e+00 | 500 | 0.411433 ± 0.002342 | 0.071539 ± 0.000979 | 1.588082 ± 0.144078 | 1.955406 ± 0.484036 | 0.428219
0.95 | 1.05 | 2 | 1e+00 | 500 | 0.411299 ± 0.001633 | 0.071535 ± 0.001454 | 1.591942 ± 0.150955 | 1.928197 ± 0.350294 | 0.427571
0.95 | 1.05 | 2 | 1e-01 | 500 | 0.411289 ± 0.001175 | 0.071535 ± 0.004681 | 1.592775 ± 0.098232 | 1.926034 ± 0.269197 | 0.427481
0.95 | 1.05 | 2 | 1e-02 | 500 | 0.411284 ± 0.001015 | 0.071535 ± 0.001665 | 1.592849 ± 0.111771 | 1.925615 ± 0.242982 | 0.427475
0.95 | 1.05 | 2 | 5e+00 | 600 | 0.411433 ± 0.002342 | 0.071539 ± 0.000979 | 1.588082 ± 0.144078 | 1.955406 ± 0.484036 | 0.428219
0.95 | 1.05 | 2 | 1e+00 | 600 | 0.411299 ± 0.001633 | 0.071535 ± 0.001454 | 1.591942 ± 0.150955 | 1.928197 ± 0.350294 | 0.427571
0.95 | 1.05 | 2 | 1e-01 | 600 | 0.411289 ± 0.001175 | 0.071535 ± 0.004681 | 1.592775 ± 0.098232 | 1.926034 ± 0.269197 | 0.427481
0.95 | 1.05 | 2 | 1e-02 | 600 | 0.411284 ± 0.001015 | 0.071535 ± 0.001665 | 1.592849 ± 0.111771 | 1.925615 ± 0.242982 | 0.427475
0.95 | 1.05 | 2 | 5e+00 | 700 | 0.411433 ± 0.002342 | 0.071539 ± 0.000979 | 1.588082 ± 0.144078 | 1.955406 ± 0.484036 | 0.428219
0.95 | 1.05 | 2 | 1e+00 | 700 | 0.411299 ± 0.001633 | 0.071535 ± 0.001454 | 1.591942 ± 0.150955 | 1.928197 ± 0.350294 | 0.427571
0.95 | 1.05 | 2 | 1e-01 | 700 | 0.411289 ± 0.001175 | 0.071535 ± 0.004681 | 1.592775 ± 0.098232 | 1.926034 ± 0.269197 | 0.427481
0.95 | 1.05 | 2 | 1e-02 | 700 | 0.411284 ± 0.001015 | 0.071535 ± 0.001665 | 1.592849 ± 0.111771 | 1.925615 ± 0.242982 | 0.427475
0.95 | 1.05 | 2 | 5e+00 | 800 | 0.411433 ± 0.002342 | 0.071539 ± 0.000979 | 1.588082 ± 0.144078 | 1.955406 ± 0.484036 | 0.428219
0.95 | 1.05 | 2 | 1e+00 | 800 | 0.411299 ± 0.001633 | 0.071535 ± 0.001454 | 1.591942 ± 0.150955 | 1.928197 ± 0.350294 | 0.427571
0.95 | 1.05 | 2 | 1e-01 | 800 | 0.411289 ± 0.001175 | 0.071535 ± 0.004681 | 1.592775 ± 0.098232 | 1.926034 ± 0.269197 | 0.427481
0.95 | 1.05 | 2 | 1e-02 | 800 | 0.411284 ± 0.001015 | 0.071535 ± 0.001665 | 1.592849 ± 0.111771 | 1.925615 ± 0.242982 | 0.427475
0.96 | 1.04 | 0 | 5e+00 | 300 | 0.413868 ± 0.001346 | 0.072318 ± 0.000855 | 1.577440 ± 0.107750 | 2.067204 ± 0.257780 | 0.462931
0.96 | 1.04 | 0 | 1e+00 | 300 | 0.413880 ± 0.001225 | 0.072294 ± 0.004085 | 1.577661 ± 0.060815 | 2.080702 ± 0.256930 | 0.462017
0.96 | 1.04 | 0 | 1e-01 | 300 | 0.413797 ± 0.000933 | 0.072288 ± 0.003747 | 1.577680 ± 0.117813 | 2.063471 ± 0.240804 | 0.461385
0.96 | 1.04 | 0 | 1e-02 | 300 | 0.413797 ± 0.000933 | 0.072288 ± 0.003747 | 1.577680 ± 0.117813 | 2.063471 ± 0.240804 | 0.461385
0.96 | 1.04 | 0 | 5e+00 | 400 | 0.413788 ± 0.001069 | 0.072293 ± 0.001080 | 1.577520 ± 0.106574 | 2.059520 ± 0.251087 | 0.461727
0.96 | 1.04 | 0 | 1e+00 | 400 | 0.413795 ± 0.000953 | 0.072288 ± 0.001372 | 1.577642 ± 0.115811 | 2.063070 ± 0.244169 | 0.461403
0.96 | 1.04 | 0 | 1e-01 | 400 | 0.413800 ± 0.000932 | 0.072288 ± 0.003792 | 1.577679 ± 0.118776 | 2.063957 ± 0.240767 | 0.461385
0.96 | 1.04 | 0 | 1e-02 | 400 | 0.413800 ± 0.000932 | 0.072288 ± 0.003792 | 1.577679 ± 0.118776 | 2.063957 ± 0.240767 | 0.461385
0.96 | 1.04 | 0 | 5e+00 | 500 | 0.413788 ± 0.001069 | 0.072293 ± 0.001080 | 1.577520 ± 0.106574 | 2.059520 ± 0.251087 | 0.461727
0.96 | 1.04 | 0 | 1e+00 | 500 | 0.413795 ± 0.000953 | 0.072288 ± 0.001372 | 1.577642 ± 0.115811 | 2.063070 ± 0.244169 | 0.461403
0.96 | 1.04 | 0 | 1e-01 | 500 | 0.413800 ± 0.000932 | 0.072288 ± 0.003792 | 1.577679 ± 0.118776 | 2.063957 ± 0.240767 | 0.461385
0.96 | 1.04 | 0 | 1e-02 | 500 | 0.413799 ± 0.000932 | 0.072288 ± 0.003745 | 1.577680 ± 0.118347 | 2.064146 ± 0.240808 | 0.461384
0.96 | 1.04 | 0 | 5e+00 | 600 | 0.413788 ± 0.001069 | 0.072293 ± 0.001080 | 1.577520 ± 0.106574 | 2.059520 ± 0.251087 | 0.461727
0.96 | 1.04 | 0 | 1e+00 | 600 | 0.413795 ± 0.000953 | 0.072288 ± 0.001372 | 1.577642 ± 0.115811 | 2.063070 ± 0.244169 | 0.461403
0.96 | 1.04 | 0 | 1e-01 | 600 | 0.413800 ± 0.000932 | 0.072288 ± 0.003792 | 1.577679 ± 0.118776 | 2.063957 ± 0.240767 | 0.461385
0.96 | 1.04 | 0 | 1e-02 | 600 | 0.413799 ± 0.000932 | 0.072288 ± 0.003745 | 1.577680 ± 0.118347 | 2.064146 ± 0.240808 | 0.461384
0.96 | 1.04 | 0 | 5e+00 | 700 | 0.413788 ± 0.001069 | 0.072293 ± 0.001080 | 1.577520 ± 0.106574 | 2.059520 ± 0.251087 | 0.461727
0.96 | 1.04 | 0 | 1e+00 | 700 | 0.413795 ± 0.000953 | 0.072288 ± 0.001372 | 1.577642 ± 0.115811 | 2.063070 ± 0.244169 | 0.461403
0.96 | 1.04 | 0 | 1e-01 | 700 | 0.413800 ± 0.000932 | 0.072288 ± 0.003792 | 1.577679 ± 0.118776 | 2.063957 ± 0.240767 | 0.461385
0.96 | 1.04 | 0 | 1e-02 | 700 | 0.413799 ± 0.000932 | 0.072288 ± 0.003745 | 1.577680 ± 0.118347 | 2.064146 ± 0.240808 | 0.461384
0.96 | 1.04 | 0 | 5e+00 | 800 | 0.413788 ± 0.001069 | 0.072293 ± 0.001080 | 1.577520 ± 0.106574 | 2.059520 ± 0.251087 | 0.461727
0.96 | 1.04 | 0 | 1e+00 | 800 | 0.413795 ± 0.000953 | 0.072288 ± 0.001372 | 1.577642 ± 0.115811 | 2.063070 ± 0.244169 | 0.461403
0.96 | 1.04 | 0 | 1e-01 | 800 | 0.413800 ± 0.000932 | 0.072288 ± 0.003792 | 1.577679 ± 0.118776 | 2.063957 ± 0.240767 | 0.461385
0.96 | 1.04 | 0 | 1e-02 | 800 | 0.413799 ± 0.000932 | 0.072288 ± 0.003745 | 1.577680 ± 0.118347 | 2.064146 ± 0.240808 | 0.461384
0.96 | 1.04 | 2 | 5e+00 | 300 | 0.413792 ± 0.000936 | 0.072288 ± 0.001195 | 1.577676 ± 0.115695 | 2.063756 ± 0.241631 | 0.461403
0.96 | 1.04 | 2 | 1e+00 | 300 | 0.413792 ± 0.000936 | 0.072288 ± 0.001195 | 1.577676 ± 0.115695 | 2.063756 ± 0.241631 | 0.461403
0.96 | 1.04 | 2 | 1e-01 | 300 | 0.413800 ± 0.000934 | 0.072288 ± 0.003728 | 1.577678 ± 0.118572 | 2.064375 ± 0.240934 | 0.461388
0.96 | 1.04 | 2 | 1e-02 | 300 | 0.413799 ± 0.000932 | 0.072288 ± 0.003764 | 1.577680 ± 0.118321 | 2.063757 ± 0.240708 | 0.461384
0.96 | 1.04 | 2 | 5e+00 | 400 | 0.413792 ± 0.000936 | 0.072288 ± 0.001195 | 1.577676 ± 0.115696 | 2.063756 ± 0.241631 | 0.461403
0.96 | 1.04 | 2 | 1e+00 | 400 | 0.413800 ± 0.000932 | 0.072288 ± 0.003765 | 1.577680 ± 0.118554 | 2.063944 ± 0.240701 | 0.461384
0.96 | 1.04 | 2 | 1e-01 | 400 | 0.413800 ± 0.000932 | 0.072288 ± 0.003772 | 1.577680 ± 0.118531 | 2.063882 ± 0.240684 | 0.461384
0.96 | 1.04 | 2 | 1e-02 | 400 | 0.413800 ± 0.000932 | 0.072288 ± 0.003772 | 1.577680 ± 0.118531 | 2.063882 ± 0.240684 | 0.461384
0.96 | 1.04 | 2 | 5e+00 | 500 | 0.413792 ± 0.000936 | 0.072288 ± 0.001195 | 1.577676 ± 0.115696 | 2.063756 ± 0.241631 | 0.461403
0.96 | 1.04 | 2 | 1e+00 | 500 | 0.413800 ± 0.000932 | 0.072288 ± 0.003765 | 1.577680 ± 0.118554 | 2.063944 ± 0.240701 | 0.461384
0.96 | 1.04 | 2 | 1e-01 | 500 | 0.413800 ± 0.000932 | 0.072288 ± 0.003772 | 1.577680 ± 0.118531 | 2.063882 ± 0.240684 | 0.461384
0.96 | 1.04 | 2 | 1e-02 | 500 | 0.413800 ± 0.000932 | 0.072288 ± 0.003772 | 1.577680 ± 0.118531 | 2.063882 ± 0.240684 | 0.461384
0.96 | 1.04 | 2 | 5e+00 | 600 | 0.413792 ± 0.000936 | 0.072288 ± 0.001195 | 1.577676 ± 0.115696 | 2.063756 ± 0.241631 | 0.461403
0.96 | 1.04 | 2 | 1e+00 | 600 | 0.413800 ± 0.000932 | 0.072288 ± 0.003765 | 1.577680 ± 0.118554 | 2.063944 ± 0.240701 | 0.461384
0.96 | 1.04 | 2 | 1e-01 | 600 | 0.413800 ± 0.000932 | 0.072288 ± 0.003772 | 1.577680 ± 0.118531 | 2.063882 ± 0.240684 | 0.461384
0.96 | 1.04 | 2 | 1e-02 | 600 | 0.413800 ± 0.000932 | 0.072288 ± 0.003772 | 1.577680 ± 0.118531 | 2.063882 ± 0.240684 | 0.461384
0.96 | 1.04 | 2 | 5e+00 | 700 | 0.413792 ± 0.000936 | 0.072288 ± 0.001195 | 1.577676 ± 0.115696 | 2.063756 ± 0.241631 | 0.461403
0.96 | 1.04 | 2 | 1e+00 | 700 | 0.413800 ± 0.000932 | 0.072288 ± 0.003765 | 1.577680 ± 0.118554 | 2.063944 ± 0.240701 | 0.461384
0.96 | 1.04 | 2 | 1e-01 | 700 | 0.413800 ± 0.000932 | 0.072288 ± 0.003772 | 1.577680 ± 0.118531 | 2.063882 ± 0.240684 | 0.461384
0.96 | 1.04 | 2 | 1e-02 | 700 | 0.413800 ± 0.000932 | 0.072288 ± 0.003772 | 1.577680 ± 0.118531 | 2.063882 ± 0.240684 | 0.461384
0.96 | 1.04 | 2 | 5e+00 | 800 | 0.413792 ± 0.000936 | 0.072288 ± 0.001195 | 1.577676 ± 0.115696 | 2.063756 ± 0.241631 | 0.461403
0.96 | 1.04 | 2 | 1e+00 | 800 | 0.413800 ± 0.000932 | 0.072288 ± 0.003765 | 1.577680 ± 0.118554 | 2.063944 ± 0.240701 | 0.461384
0.96 | 1.04 | 2 | 1e-01 | 800 | 0.413800 ± 0.000932 | 0.072288 ± 0.003772 | 1.577680 ± 0.118531 | 2.063882 ± 0.240684 | 0.461384
0.96 | 1.04 | 2 | 1e-02 | 800 | 0.413800 ± 0.000932 | 0.072288 ± 0.003772 | 1.577680 ± 0.118531 | 2.063882 ± 0.240684 | 0.461384
0.97 | 1.03 | 0 | 5e+00 | 300 | 0.416297 ± 0.000992 | 0.073042 ± 0.004512 | 1.562367 ± 0.087274 | 2.198286 ± 0.245690 | 0.503410
0.97 | 1.03 | 0 | 1e+00 | 300 | 0.416280 ± 0.000874 | 0.073041 ± 0.002879 | 1.562479 ± 0.083937 | 2.202205 ± 0.240992 | 0.503107
0.97 | 1.03 | 0 | 1e-01 | 300 | 0.416275 ± 0.000864 | 0.073041 ± 0.002878 | 1.562507 ± 0.083572 | 2.200370 ± 0.239417 | 0.503081
0.97 | 1.03 | 0 | 1e-02 | 300 | 0.416278 ± 0.000863 | 0.073041 ± 0.002926 | 1.562508 ± 0.084297 | 2.200603 ± 0.239171 | 0.503079
0.97 | 1.03 | 0 | 5e+00 | 400 | 0.416297 ± 0.000992 | 0.073042 ± 0.004512 | 1.562367 ± 0.087274 | 2.198286 ± 0.245690 | 0.503410
0.97 | 1.03 | 0 | 1e+00 | 400 | 0.416280 ± 0.000874 | 0.073041 ± 0.002879 | 1.562479 ± 0.083937 | 2.202205 ± 0.240992 | 0.503107
0.97 | 1.03 | 0 | 1e-01 | 400 | 0.416275 ± 0.000864 | 0.073041 ± 0.002878 | 1.562507 ± 0.083572 | 2.200370 ± 0.239417 | 0.503081
0.97 | 1.03 | 0 | 1e-02 | 400 | 0.416276 ± 0.000862 | 0.073041 ± 0.002919 | 1.562510 ± 0.084191 | 2.200367 ± 0.239096 | 0.503078
0.97 | 1.03 | 0 | 5e+00 | 500 | 0.416297 ± 0.000992 | 0.073042 ± 0.004512 | 1.562367 ± 0.087274 | 2.198286 ± 0.245690 | 0.503410
0.97 | 1.03 | 0 | 1e+00 | 500 | 0.416280 ± 0.000874 | 0.073041 ± 0.002879 | 1.562479 ± 0.083937 | 2.202205 ± 0.240992 | 0.503107
0.97 | 1.03 | 0 | 1e-01 | 500 | 0.416275 ± 0.000864 | 0.073041 ± 0.002878 | 1.562507 ± 0.083572 | 2.200370 ± 0.239417 | 0.503081
0.97 | 1.03 | 0 | 1e-02 | 500 | 0.416276 ± 0.000862 | 0.073041 ± 0.002919 | 1.562510 ± 0.084191 | 2.200367 ± 0.239096 | 0.503078
0.97 | 1.03 | 0 | 5e+00 | 600 | 0.416297 ± 0.000992 | 0.073042 ± 0.004512 | 1.562367 ± 0.087274 | 2.198286 ± 0.245690 | 0.503410
0.97 | 1.03 | 0 | 1e+00 | 600 | 0.416280 ± 0.000874 | 0.073041 ± 0.002879 | 1.562479 ± 0.083937 | 2.202205 ± 0.240992 | 0.503107
0.97 | 1.03 | 0 | 1e-01 | 600 | 0.416275 ± 0.000864 | 0.073041 ± 0.002878 | 1.562507 ± 0.083572 | 2.200370 ± 0.239417 | 0.503081
0.97 | 1.03 | 0 | 1e-02 | 600 | 0.416276 ± 0.000862 | 0.073041 ± 0.002919 | 1.562510 ± 0.084191 | 2.200367 ± 0.239096 | 0.503078
0.97 | 1.03 | 0 | 5e+00 | 700 | 0.416297 ± 0.000992 | 0.073042 ± 0.004512 | 1.562367 ± 0.087274 | 2.198286 ± 0.245690 | 0.503410
0.97 | 1.03 | 0 | 1e+00 | 700 | 0.416280 ± 0.000874 | 0.073041 ± 0.002879 | 1.562479 ± 0.083937 | 2.202205 ± 0.240992 | 0.503107
0.97 | 1.03 | 0 | 1e-01 | 700 | 0.416275 ± 0.000864 | 0.073041 ± 0.002878 | 1.562507 ± 0.083572 | 2.200370 ± 0.239417 | 0.503081
0.97 | 1.03 | 0 | 1e-02 | 700 | 0.416276 ± 0.000862 | 0.073041 ± 0.002919 | 1.562510 ± 0.084191 | 2.200367 ± 0.239096 | 0.503078
0.97 | 1.03 | 0 | 5e+00 | 800 | 0.416297 ± 0.000992 | 0.073042 ± 0.004512 | 1.562367 ± 0.087274 | 2.198286 ± 0.245690 | 0.503410
0.97 | 1.03 | 0 | 1e+00 | 800 | 0.416280 ± 0.000874 | 0.073041 ± 0.002879 | 1.562479 ± 0.083937 | 2.202205 ± 0.240992 | 0.503107
0.97 | 1.03 | 0 | 1e-01 | 800 | 0.416275 ± 0.000864 | 0.073041 ± 0.002878 | 1.562507 ± 0.083572 | 2.200370 ± 0.239417 | 0.503081
0.97 | 1.03 | 0 | 1e-02 | 800 | 0.416276 ± 0.000862 | 0.073041 ± 0.002919 | 1.562510 ± 0.084191 | 2.200367 ± 0.239096 | 0.503078
0.97 | 1.03 | 2 | 5e+00 | 300 | 0.416297 ± 0.000879 | 0.073041 ± 0.003631 | 1.562487 ± 0.089013 | 2.201679 ± 0.239161 | 0.503194
0.97 | 1.03 | 2 | 1e+00 | 300 | 0.416279 ± 0.000880 | 0.073041 ± 0.002876 | 1.562480 ± 0.084771 | 2.201110 ± 0.240654 | 0.503116
0.97 | 1.03 | 2 | 1e-01 | 300 | 0.416275 ± 0.000863 | 0.073041 ± 0.002890 | 1.562510 ± 0.083873 | 2.200327 ± 0.239222 | 0.503079
0.97 | 1.03 | 2 | 1e-02 | 300 | 0.416276 ± 0.000863 | 0.073041 ± 0.002924 | 1.562509 ± 0.084276 | 2.200189 ± 0.239120 | 0.503079
0.97 | 1.03 | 2 | 5e+00 | 400 | 0.416277 ± 0.000862 | 0.073041 ± 0.002915 | 1.562510 ± 0.084211 | 2.200450 ± 0.239126 | 0.503078
0.97 | 1.03 | 2 | 1e+00 | 400 | 0.416274 ± 0.000867 | 0.073041 ± 0.002951 | 1.562509 ± 0.083926 | 2.199300 ± 0.239064 | 0.503089
0.97 | 1.03 | 2 | 1e-01 | 400 | 0.416271 ± 0.000863 | 0.073041 ± 0.002899 | 1.562510 ± 0.083088 | 2.198749 ± 0.239184 | 0.503082
0.97 | 1.03 | 2 | 1e-02 | 400 | 0.416277 ± 0.000862 | 0.073041 ± 0.002920 | 1.562510 ± 0.084273 | 2.200454 ± 0.239107 | 0.503078
0.97 | 1.03 | 2 | 5e+00 | 500 | 0.416277 ± 0.000862 | 0.073041 ± 0.002915 | 1.562510 ± 0.084211 | 2.200450 ± 0.239126 | 0.503078
0.97 | 1.03 | 2 | 1e+00 | 500 | 0.416274 ± 0.000867 | 0.073041 ± 0.002951 | 1.562509 ± 0.083926 | 2.199300 ± 0.239064 | 0.503089
0.97 | 1.03 | 2 | 1e-01 | 500 | 0.416271 ± 0.000863 | 0.073041 ± 0.002899 | 1.562510 ± 0.083088 | 2.198749 ± 0.239184 | 0.503082
0.97 | 1.03 | 2 | 1e-02 | 500 | 0.416277 ± 0.000862 | 0.073041 ± 0.002920 | 1.562510 ± 0.084273 | 2.200454 ± 0.239107 | 0.503078
0.97 | 1.03 | 2 | 5e+00 | 600 | 0.416277 ± 0.000862 | 0.073041 ± 0.002915 | 1.562510 ± 0.084211 | 2.200450 ± 0.239126 | 0.503078
0.97 | 1.03 | 2 | 1e+00 | 600 | 0.416274 ± 0.000867 | 0.073041 ± 0.002951 | 1.562509 ± 0.083926 | 2.199300 ± 0.239064 | 0.503089
0.97 | 1.03 | 2 | 1e-01 | 600 | 0.416271 ± 0.000863 | 0.073041 ± 0.002899 | 1.562510 ± 0.083088 | 2.198749 ± 0.239184 | 0.503082
0.97 | 1.03 | 2 | 1e-02 | 600 | 0.416277 ± 0.000862 | 0.073041 ± 0.002920 | 1.562510 ± 0.084273 | 2.200454 ± 0.239107 | 0.503078
0.97 | 1.03 | 2 | 5e+00 | 700 | 0.416277 ± 0.000862 | 0.073041 ± 0.002915 | 1.562510 ± 0.084211 | 2.200450 ± 0.239126 | 0.503078
0.97 | 1.03 | 2 | 1e+00 | 700 | 0.416274 ± 0.000867 | 0.073041 ± 0.002951 | 1.562509 ± 0.083926 | 2.199300 ± 0.239064 | 0.503089
0.97 | 1.03 | 2 | 1e-01 | 700 | 0.416271 ± 0.000863 | 0.073041 ± 0.002899 | 1.562510 ± 0.083088 | 2.198749 ± 0.239184 | 0.503082
0.97 | 1.03 | 2 | 1e-02 | 700 | 0.416277 ± 0.000862 | 0.073041 ± 0.002920 | 1.562510 ± 0.084273 | 2.200454 ± 0.239107 | 0.503078
0.97 | 1.03 | 2 | 5e+00 | 800 | 0.416277 ± 0.000862 | 0.073041 ± 0.002915 | 1.562510 ± 0.084211 | 2.200450 ± 0.239126 | 0.503078
0.97 | 1.03 | 2 | 1e+00 | 800 | 0.416274 ± 0.000867 | 0.073041 ± 0.002951 | 1.562509 ± 0.083926 | 2.199300 ± 0.239064 | 0.503089
0.97 | 1.03 | 2 | 1e-01 | 800 | 0.416271 ± 0.000863 | 0.073041 ± 0.002899 | 1.562510 ± 0.083088 | 2.198749 ± 0.239184 | 0.503082
0.97 | 1.03 | 2 | 1e-02 | 800 | 0.416277 ± 0.000862 | 0.073041 ± 0.002920 | 1.562510 ± 0.084273 | 2.200454 ± 0.239107 | 0.503078
0.98 | 1.02 | 0 | 5e+00 | 300 | 0.418776 ± 0.000808 | 0.073794 ± 0.002843 | 1.547323 ± 0.060670 | 2.346931 ± 0.237360 | 0.552737
0.98 | 1.02 | 0 | 1e+00 | 300 | 0.418725 ± 0.000806 | 0.073794 ± 0.002143 | 1.547327 ± 0.056635 | 2.334513 ± 0.237916 | 0.552433
0.98 | 1.02 | 0 | 1e-01 | 300 | 0.418722 ± 0.000803 | 0.073794 ± 0.002058 | 1.547340 ± 0.056587 | 2.335548 ± 0.237790 | 0.552415
0.98 | 1.02 | 0 | 1e-02 | 300 | 0.418722 ± 0.000803 | 0.073794 ± 0.002058 | 1.547340 ± 0.056587 | 2.335548 ± 0.237790 | 0.552415
0.98 | 1.02 | 0 | 5e+00 | 400 | 0.418776 ± 0.000808 | 0.073794 ± 0.002843 | 1.547323 ± 0.060670 | 2.346931 ± 0.237360 | 0.552737
0.98 | 1.02 | 0 | 1e+00 | 400 | 0.418725 ± 0.000806 | 0.073794 ± 0.002143 | 1.547327 ± 0.056635 | 2.334513 ± 0.237916 | 0.552433
0.98 | 1.02 | 0 | 1e-01 | 400 | 0.418722 ± 0.000803 | 0.073794 ± 0.002058 | 1.547340 ± 0.056587 | 2.335548 ± 0.237790 | 0.552415
0.98 | 1.02 | 0 | 1e-02 | 400 | 0.418722 ± 0.000803 | 0.073794 ± 0.002058 | 1.547340 ± 0.056587 | 2.335548 ± 0.237790 | 0.552415
0.98 | 1.02 | 0 | 5e+00 | 500 | 0.418776 ± 0.000808 | 0.073794 ± 0.002843 | 1.547323 ± 0.060670 | 2.346931 ± 0.237360 | 0.552737
0.98 | 1.02 | 0 | 1e+00 | 500 | 0.418725 ± 0.000806 | 0.073794 ± 0.002143 | 1.547327 ± 0.056635 | 2.334513 ± 0.237916 | 0.552433
0.98 | 1.02 | 0 | 1e-01 | 500 | 0.418722 ± 0.000803 | 0.073794 ± 0.002058 | 1.547340 ± 0.056587 | 2.335548 ± 0.237790 | 0.552415
0.98 | 1.02 | 0 | 1e-02 | 500 | 0.418722 ± 0.000803 | 0.073794 ± 0.002058 | 1.547340 ± 0.056587 | 2.335548 ± 0.237790 | 0.552415
0.98 | 1.02 | 0 | 5e+00 | 600 | 0.418776 ± 0.000808 | 0.073794 ± 0.002843 | 1.547323 ± 0.060670 | 2.346931 ± 0.237360 | 0.552737
0.98 | 1.02 | 0 | 1e+00 | 600 | 0.418725 ± 0.000806 | 0.073794 ± 0.002143 | 1.547327 ± 0.056635 | 2.334513 ± 0.237916 | 0.552433
0.98 | 1.02 | 0 | 1e-01 | 600 | 0.418722 ± 0.000803 | 0.073794 ± 0.002058 | 1.547340 ± 0.056587 | 2.335548 ± 0.237790 | 0.552415
0.98 | 1.02 | 0 | 1e-02 | 600 | 0.418722 ± 0.000803 | 0.073794 ± 0.002058 | 1.547340 ± 0.056587 | 2.335548 ± 0.237790 | 0.552415
0.98 | 1.02 | 0 | 5e+00 | 700 | 0.418776 ± 0.000808 | 0.073794 ± 0.002843 | 1.547323 ± 0.060670 | 2.346931 ± 0.237360 | 0.552737
0.98 | 1.02 | 0 | 1e+00 | 700 | 0.418725 ± 0.000806 | 0.073794 ± 0.002143 | 1.547327 ± 0.056635 | 2.334513 ± 0.237916 | 0.552433
0.98 | 1.02 | 0 | 1e-01 | 700 | 0.418722 ± 0.000803 | 0.073794 ± 0.002058 | 1.547340 ± 0.056587 | 2.335548 ± 0.237790 | 0.552415
0.98 | 1.02 | 0 | 1e-02 | 700 | 0.418722 ± 0.000803 | 0.073794 ± 0.002058 | 1.547340 ± 0.056587 | 2.335548 ± 0.237790 | 0.552415
0.98 | 1.02 | 0 | 5e+00 | 800 | 0.418776 ± 0.000808 | 0.073794 ± 0.002843 | 1.547323 ± 0.060670 | 2.346931 ± 0.237360 | 0.552737
0.98 | 1.02 | 0 | 1e+00 | 800 | 0.418725 ± 0.000806 | 0.073794 ± 0.002143 | 1.547327 ± 0.056635 | 2.334513 ± 0.237916 | 0.552433
0.98 | 1.02 | 0 | 1e-01 | 800 | 0.418722 ± 0.000803 | 0.073794 ± 0.002058 | 1.547340 ± 0.056587 | 2.335548 ± 0.237790 | 0.552415
0.98 | 1.02 | 0 | 1e-02 | 800 | 0.418722 ± 0.000803 | 0.073794 ± 0.002058 | 1.547340 ± 0.056587 | 2.335548 ± 0.237790 | 0.552415
0.98 | 1.02 | 2 | 5e+00 | 300 | 0.418722 ± 0.000831 | 0.073795 ± 0.002252 | 1.547322 ± 0.056922 | 2.331548 ± 0.237730 | 0.552521
0.98 | 1.02 | 2 | 1e+00 | 300 | 0.418725 ± 0.000803 | 0.073794 ± 0.002094 | 1.547338 ± 0.057085 | 2.335905 ± 0.237720 | 0.552417
0.98 | 1.02 | 2 | 1e-01 | 300 | 0.418725 ± 0.000803 | 0.073794 ± 0.002094 | 1.547338 ± 0.057085 | 2.335905 ± 0.237720 | 0.552417
0.98 | 1.02 | 2 | 1e-02 | 300 | 0.418725 ± 0.000803 | 0.073794 ± 0.002078 | 1.547340 ± 0.056868 | 2.335854 ± 0.237693 | 0.552414
0.98 | 1.02 | 2 | 5e+00 | 400 | 0.418695 ± 0.000807 | 0.073794 ± 0.002081 | 1.547340 ± 0.054248 | 2.325038 ± 0.237624 | 0.552565
0.98 | 1.02 | 2 | 1e+00 | 400 | 0.418723 ± 0.000803 | 0.073794 ± 0.002053 | 1.547340 ± 0.056692 | 2.335820 ± 0.237806 | 0.552415
0.98 | 1.02 | 2 | 1e-01 | 400 | 0.418724 ± 0.000803 | 0.073794 ± 0.002075 | 1.547340 ± 0.056847 | 2.335816 ± 0.237711 | 0.552414
0.98 | 1.02 | 2 | 1e-02 | 400 | 0.418724 ± 0.000803 | 0.073794 ± 0.002076 | 1.547340 ± 0.056844 | 2.335825 ± 0.237709 | 0.552414
0.98 | 1.02 | 2 | 5e+00 | 500 | 0.418695 ± 0.000807 | 0.073794 ± 0.002081 | 1.547340 ± 0.054248 | 2.325038 ± 0.237624 | 0.552565
0.98 | 1.02 | 2 | 1e+00 | 500 | 0.418723 ± 0.000803 | 0.073794 ± 0.002053 | 1.547340 ± 0.056692 | 2.335820 ± 0.237806 | 0.552415
0.98 | 1.02 | 2 | 1e-01 | 500 | 0.418724 ± 0.000803 | 0.073794 ± 0.002075 | 1.547340 ± 0.056847 | 2.335816 ± 0.237711 | 0.552414
0.98 | 1.02 | 2 | 1e-02 | 500 | 0.418724 ± 0.000803 | 0.073794 ± 0.002076 | 1.547340 ± 0.056844 | 2.335825 ± 0.237709 | 0.552414
0.98 | 1.02 | 2 | 5e+00 | 600 | 0.418695 ± 0.000807 | 0.073794 ± 0.002081 | 1.547340 ± 0.054248 | 2.325038 ± 0.237624 | 0.552565
0.98 | 1.02 | 2 | 1e+00 | 600 | 0.418723 ± 0.000803 | 0.073794 ± 0.002053 | 1.547340 ± 0.056692 | 2.335820 ± 0.237806 | 0.552415
0.98 | 1.02 | 2 | 1e-01 | 600 | 0.418724 ± 0.000803 | 0.073794 ± 0.002075 | 1.547340 ± 0.056847 | 2.335816 ± 0.237711 | 0.552414
0.98 | 1.02 | 2 | 1e-02 | 600 | 0.418724 ± 0.000803 | 0.073794 ± 0.002076 | 1.547340 ± 0.056844 | 2.335825 ± 0.237709 | 0.552414
0.98 | 1.02 | 2 | 5e+00 | 700 | 0.418695 ± 0.000807 | 0.073794 ± 0.002081 | 1.547340 ± 0.054248 | 2.325038 ± 0.237624 | 0.552565
0.98 | 1.02 | 2 | 1e+00 | 700 | 0.418723 ± 0.000803 | 0.073794 ± 0.002053 | 1.547340 ± 0.056692 | 2.335820 ± 0.237806 | 0.552415
0.98 | 1.02 | 2 | 1e-01 | 700 | 0.418724 ± 0.000803 | 0.073794 ± 0.002075 | 1.547340 ± 0.056847 | 2.335816 ± 0.237711 | 0.552414
0.98 | 1.02 | 2 | 1e-02 | 700 | 0.418724 ± 0.000803 | 0.073794 ± 0.002076 | 1.547340 ± 0.056844 | 2.335825 ± 0.237709 | 0.552414
0.98 | 1.02 | 2 | 5e+00 | 800 | 0.418695 ± 0.000807 | 0.073794 ± 0.002081 | 1.547340 ± 0.054248 | 2.325038 ± 0.237624 | 0.552565
0.98 | 1.02 | 2 | 1e+00 | 800 | 0.418723 ± 0.000803 | 0.073794 ± 0.002053 | 1.547340 ± 0.056692 | 2.335820 ± 0.237806 | 0.552415
0.98 | 1.02 | 2 | 1e-01 | 800 | 0.418724 ± 0.000803 | 0.073794 ± 0.002075 | 1.547340 ± 0.056847 | 2.335816 ± 0.237711 | 0.552414
0.98 | 1.02 | 2 | 1e-02 | 800 | 0.418724 ± 0.000803 | 0.073794 ± 0.002076 | 1.547340 ± 0.056844 | 2.335825 ± 0.237709 | 0.552414
0.99 | 1.01 | 0 | 5e+00 | 300 | 0.421147 ± 0.000769 | 0.074547 ± 0.001500 | 1.532154 ± 0.030246 | 2.460379 ± 0.235556 | 0.609631
0.99 | 1.01 | 0 | 1e+00 | 300 | 0.421147 ± 0.000778 | 0.074548 ± 0.001225 | 1.532169 ± 0.030221 | 2.469054 ± 0.236493 | 0.609360
0.99 | 1.01 | 0 | 1e-01 | 300 | 0.421145 ± 0.000749 | 0.074547 ± 0.001208 | 1.532170 ± 0.030238 | 2.469299 ± 0.236447 | 0.609276
0.99 | 1.01 | 0 | 1e-02 | 300 | 0.421147 ± 0.000749 | 0.074547 ± 0.001216 | 1.532170 ± 0.030270 | 2.470030 ± 0.236402 | 0.609275
0.99 | 1.01 | 0 | 5e+00 | 400 | 0.421147 ± 0.000769 | 0.074547 ± 0.001500 | 1.532154 ± 0.030246 | 2.460379 ± 0.235556 | 0.609631
0.99 | 1.01 | 0 | 1e+00 | 400 | 0.421147 ± 0.000778 | 0.074548 ± 0.001225 | 1.532169 ± 0.030221 | 2.469054 ± 0.236493 | 0.609360
0.99 | 1.01 | 0 | 1e-01 | 400 | 0.421145 ± 0.000749 | 0.074547 ± 0.001208 | 1.532170 ± 0.030238 | 2.469299 ± 0.236447 | 0.609276
0.99 | 1.01 | 0 | 1e-02 | 400 | 0.421147 ± 0.000749 | 0.074547 ± 0.001216 | 1.532170 ± 0.030270 | 2.470030 ± 0.236402 | 0.609275
0.99 | 1.01 | 0 | 5e+00 | 500 | 0.421147 ± 0.000769 | 0.074547 ± 0.001500 | 1.532154 ± 0.030246 | 2.460379 ± 0.235556 | 0.609631
0.99 | 1.01 | 0 | 1e+00 | 500 | 0.421147 ± 0.000778 | 0.074548 ± 0.001225 | 1.532169 ± 0.030221 | 2.469054 ± 0.236493 | 0.609360
0.99 | 1.01 | 0 | 1e-01 | 500 | 0.421145 ± 0.000749 | 0.074547 ± 0.001208 | 1.532170 ± 0.030238 | 2.469299 ± 0.236447 | 0.609276
0.99 | 1.01 | 0 | 1e-02 | 500 | 0.421147 ± 0.000749 | 0.074547 ± 0.001216 | 1.532170 ± 0.030270 | 2.470030 ± 0.236402 | 0.609275
0.99 | 1.01 | 0 | 5e+00 | 600 | 0.421147 ± 0.000769 | 0.074547 ± 0.001500 | 1.532154 ± 0.030246 | 2.460379 ± 0.235556 | 0.609631
0.99 | 1.01 | 0 | 1e+00 | 600 | 0.421147 ± 0.000778 | 0.074548 ± 0.001225 | 1.532169 ± 0.030221 | 2.469054 ± 0.236493 | 0.609360
0.99 | 1.01 | 0 | 1e-01 | 600 | 0.421145 ± 0.000749 | 0.074547 ± 0.001208 | 1.532170 ± 0.030238 | 2.469299 ± 0.236447 | 0.609276
0.99 | 1.01 | 0 | 1e-02 | 600 | 0.421147 ± 0.000749 | 0.074547 ± 0.001216 | 1.532170 ± 0.030270 | 2.470030 ± 0.236402 | 0.609275
0.99 | 1.01 | 0 | 5e+00 | 700 | 0.421147 ± 0.000769 | 0.074547 ± 0.001500 | 1.532154 ± 0.030246 | 2.460379 ± 0.235556 | 0.609631
0.99 | 1.01 | 0 | 1e+00 | 700 | 0.421147 ± 0.000778 | 0.074548 ± 0.001225 | 1.532169 ± 0.030221 | 2.469054 ± 0.236493 | 0.609360
0.99 | 1.01 | 0 | 1e-01 | 700 | 0.421145 ± 0.000749 | 0.074547 ± 0.001208 | 1.532170 ± 0.030238 | 2.469299 ± 0.236447 | 0.609276
0.99 | 1.01 | 0 | 1e-02 | 700 | 0.421147 ± 0.000749 | 0.074547 ± 0.001216 | 1.532170 ± 0.030270 | 2.470030 ± 0.236402 | 0.609275
0.99 | 1.01 | 0 | 5e+00 | 800 | 0.421147 ± 0.000769 | 0.074547 ± 0.001500 | 1.532154 ± 0.030246 | 2.460379 ± 0.235556 | 0.609631
0.99 | 1.01 | 0 | 1e+00 | 800 | 0.421147 ± 0.000778 | 0.074548 ± 0.001225 | 1.532169 ± 0.030221 | 2.469054 ± 0.236493 | 0.609360
0.99 | 1.01 | 0 | 1e-01 | 800 | 0.421145 ± 0.000749 | 0.074547 ± 0.001208 | 1.532170 ± 0.030238 | 2.469299 ± 0.236447 | 0.609276
0.99 | 1.01 | 0 | 1e-02 | 800 | 0.421147 ± 0.000749 | 0.074547 ± 0.001216 | 1.532170 ± 0.030270 | 2.470030 ± 0.236402 | 0.609275
0.99 | 1.01 | 2 | 5e+00 | 300 | 0.421417 ± 0.001427 | 0.074695 ± 0.000795 | 1.532045 ± 0.027856 | 2.461316 ± 0.243097 | 0.620993
0.99 | 1.01 | 2 | 5e+00 | 400 | 0.421149 ± 0.000750 | 0.074547 ± 0.001251 | 1.532170 ± 0.030299 | 2.469577 ± 0.236254 | 0.609281
0.99 | 1.01 | 2 | 1e+00 | 400 | 0.421149 ± 0.000750 | 0.074547 ± 0.001251 | 1.532170 ± 0.030299 | 2.469577 ± 0.236254 | 0.609281
0.99 | 1.01 | 2 | 1e-01 | 400 | 0.421144 ± 0.000750 | 0.074547 ± 0.001192 | 1.532169 ± 0.030253 | 2.469626 ± 0.236551 | 0.609278
0.99 | 1.01 | 2 | 1e-02 | 400 | 0.421147 ± 0.000749 | 0.074547 ± 0.001210 | 1.532170 ± 0.030270 | 2.469988 ± 0.236448 | 0.609274
0.99 | 1.01 | 2 | 5e+00 | 500 | 0.421149 ± 0.000751 | 0.074547 ± 0.001255 | 1.532170 ± 0.030296 | 2.469204 ± 0.236242 | 0.609285
0.99 | 1.01 | 2 | 1e+00 | 500 | 0.421149 ± 0.000751 | 0.074547 ± 0.001255 | 1.532170 ± 0.030296 | 2.469204 ± 0.236242 | 0.609285
0.99 | 1.01 | 2 | 1e-01 | 500 | 0.421146 ± 0.000749 | 0.074547 ± 0.001223 | 1.532170 ± 0.030267 | 2.469353 ± 0.236371 | 0.609275
0.99 | 1.01 | 2 | 1e-02 | 500 | 0.421146 ± 0.000749 | 0.074547 ± 0.001223 | 1.532170 ± 0.030267 | 2.469353 ± 0.236371 | 0.609275
0.99 | 1.01 | 2 | 5e+00 | 600 | 0.421149 ± 0.000751 | 0.074547 ± 0.001261 | 1.532170 ± 0.030298 | 2.469168 ± 0.236212 | 0.609287
0.99 | 1.01 | 2 | 1e+00 | 600 | 0.421149 ± 0.000751 | 0.074547 ± 0.001261 | 1.532170 ± 0.030298 | 2.469168 ± 0.236212 | 0.609287
0.99 | 1.01 | 2 | 1e-01 | 600 | 0.421146 ± 0.000749 | 0.074547 ± 0.001224 | 1.532170 ± 0.030267 | 2.469348 ± 0.236370 | 0.609275
0.99 | 1.01 | 2 | 1e-02 | 600 | 0.421146 ± 0.000749 | 0.074547 ± 0.001224 | 1.532170 ± 0.030267 | 2.469348 ± 0.236370 | 0.609275
0.99 | 1.01 | 2 | 5e+00 | 700 | 0.421149 ± 0.000751 | 0.074547 ± 0.001261 | 1.532170 ± 0.030298 | 2.469168 ± 0.236212 | 0.609287
0.99 | 1.01 | 2 | 1e+00 | 700 | 0.421149 ± 0.000751 | 0.074547 ± 0.001261 | 1.532170 ± 0.030298 | 2.469168 ± 0.236212 | 0.609287
0.99 | 1.01 | 2 | 1e-01 | 700 | 0.421146 ± 0.000749 | 0.074547 ± 0.001224 | 1.532170 ± 0.030267 | 2.469348 ± 0.236370 | 0.609275
0.99 | 1.01 | 2 | 1e-02 | 700 | 0.421146 ± 0.000749 | 0.074547 ± 0.001224 | 1.532170 ± 0.030267 | 2.469348 ± 0.236370 | 0.609275
0.99 | 1.01 | 2 | 5e+00 | 800 | 0.421149 ± 0.000751 | 0.074547 ± 0.001261 | 1.532170 ± 0.030298 | 2.469168 ± 0.236212 | 0.609287
0.99 | 1.01 | 2 | 1e+00 | 800 | 0.421149 ± 0.000751 | 0.074547 ± 0.001261 | 1.532170 ± 0.030298 | 2.469168 ± 0.236212 | 0.609287
0.99 | 1.01 | 2 | 1e-01 | 800 | 0.421146 ± 0.000749 | 0.074547 ± 0.001224 | 1.532170 ± 0.030267 | 2.469348 ± 0.236370 | 0.609275
0.99 | 1.01 | 2 | 1e-02 | 800 | 0.421146 ± 0.000749 | 0.074547 ± 0.001224 | 1.532170 ± 0.030267 | 2.469348 ± 0.236370 | 0.609275
