Otimização para pl em ATLAS - Limites: eps_0_mg_1_a1_1_a2_1
Configuração: down | up | strategy | tol | migrad | mg ± error | eps ± error | a1 ± error | a2 ± error | χ²/ndof
======================================================================================================================================================
0.95 | 1.05 | 0 | 1e+00 | 500 | 0.411111 ± 0.004202 | 0.071536 ± 0.001533 | 1.597914 ± 0.113676 | 1.892513 ± 0.826260 | 0.427281
0.95 | 1.05 | 0 | 1e-01 | 500 | 0.411111 ± 0.004202 | 0.071536 ± 0.001533 | 1.597914 ± 0.113676 | 1.892513 ± 0.826260 | 0.427281
0.95 | 1.05 | 0 | 1e+00 | 600 | 0.411111 ± 0.004202 | 0.071536 ± 0.001533 | 1.597914 ± 0.113676 | 1.892513 ± 0.826260 | 0.427281
0.95 | 1.05 | 0 | 1e-01 | 600 | 0.411043 ± 0.004170 | 0.071535 ± 0.004640 | 1.599650 ± 0.112286 | 1.878544 ± 0.815698 | 0.427235
0.95 | 1.05 | 0 | 1e-02 | 600 | 0.411055 ± 0.004167 | 0.071535 ± 0.004643 | 1.599323 ± 0.112326 | 1.880946 ± 0.815875 | 0.427234
0.95 | 1.05 | 0 | 1e+00 | 700 | 0.411111 ± 0.004202 | 0.071536 ± 0.001533 | 1.597914 ± 0.113676 | 1.892513 ± 0.826260 | 0.427281
0.95 | 1.05 | 0 | 1e-01 | 700 | 0.411043 ± 0.004170 | 0.071535 ± 0.004640 | 1.599650 ± 0.112286 | 1.878544 ± 0.815698 | 0.427235
0.95 | 1.05 | 0 | 1e-02 | 700 | 0.411055 ± 0.004167 | 0.071535 ± 0.004643 | 1.599323 ± 0.112326 | 1.880946 ± 0.815875 | 0.427234
0.95 | 1.05 | 0 | 1e+00 | 800 | 0.411111 ± 0.004202 | 0.071536 ± 0.001533 | 1.597914 ± 0.113676 | 1.892513 ± 0.826260 | 0.427281
0.95 | 1.05 | 0 | 1e-01 | 800 | 0.411043 ± 0.004170 | 0.071535 ± 0.004640 | 1.599650 ± 0.112286 | 1.878544 ± 0.815698 | 0.427235
0.95 | 1.05 | 0 | 1e-02 | 800 | 0.411055 ± 0.004167 | 0.071535 ± 0.004643 | 1.599323 ± 0.112326 | 1.880946 ± 0.815875 | 0.427234
0.95 | 1.05 | 2 | 5e+00 | 400 | 0.410932 ± 0.004926 | 0.071578 ± 0.000720 | 1.604614 ± 0.127189 | 1.842961 ± 0.939708 | 0.429366
0.95 | 1.05 | 2 | 5e+00 | 500 | 0.411021 ± 0.004544 | 0.071545 ± 0.000951 | 1.599960 ± 0.120552 | 1.872088 ± 0.883508 | 0.427753
0.95 | 1.05 | 2 | 1e+00 | 500 | 0.410920 ± 0.004737 | 0.071544 ± 0.000795 | 1.602469 ± 0.124401 | 1.854619 ± 0.916369 | 0.427936
0.95 | 1.05 | 2 | 5e+00 | 600 | 0.411021 ± 0.004544 | 0.071545 ± 0.000951 | 1.599960 ± 0.120552 | 1.872088 ± 0.883508 | 0.427753
0.95 | 1.05 | 2 | 1e+00 | 600 | 0.411073 ± 0.004342 | 0.071536 ± 0.001190 | 1.598712 ± 0.116804 | 1.886193 ± 0.852212 | 0.427311
0.95 | 1.05 | 2 | 1e-01 | 600 | 0.411049 ± 0.004196 | 0.071535 ± 0.001626 | 1.599442 ± 0.112984 | 1.879938 ± 0.821359 | 0.427235
0.95 | 1.05 | 2 | 1e-02 | 600 | 0.411049 ± 0.004196 | 0.071535 ± 0.001626 | 1.599442 ± 0.112984 | 1.879938 ± 0.821359 | 0.427235
0.95 | 1.05 | 2 | 5e+00 | 700 | 0.411021 ± 0.004544 | 0.071545 ± 0.000951 | 1.599960 ± 0.120552 | 1.872088 ± 0.883508 | 0.427753
0.95 | 1.05 | 2 | 1e+00 | 700 | 0.411073 ± 0.004342 | 0.071536 ± 0.001190 | 1.598712 ± 0.116804 | 1.886193 ± 0.852212 | 0.427311
0.95 | 1.05 | 2 | 1e-01 | 700 | 0.411049 ± 0.004207 | 0.071535 ± 0.001626 | 1.599442 ± 0.113251 | 1.879938 ± 0.823425 | 0.427235
0.95 | 1.05 | 2 | 1e-02 | 700 | 0.411056 ± 0.004177 | 0.071535 ± 0.004642 | 1.599310 ± 0.112582 | 1.881071 ± 0.817856 | 0.427234
0.95 | 1.05 | 2 | 5e+00 | 800 | 0.411021 ± 0.004544 | 0.071545 ± 0.000951 | 1.599960 ± 0.120552 | 1.872088 ± 0.883508 | 0.427753
0.95 | 1.05 | 2 | 1e+00 | 800 | 0.411073 ± 0.004342 | 0.071536 ± 0.001190 | 1.598712 ± 0.116804 | 1.886193 ± 0.852212 | 0.427311
0.95 | 1.05 | 2 | 1e-01 | 800 | 0.411049 ± 0.004207 | 0.071535 ± 0.001626 | 1.599442 ± 0.113251 | 1.879938 ± 0.823425 | 0.427235
0.95 | 1.05 | 2 | 1e-02 | 800 | 0.411056 ± 0.004177 | 0.071535 ± 0.004642 | 1.599310 ± 0.112582 | 1.881071 ± 0.817856 | 0.427234
0.96 | 1.04 | 0 | 1e+00 | 500 | 0.412766 ± 0.004221 | 0.072288 ± 0.003726 | 1.607336 ± 0.113045 | 1.857353 ± 0.821960 | 0.456605
0.96 | 1.04 | 0 | 1e-01 | 500 | 0.412784 ± 0.004216 | 0.072288 ± 0.003733 | 1.607001 ± 0.113179 | 1.861603 ± 0.822864 | 0.456584
0.96 | 1.04 | 0 | 1e-02 | 500 | 0.412784 ± 0.004216 | 0.072288 ± 0.003733 | 1.607001 ± 0.113179 | 1.861603 ± 0.822864 | 0.456584
0.96 | 1.04 | 0 | 1e+00 | 600 | 0.412766 ± 0.004221 | 0.072288 ± 0.003726 | 1.607336 ± 0.113045 | 1.857353 ± 0.821960 | 0.456605
0.96 | 1.04 | 0 | 1e-01 | 600 | 0.412784 ± 0.004216 | 0.072288 ± 0.003733 | 1.607001 ± 0.113179 | 1.861603 ± 0.822864 | 0.456584
0.96 | 1.04 | 0 | 1e-02 | 600 | 0.412791 ± 0.004172 | 0.072288 ± 0.003814 | 1.606932 ± 0.112150 | 1.862423 ± 0.814341 | 0.456581
0.96 | 1.04 | 0 | 1e+00 | 700 | 0.412766 ± 0.004221 | 0.072288 ± 0.003726 | 1.607336 ± 0.113045 | 1.857353 ± 0.821960 | 0.456605
0.96 | 1.04 | 0 | 1e-01 | 700 | 0.412784 ± 0.004216 | 0.072288 ± 0.003733 | 1.607001 ± 0.113179 | 1.861603 ± 0.822864 | 0.456584
0.96 | 1.04 | 0 | 1e-02 | 700 | 0.412791 ± 0.004172 | 0.072288 ± 0.003814 | 1.606932 ± 0.112150 | 1.862423 ± 0.814341 | 0.456581
0.96 | 1.04 | 0 | 1e+00 | 800 | 0.412766 ± 0.004221 | 0.072288 ± 0.003726 | 1.607336 ± 0.113045 | 1.857353 ± 0.821960 | 0.456605
0.96 | 1.04 | 0 | 1e-01 | 800 | 0.412784 ± 0.004216 | 0.072288 ± 0.003733 | 1.607001 ± 0.113179 | 1.861603 ± 0.822864 | 0.456584
0.96 | 1.04 | 0 | 1e-02 | 800 | 0.412791 ± 0.004172 | 0.072288 ± 0.003814 | 1.606932 ± 0.112150 | 1.862423 ± 0.814341 | 0.456581
0.96 | 1.04 | 2 | 5e+00 | 300 | 0.413004 ± 0.005979 | 0.072475 ± 0.000557 | 1.615102 ± 0.151369 | 1.833256 ± 1.134364 | 0.466516
0.96 | 1.04 | 2 | 5e+00 | 400 | 0.412870 ± 0.004837 | 0.072312 ± 0.000660 | 1.606019 ± 0.128273 | 1.874660 ± 0.945127 | 0.458039
0.96 | 1.04 | 2 | 5e+00 | 500 | 0.412687 ± 0.004197 | 0.072289 ± 0.003840 | 1.609168 ± 0.111500 | 1.839940 ± 0.810214 | 0.456712
0.96 | 1.04 | 2 | 1e+00 | 500 | 0.412915 ± 0.004889 | 0.072312 ± 0.000631 | 1.604241 ± 0.129999 | 1.882166 ± 0.958298 | 0.458142
0.96 | 1.04 | 2 | 5e+00 | 600 | 0.412687 ± 0.004208 | 0.072289 ± 0.003832 | 1.609168 ± 0.111773 | 1.839940 ± 0.812331 | 0.456712
0.96 | 1.04 | 2 | 1e+00 | 600 | 0.412854 ± 0.004194 | 0.072290 ± 0.003719 | 1.605121 ± 0.112975 | 1.873432 ± 0.820269 | 0.456693
0.96 | 1.04 | 2 | 1e-01 | 600 | 0.412798 ± 0.004275 | 0.072288 ± 0.001263 | 1.606487 ± 0.114752 | 1.864994 ± 0.835551 | 0.456603
0.96 | 1.04 | 2 | 5e+00 | 700 | 0.412687 ± 0.004208 | 0.072289 ± 0.003832 | 1.609168 ± 0.111773 | 1.839940 ± 0.812331 | 0.456712
0.96 | 1.04 | 2 | 1e+00 | 700 | 0.412854 ± 0.004204 | 0.072290 ± 0.003712 | 1.605121 ± 0.113239 | 1.873432 ± 0.822314 | 0.456693
0.96 | 1.04 | 2 | 1e-01 | 700 | 0.412781 ± 0.004187 | 0.072288 ± 0.003806 | 1.607216 ± 0.112411 | 1.860515 ± 0.816495 | 0.456584
0.96 | 1.04 | 2 | 1e-02 | 700 | 0.412789 ± 0.004186 | 0.072288 ± 0.003809 | 1.606943 ± 0.112487 | 1.862144 ± 0.817001 | 0.456581
0.96 | 1.04 | 2 | 5e+00 | 800 | 0.412687 ± 0.004208 | 0.072289 ± 0.003832 | 1.609168 ± 0.111773 | 1.839940 ± 0.812331 | 0.456712
0.96 | 1.04 | 2 | 1e+00 | 800 | 0.412854 ± 0.004204 | 0.072290 ± 0.003712 | 1.605121 ± 0.113239 | 1.873432 ± 0.822314 | 0.456693
0.96 | 1.04 | 2 | 1e-01 | 800 | 0.412781 ± 0.004187 | 0.072288 ± 0.003806 | 1.607216 ± 0.112411 | 1.860515 ± 0.816495 | 0.456584
0.96 | 1.04 | 2 | 1e-02 | 800 | 0.412789 ± 0.004186 | 0.072288 ± 0.003809 | 1.606943 ± 0.112487 | 1.862144 ± 0.817001 | 0.456581
0.97 | 1.03 | 0 | 1e+00 | 400 | 0.414751 ± 0.004837 | 0.073066 ± 0.000611 | 1.609709 ± 0.129359 | 1.881970 ± 0.951759 | 0.489831
0.97 | 1.03 | 0 | 1e+00 | 500 | 0.414570 ± 0.004193 | 0.073044 ± 0.002918 | 1.613990 ± 0.112382 | 1.850371 ± 0.815766 | 0.488193
0.97 | 1.03 | 0 | 1e-01 | 500 | 0.414531 ± 0.004178 | 0.073041 ± 0.002989 | 1.614506 ± 0.111936 | 1.843031 ± 0.812518 | 0.488058
0.97 | 1.03 | 0 | 1e-02 | 500 | 0.414531 ± 0.004178 | 0.073041 ± 0.002989 | 1.614506 ± 0.111936 | 1.843031 ± 0.812518 | 0.488058
0.97 | 1.03 | 0 | 1e+00 | 600 | 0.414570 ± 0.004193 | 0.073044 ± 0.002918 | 1.613990 ± 0.112382 | 1.850371 ± 0.815766 | 0.488193
0.97 | 1.03 | 0 | 1e-01 | 600 | 0.414531 ± 0.004178 | 0.073041 ± 0.002989 | 1.614506 ± 0.111936 | 1.843031 ± 0.812518 | 0.488058
0.97 | 1.03 | 0 | 1e-02 | 600 | 0.414536 ± 0.004182 | 0.073041 ± 0.002984 | 1.614405 ± 0.112085 | 1.844188 ± 0.813680 | 0.488056
0.97 | 1.03 | 0 | 1e+00 | 700 | 0.414570 ± 0.004193 | 0.073044 ± 0.002918 | 1.613990 ± 0.112382 | 1.850371 ± 0.815766 | 0.488193
0.97 | 1.03 | 0 | 1e-01 | 700 | 0.414531 ± 0.004178 | 0.073041 ± 0.002989 | 1.614506 ± 0.111936 | 1.843031 ± 0.812518 | 0.488058
0.97 | 1.03 | 0 | 1e-02 | 700 | 0.414536 ± 0.004182 | 0.073041 ± 0.002984 | 1.614405 ± 0.112085 | 1.844188 ± 0.813680 | 0.488056
0.97 | 1.03 | 0 | 1e+00 | 800 | 0.414570 ± 0.004193 | 0.073044 ± 0.002918 | 1.613990 ± 0.112382 | 1.850371 ± 0.815766 | 0.488193
0.97 | 1.03 | 0 | 1e-01 | 800 | 0.414531 ± 0.004178 | 0.073041 ± 0.002989 | 1.614506 ± 0.111936 | 1.843031 ± 0.812518 | 0.488058
0.97 | 1.03 | 0 | 1e-02 | 800 | 0.414536 ± 0.004182 | 0.073041 ± 0.002984 | 1.614405 ± 0.112085 | 1.844188 ± 0.813680 | 0.488056
0.97 | 1.03 | 2 | 5e+00 | 400 | 0.415008 ± 0.004649 | 0.073085 ± 0.000680 | 1.603654 ± 0.125834 | 1.921030 ± 0.919985 | 0.491033
0.97 | 1.03 | 2 | 1e+00 | 400 | 0.414465 ± 0.004377 | 0.073053 ± 0.002740 | 1.616045 ± 0.114815 | 1.823652 ± 0.836978 | 0.488730
0.97 | 1.03 | 2 | 5e+00 | 500 | 0.414584 ± 0.004499 | 0.073048 ± 0.000868 | 1.613092 ± 0.119958 | 1.853872 ± 0.877347 | 0.488480
0.97 | 1.03 | 2 | 1e+00 | 500 | 0.414529 ± 0.004322 | 0.073041 ± 0.002795 | 1.614432 ± 0.115503 | 1.844701 ± 0.841781 | 0.488095
0.97 | 1.03 | 2 | 1e-01 | 500 | 0.414548 ± 0.004183 | 0.073041 ± 0.002969 | 1.614025 ± 0.112191 | 1.846425 ± 0.814379 | 0.488065
0.97 | 1.03 | 2 | 1e-02 | 500 | 0.414548 ± 0.004183 | 0.073041 ± 0.002969 | 1.614025 ± 0.112191 | 1.846425 ± 0.814379 | 0.488065
0.97 | 1.03 | 2 | 5e+00 | 600 | 0.414584 ± 0.004499 | 0.073048 ± 0.000868 | 1.613092 ± 0.119958 | 1.853872 ± 0.877347 | 0.488480
0.97 | 1.03 | 2 | 1e+00 | 600 | 0.414529 ± 0.004334 | 0.073041 ± 0.002794 | 1.614432 ± 0.115804 | 1.844701 ± 0.844114 | 0.488095
0.97 | 1.03 | 2 | 1e-01 | 600 | 0.414548 ± 0.004194 | 0.073041 ± 0.002966 | 1.614025 ± 0.112471 | 1.846425 ± 0.816550 | 0.488065
0.97 | 1.03 | 2 | 1e-02 | 600 | 0.414534 ± 0.004194 | 0.073041 ± 0.002982 | 1.614455 ± 0.112376 | 1.843784 ± 0.815977 | 0.488056
0.97 | 1.03 | 2 | 5e+00 | 700 | 0.414584 ± 0.004499 | 0.073048 ± 0.000868 | 1.613092 ± 0.119958 | 1.853872 ± 0.877347 | 0.488480
0.97 | 1.03 | 2 | 1e+00 | 700 | 0.414529 ± 0.004334 | 0.073041 ± 0.002794 | 1.614432 ± 0.115804 | 1.844701 ± 0.844114 | 0.488095
0.97 | 1.03 | 2 | 1e-01 | 700 | 0.414548 ± 0.004194 | 0.073041 ± 0.002966 | 1.614025 ± 0.112471 | 1.846425 ± 0.816550 | 0.488065
0.97 | 1.03 | 2 | 1e-02 | 700 | 0.414534 ± 0.004194 | 0.073041 ± 0.002982 | 1.614455 ± 0.112376 | 1.843784 ± 0.815977 | 0.488056
0.97 | 1.03 | 2 | 5e+00 | 800 | 0.414584 ± 0.004499 | 0.073048 ± 0.000868 | 1.613092 ± 0.119958 | 1.853872 ± 0.877347 | 0.488480
0.97 | 1.03 | 2 | 1e+00 | 800 | 0.414529 ± 0.004334 | 0.073041 ± 0.002794 | 1.614432 ± 0.115804 | 1.844701 ± 0.844114 | 0.488095
0.97 | 1.03 | 2 | 1e-01 | 800 | 0.414548 ± 0.004194 | 0.073041 ± 0.002966 | 1.614025 ± 0.112471 | 1.846425 ± 0.816550 | 0.488065
0.97 | 1.03 | 2 | 1e-02 | 800 | 0.414534 ± 0.004194 | 0.073041 ± 0.002982 | 1.614455 ± 0.112376 | 1.843784 ± 0.815977 | 0.488056
0.98 | 1.02 | 0 | 1e+00 | 300 | 0.416419 ± 0.004114 | 0.073794 ± 0.002192 | 1.618729 ± 0.111299 | 1.850990 ± 0.805488 | 0.521746
0.98 | 1.02 | 0 | 1e-01 | 300 | 0.416330 ± 0.004215 | 0.073795 ± 0.002085 | 1.620876 ± 0.112920 | 1.834025 ± 0.819900 | 0.521702
0.98 | 1.02 | 0 | 1e-02 | 300 | 0.416270 ± 0.004182 | 0.073794 ± 0.002165 | 1.622395 ± 0.111571 | 1.821716 ± 0.809591 | 0.521665
0.98 | 1.02 | 0 | 1e+00 | 400 | 0.416419 ± 0.004114 | 0.073794 ± 0.002192 | 1.618729 ± 0.111299 | 1.850990 ± 0.805488 | 0.521746
0.98 | 1.02 | 0 | 1e-01 | 400 | 0.416330 ± 0.004215 | 0.073795 ± 0.002085 | 1.620876 ± 0.112920 | 1.834025 ± 0.819900 | 0.521702
0.98 | 1.02 | 0 | 1e-02 | 400 | 0.416293 ± 0.004180 | 0.073794 ± 0.002161 | 1.621865 ± 0.111772 | 1.826652 ± 0.810957 | 0.521657
0.98 | 1.02 | 0 | 1e+00 | 500 | 0.416419 ± 0.004114 | 0.073794 ± 0.002192 | 1.618729 ± 0.111299 | 1.850990 ± 0.805488 | 0.521746
0.98 | 1.02 | 0 | 1e-01 | 500 | 0.416330 ± 0.004215 | 0.073795 ± 0.002085 | 1.620876 ± 0.112920 | 1.834025 ± 0.819900 | 0.521702
0.98 | 1.02 | 0 | 1e-02 | 500 | 0.416293 ± 0.004180 | 0.073794 ± 0.002161 | 1.621865 ± 0.111772 | 1.826652 ± 0.810957 | 0.521657
0.98 | 1.02 | 0 | 1e+00 | 600 | 0.416419 ± 0.004114 | 0.073794 ± 0.002192 | 1.618729 ± 0.111299 | 1.850990 ± 0.805488 | 0.521746
0.98 | 1.02 | 0 | 1e-01 | 600 | 0.416330 ± 0.004215 | 0.073795 ± 0.002085 | 1.620876 ± 0.112920 | 1.834025 ± 0.819900 | 0.521702
0.98 | 1.02 | 0 | 1e-02 | 600 | 0.416293 ± 0.004180 | 0.073794 ± 0.002161 | 1.621865 ± 0.111772 | 1.826652 ± 0.810957 | 0.521657
0.98 | 1.02 | 0 | 1e+00 | 700 | 0.416419 ± 0.004114 | 0.073794 ± 0.002192 | 1.618729 ± 0.111299 | 1.850990 ± 0.805488 | 0.521746
0.98 | 1.02 | 0 | 1e-01 | 700 | 0.416330 ± 0.004215 | 0.073795 ± 0.002085 | 1.620876 ± 0.112920 | 1.834025 ± 0.819900 | 0.521702
0.98 | 1.02 | 0 | 1e-02 | 700 | 0.416293 ± 0.004180 | 0.073794 ± 0.002161 | 1.621865 ± 0.111772 | 1.826652 ± 0.810957 | 0.521657
0.98 | 1.02 | 0 | 1e+00 | 800 | 0.416419 ± 0.004114 | 0.073794 ± 0.002192 | 1.618729 ± 0.111299 | 1.850990 ± 0.805488 | 0.521746
0.98 | 1.02 | 0 | 1e-01 | 800 | 0.416330 ± 0.004215 | 0.073795 ± 0.002085 | 1.620876 ± 0.112920 | 1.834025 ± 0.819900 | 0.521702
0.98 | 1.02 | 0 | 1e-02 | 800 | 0.416293 ± 0.004180 | 0.073794 ± 0.002161 | 1.621865 ± 0.111772 | 1.826652 ± 0.810957 | 0.521657
0.98 | 1.02 | 2 | 5e+00 | 400 | 0.416467 ± 0.004218 | 0.073804 ± 0.002017 | 1.617965 ± 0.113315 | 1.856640 ± 0.821482 | 0.522224
0.98 | 1.02 | 2 | 1e+00 | 400 | 0.416303 ± 0.004211 | 0.073794 ± 0.002104 | 1.621623 ± 0.112624 | 1.829005 ± 0.817830 | 0.521673
0.98 | 1.02 | 2 | 1e-01 | 400 | 0.416303 ± 0.004211 | 0.073794 ± 0.002104 | 1.621623 ± 0.112624 | 1.829005 ± 0.817830 | 0.521673
0.98 | 1.02 | 2 | 5e+00 | 500 | 0.416467 ± 0.004229 | 0.073804 ± 0.002011 | 1.617965 ± 0.113597 | 1.856640 ± 0.823668 | 0.522224
0.98 | 1.02 | 2 | 1e+00 | 500 | 0.416303 ± 0.004223 | 0.073794 ± 0.002102 | 1.621623 ± 0.112915 | 1.829005 ± 0.820090 | 0.521673
0.98 | 1.02 | 2 | 1e-01 | 500 | 0.416291 ± 0.004188 | 0.073794 ± 0.002151 | 1.621895 ± 0.111951 | 1.826304 ± 0.812449 | 0.521657
0.98 | 1.02 | 2 | 1e-02 | 500 | 0.416292 ± 0.004191 | 0.073794 ± 0.002162 | 1.621887 ± 0.112032 | 1.826376 ± 0.812978 | 0.521657
0.98 | 1.02 | 2 | 5e+00 | 600 | 0.416467 ± 0.004229 | 0.073804 ± 0.002011 | 1.617965 ± 0.113597 | 1.856640 ± 0.823668 | 0.522224
0.98 | 1.02 | 2 | 1e+00 | 600 | 0.416303 ± 0.004223 | 0.073794 ± 0.002102 | 1.621623 ± 0.112915 | 1.829005 ± 0.820090 | 0.521673
0.98 | 1.02 | 2 | 1e-01 | 600 | 0.416291 ± 0.004199 | 0.073794 ± 0.002151 | 1.621895 ± 0.112234 | 1.826304 ± 0.814644 | 0.521657
0.98 | 1.02 | 2 | 1e-02 | 600 | 0.416292 ± 0.004191 | 0.073794 ± 0.002162 | 1.621887 ± 0.112032 | 1.826376 ± 0.812978 | 0.521657
0.98 | 1.02 | 2 | 5e+00 | 700 | 0.416467 ± 0.004229 | 0.073804 ± 0.002011 | 1.617965 ± 0.113597 | 1.856640 ± 0.823668 | 0.522224
0.98 | 1.02 | 2 | 1e+00 | 700 | 0.416303 ± 0.004223 | 0.073794 ± 0.002102 | 1.621623 ± 0.112915 | 1.829005 ± 0.820090 | 0.521673
0.98 | 1.02 | 2 | 1e-01 | 700 | 0.416291 ± 0.004199 | 0.073794 ± 0.002151 | 1.621895 ± 0.112234 | 1.826304 ± 0.814644 | 0.521657
0.98 | 1.02 | 2 | 1e-02 | 700 | 0.416292 ± 0.004191 | 0.073794 ± 0.002162 | 1.621887 ± 0.112032 | 1.826376 ± 0.812978 | 0.521657
0.98 | 1.02 | 2 | 5e+00 | 800 | 0.416467 ± 0.004229 | 0.073804 ± 0.002011 | 1.617965 ± 0.113597 | 1.856640 ± 0.823668 | 0.522224
0.98 | 1.02 | 2 | 1e+00 | 800 | 0.416303 ± 0.004223 | 0.073794 ± 0.002102 | 1.621623 ± 0.112915 | 1.829005 ± 0.820090 | 0.521673
0.98 | 1.02 | 2 | 1e-01 | 800 | 0.416291 ± 0.004199 | 0.073794 ± 0.002151 | 1.621895 ± 0.112234 | 1.826304 ± 0.814644 | 0.521657
0.98 | 1.02 | 2 | 1e-02 | 800 | 0.416292 ± 0.004191 | 0.073794 ± 0.002162 | 1.621887 ± 0.112032 | 1.826376 ± 0.812978 | 0.521657
0.99 | 1.01 | 0 | 1e+00 | 300 | 0.418101 ± 0.004302 | 0.074547 ± 0.001186 | 1.628253 ± 0.115011 | 1.819945 ± 0.836819 | 0.557438
0.99 | 1.01 | 0 | 1e-01 | 300 | 0.418097 ± 0.004168 | 0.074547 ± 0.001285 | 1.628257 ± 0.111586 | 1.816468 ± 0.808766 | 0.557391
0.99 | 1.01 | 0 | 1e-02 | 300 | 0.418083 ± 0.004173 | 0.074547 ± 0.001286 | 1.628649 ± 0.111564 | 1.813766 ± 0.808778 | 0.557390
0.99 | 1.01 | 0 | 1e+00 | 400 | 0.418101 ± 0.004302 | 0.074547 ± 0.001186 | 1.628253 ± 0.115011 | 1.819945 ± 0.836819 | 0.557438
0.99 | 1.01 | 0 | 1e-01 | 400 | 0.418097 ± 0.004168 | 0.074547 ± 0.001285 | 1.628257 ± 0.111586 | 1.816468 ± 0.808766 | 0.557391
0.99 | 1.01 | 0 | 1e-02 | 400 | 0.418083 ± 0.004173 | 0.074547 ± 0.001286 | 1.628649 ± 0.111564 | 1.813766 ± 0.808778 | 0.557390
0.99 | 1.01 | 0 | 1e+00 | 500 | 0.418101 ± 0.004302 | 0.074547 ± 0.001186 | 1.628253 ± 0.115011 | 1.819945 ± 0.836819 | 0.557438
0.99 | 1.01 | 0 | 1e-01 | 500 | 0.418097 ± 0.004168 | 0.074547 ± 0.001285 | 1.628257 ± 0.111586 | 1.816468 ± 0.808766 | 0.557391
0.99 | 1.01 | 0 | 1e-02 | 500 | 0.418083 ± 0.004173 | 0.074547 ± 0.001286 | 1.628649 ± 0.111564 | 1.813766 ± 0.808778 | 0.557390
0.99 | 1.01 | 0 | 1e+00 | 600 | 0.418101 ± 0.004302 | 0.074547 ± 0.001186 | 1.628253 ± 0.115011 | 1.819945 ± 0.836819 | 0.557438
0.99 | 1.01 | 0 | 1e-01 | 600 | 0.418097 ± 0.004168 | 0.074547 ± 0.001285 | 1.628257 ± 0.111586 | 1.816468 ± 0.808766 | 0.557391
0.99 | 1.01 | 0 | 1e-02 | 600 | 0.418083 ± 0.004173 | 0.074547 ± 0.001286 | 1.628649 ± 0.111564 | 1.813766 ± 0.808778 | 0.557390
0.99 | 1.01 | 0 | 1e+00 | 700 | 0.418101 ± 0.004302 | 0.074547 ± 0.001186 | 1.628253 ± 0.115011 | 1.819945 ± 0.836819 | 0.557438
0.99 | 1.01 | 0 | 1e-01 | 700 | 0.418097 ± 0.004168 | 0.074547 ± 0.001285 | 1.628257 ± 0.111586 | 1.816468 ± 0.808766 | 0.557391
0.99 | 1.01 | 0 | 1e-02 | 700 | 0.418083 ± 0.004173 | 0.074547 ± 0.001286 | 1.628649 ± 0.111564 | 1.813766 ± 0.808778 | 0.557390
0.99 | 1.01 | 0 | 1e+00 | 800 | 0.418101 ± 0.004302 | 0.074547 ± 0.001186 | 1.628253 ± 0.115011 | 1.819945 ± 0.836819 | 0.557438
0.99 | 1.01 | 0 | 1e-01 | 800 | 0.418097 ± 0.004168 | 0.074547 ± 0.001285 | 1.628257 ± 0.111586 | 1.816468 ± 0.808766 | 0.557391
0.99 | 1.01 | 0 | 1e-02 | 800 | 0.418083 ± 0.004173 | 0.074547 ± 0.001286 | 1.628649 ± 0.111564 | 1.813766 ± 0.808778 | 0.557390
0.99 | 1.01 | 2 | 5e+00 | 300 | 0.418159 ± 0.004219 | 0.074551 ± 0.001205 | 1.626791 ± 0.113081 | 1.827821 ± 0.820248 | 0.557601
0.99 | 1.01 | 2 | 1e+00 | 300 | 0.418159 ± 0.004219 | 0.074551 ± 0.001205 | 1.626791 ± 0.113081 | 1.827821 ± 0.820248 | 0.557601
0.99 | 1.01 | 2 | 5e+00 | 400 | 0.418159 ± 0.004230 | 0.074551 ± 0.001201 | 1.626791 ± 0.113375 | 1.827821 ± 0.822529 | 0.557601
0.99 | 1.01 | 2 | 1e+00 | 400 | 0.418097 ± 0.004341 | 0.074547 ± 0.001166 | 1.627790 ± 0.115826 | 1.817815 ± 0.843285 | 0.557444
0.99 | 1.01 | 2 | 1e-01 | 400 | 0.418046 ± 0.004200 | 0.074547 ± 0.001273 | 1.629581 ± 0.111859 | 1.806707 ± 0.811536 | 0.557389
0.99 | 1.01 | 2 | 1e-02 | 400 | 0.418054 ± 0.004197 | 0.074547 ± 0.001268 | 1.629396 ± 0.111895 | 1.808454 ± 0.811870 | 0.557383
0.99 | 1.01 | 2 | 5e+00 | 500 | 0.418159 ± 0.004230 | 0.074551 ± 0.001201 | 1.626791 ± 0.113375 | 1.827821 ± 0.822529 | 0.557601
0.99 | 1.01 | 2 | 1e+00 | 500 | 0.418097 ± 0.004341 | 0.074547 ± 0.001166 | 1.627790 ± 0.115826 | 1.817815 ± 0.843285 | 0.557444
0.99 | 1.01 | 2 | 1e-01 | 500 | 0.418046 ± 0.004200 | 0.074547 ± 0.001273 | 1.629581 ± 0.111859 | 1.806707 ± 0.811536 | 0.557389
0.99 | 1.01 | 2 | 1e-02 | 500 | 0.418054 ± 0.004209 | 0.074547 ± 0.001268 | 1.629396 ± 0.112194 | 1.808454 ± 0.814183 | 0.557383
0.99 | 1.01 | 2 | 5e+00 | 600 | 0.418159 ± 0.004230 | 0.074551 ± 0.001201 | 1.626791 ± 0.113375 | 1.827821 ± 0.822529 | 0.557601
0.99 | 1.01 | 2 | 1e+00 | 600 | 0.418097 ± 0.004341 | 0.074547 ± 0.001166 | 1.627790 ± 0.115826 | 1.817815 ± 0.843285 | 0.557444
0.99 | 1.01 | 2 | 1e-01 | 600 | 0.418046 ± 0.004200 | 0.074547 ± 0.001273 | 1.629581 ± 0.111859 | 1.806707 ± 0.811536 | 0.557389
0.99 | 1.01 | 2 | 1e-02 | 600 | 0.418054 ± 0.004209 | 0.074547 ± 0.001268 | 1.629396 ± 0.112194 | 1.808454 ± 0.814183 | 0.557383
0.99 | 1.01 | 2 | 5e+00 | 700 | 0.418159 ± 0.004230 | 0.074551 ± 0.001201 | 1.626791 ± 0.113375 | 1.827821 ± 0.822529 | 0.557601
0.99 | 1.01 | 2 | 1e+00 | 700 | 0.418097 ± 0.004341 | 0.074547 ± 0.001166 | 1.627790 ± 0.115826 | 1.817815 ± 0.843285 | 0.557444
0.99 | 1.01 | 2 | 1e-01 | 700 | 0.418046 ± 0.004200 | 0.074547 ± 0.001273 | 1.629581 ± 0.111859 | 1.806707 ± 0.811536 | 0.557389
0.99 | 1.01 | 2 | 1e-02 | 700 | 0.418054 ± 0.004209 | 0.074547 ± 0.001268 | 1.629396 ± 0.112194 | 1.808454 ± 0.814183 | 0.557383
0.99 | 1.01 | 2 | 5e+00 | 800 | 0.418159 ± 0.004230 | 0.074551 ± 0.001201 | 1.626791 ± 0.113375 | 1.827821 ± 0.822529 | 0.557601
0.99 | 1.01 | 2 | 1e+00 | 800 | 0.418097 ± 0.004341 | 0.074547 ± 0.001166 | 1.627790 ± 0.115826 | 1.817815 ± 0.843285 | 0.557444
0.99 | 1.01 | 2 | 1e-01 | 800 | 0.418046 ± 0.004200 | 0.074547 ± 0.001273 | 1.629581 ± 0.111859 | 1.806707 ± 0.811536 | 0.557389
0.99 | 1.01 | 2 | 1e-02 | 800 | 0.418054 ± 0.004209 | 0.074547 ± 0.001268 | 1.629396 ± 0.112194 | 1.808454 ± 0.814183 | 0.557383
