Otimização para pl em ATLAS - Limites: eps_1_mg_0_a1_1_a2_0
Configuração: down | up | strategy | tol | migrad | mg ± error | eps ± error | a1 ± error | a2 ± error | χ²/ndof
======================================================================================================================================================
0.96 | 1.04 | 0 | 1e+00 | 500 | 0.404166 ± 0.004330 | 0.068142 ± 0.000262 | 1.542819 ± 0.034426 | 2.132000 ± 0.138620 | 0.324435
0.96 | 1.04 | 0 | 1e-01 | 500 | 0.404166 ± 0.004330 | 0.068142 ± 0.000262 | 1.542819 ± 0.034426 | 2.132000 ± 0.138620 | 0.324435
0.96 | 1.04 | 0 | 1e+00 | 600 | 0.404166 ± 0.004330 | 0.068142 ± 0.000262 | 1.542819 ± 0.034426 | 2.132000 ± 0.138620 | 0.324435
0.96 | 1.04 | 0 | 1e-01 | 600 | 0.404160 ± 0.005008 | 0.068138 ± 0.000225 | 1.542103 ± 0.034407 | 2.132000 ± 0.117586 | 0.324349
0.96 | 1.04 | 0 | 1e-02 | 600 | 0.404160 ± 0.006085 | 0.068140 ± 0.000222 | 1.542345 ± 0.034413 | 2.132000 ± 0.149168 | 0.324339
0.96 | 1.04 | 0 | 1e+00 | 700 | 0.404166 ± 0.004330 | 0.068142 ± 0.000262 | 1.542819 ± 0.034426 | 2.132000 ± 0.138620 | 0.324435
0.96 | 1.04 | 0 | 1e-01 | 700 | 0.404160 ± 0.005008 | 0.068138 ± 0.000225 | 1.542103 ± 0.034407 | 2.132000 ± 0.117586 | 0.324349
0.96 | 1.04 | 0 | 1e-02 | 700 | 0.404160 ± 0.006085 | 0.068140 ± 0.000222 | 1.542345 ± 0.034413 | 2.132000 ± 0.149168 | 0.324339
0.96 | 1.04 | 0 | 1e+00 | 800 | 0.404166 ± 0.004330 | 0.068142 ± 0.000262 | 1.542819 ± 0.034426 | 2.132000 ± 0.138620 | 0.324435
0.96 | 1.04 | 0 | 1e-01 | 800 | 0.404160 ± 0.005008 | 0.068138 ± 0.000225 | 1.542103 ± 0.034407 | 2.132000 ± 0.117586 | 0.324349
0.96 | 1.04 | 0 | 1e-02 | 800 | 0.404160 ± 0.006085 | 0.068140 ± 0.000222 | 1.542345 ± 0.034413 | 2.132000 ± 0.149168 | 0.324339
0.96 | 1.04 | 2 | 5e+00 | 500 | 0.404769 ± 0.001528 | 0.068363 ± 0.000692 | 1.543733 ± 0.034717 | 2.132000 ± 0.160885 | 0.333546
0.96 | 1.04 | 2 | 5e+00 | 600 | 0.404340 ± 0.001546 | 0.068192 ± 0.000501 | 1.541400 ± 0.034541 | 2.132000 ± 0.163366 | 0.327187
0.96 | 1.04 | 2 | 1e+00 | 600 | 0.404340 ± 0.001546 | 0.068192 ± 0.000501 | 1.541400 ± 0.034541 | 2.132000 ± 0.163366 | 0.327187
0.96 | 1.04 | 2 | 5e+00 | 700 | 0.404269 ± 0.003329 | 0.068176 ± 0.000563 | 1.541440 ± 0.034572 | 2.132000 ± 0.112100 | 0.325670
0.96 | 1.04 | 2 | 1e+00 | 700 | 0.404172 ± 0.005984 | 0.068144 ± 0.000321 | 1.542073 ± 0.034439 | 2.132000 ± 0.153576 | 0.324469
0.96 | 1.04 | 2 | 1e-01 | 700 | 0.404172 ± 0.005984 | 0.068144 ± 0.000321 | 1.542073 ± 0.034439 | 2.132000 ± 0.153576 | 0.324469
0.96 | 1.04 | 2 | 5e+00 | 800 | 0.404196 ± 0.002507 | 0.068145 ± 0.000340 | 1.542127 ± 0.034454 | 2.132000 ± 0.123756 | 0.324925
0.96 | 1.04 | 2 | 1e+00 | 800 | 0.404172 ± 0.005867 | 0.068144 ± 0.000318 | 1.542073 ± 0.034434 | 2.132000 ± 0.153596 | 0.324469
0.96 | 1.04 | 2 | 1e-01 | 800 | 0.404160 ± 0.006450 | 0.068140 ± 0.000225 | 1.542275 ± 0.034403 | 2.132000 ± 0.136188 | 0.324341
0.96 | 1.04 | 2 | 1e-02 | 800 | 0.404160 ± 0.005949 | 0.068140 ± 0.000222 | 1.542268 ± 0.034409 | 2.132000 ± 0.162711 | 0.324339
0.97 | 1.03 | 0 | 1e+00 | 500 | 0.408382 ± 0.002640 | 0.069939 ± 0.000270 | 1.556256 ± 0.034468 | 2.111499 ± 0.072418 | 0.376612
0.97 | 1.03 | 0 | 1e-01 | 500 | 0.408370 ± 0.004392 | 0.069944 ± 0.000225 | 1.557248 ± 0.034459 | 2.111500 ± 0.122781 | 0.376313
0.97 | 1.03 | 0 | 1e-02 | 500 | 0.408370 ± 0.004928 | 0.069944 ± 0.000224 | 1.557006 ± 0.034456 | 2.111500 ± 0.118731 | 0.376305
0.97 | 1.03 | 0 | 1e+00 | 600 | 0.408372 ± 0.003874 | 0.069945 ± 0.000234 | 1.557615 ± 0.034471 | 2.111499 ± 0.122643 | 0.376359
0.97 | 1.03 | 0 | 1e-01 | 600 | 0.408370 ± 0.004392 | 0.069944 ± 0.000225 | 1.557248 ± 0.034459 | 2.111500 ± 0.122781 | 0.376313
0.97 | 1.03 | 0 | 1e-02 | 600 | 0.408370 ± 0.004928 | 0.069944 ± 0.000224 | 1.557006 ± 0.034456 | 2.111500 ± 0.118731 | 0.376305
0.97 | 1.03 | 0 | 1e+00 | 700 | 0.408372 ± 0.003874 | 0.069945 ± 0.000234 | 1.557615 ± 0.034471 | 2.111499 ± 0.122643 | 0.376359
0.97 | 1.03 | 0 | 1e-01 | 700 | 0.408370 ± 0.004392 | 0.069944 ± 0.000225 | 1.557248 ± 0.034459 | 2.111500 ± 0.122781 | 0.376313
0.97 | 1.03 | 0 | 1e-02 | 700 | 0.408370 ± 0.004928 | 0.069944 ± 0.000224 | 1.557006 ± 0.034456 | 2.111500 ± 0.118731 | 0.376305
0.97 | 1.03 | 0 | 1e+00 | 800 | 0.408372 ± 0.003874 | 0.069945 ± 0.000234 | 1.557615 ± 0.034471 | 2.111499 ± 0.122643 | 0.376359
0.97 | 1.03 | 0 | 1e-01 | 800 | 0.408370 ± 0.004392 | 0.069944 ± 0.000225 | 1.557248 ± 0.034459 | 2.111500 ± 0.122781 | 0.376313
0.97 | 1.03 | 0 | 1e-02 | 800 | 0.408370 ± 0.004928 | 0.069944 ± 0.000224 | 1.557006 ± 0.034456 | 2.111500 ± 0.118731 | 0.376305
0.97 | 1.03 | 2 | 5e+00 | 400 | 0.409081 ± 0.002055 | 0.070221 ± 0.000921 | 1.558310 ± 0.034979 | 2.111500 ± 0.110001 | 0.386813
0.97 | 1.03 | 2 | 5e+00 | 500 | 0.408570 ± 0.003324 | 0.070016 ± 0.000733 | 1.555616 ± 0.034752 | 2.111500 ± 0.072300 | 0.379304
0.97 | 1.03 | 2 | 5e+00 | 600 | 0.408397 ± 0.001922 | 0.069945 ± 0.000295 | 1.557660 ± 0.034497 | 2.111500 ± 0.082132 | 0.377046
0.97 | 1.03 | 2 | 1e+00 | 600 | 0.408397 ± 0.003362 | 0.069951 ± 0.000342 | 1.556925 ± 0.034499 | 2.111500 ± 0.066127 | 0.376709
0.97 | 1.03 | 2 | 5e+00 | 700 | 0.408397 ± 0.001910 | 0.069945 ± 0.000294 | 1.557660 ± 0.034496 | 2.111500 ± 0.082138 | 0.377046
0.97 | 1.03 | 2 | 1e+00 | 700 | 0.408373 ± 0.003040 | 0.069940 ± 0.000239 | 1.557009 ± 0.034465 | 2.111500 ± 0.062458 | 0.376403
0.97 | 1.03 | 2 | 1e-01 | 700 | 0.408370 ± 0.004909 | 0.069944 ± 0.000225 | 1.557055 ± 0.034457 | 2.111500 ± 0.116729 | 0.376307
0.97 | 1.03 | 2 | 1e-02 | 700 | 0.408370 ± 0.004898 | 0.069944 ± 0.000224 | 1.557012 ± 0.034457 | 2.111500 ± 0.119194 | 0.376305
0.97 | 1.03 | 2 | 5e+00 | 800 | 0.408397 ± 0.001910 | 0.069945 ± 0.000294 | 1.557660 ± 0.034496 | 2.111500 ± 0.082138 | 0.377046
0.97 | 1.03 | 2 | 1e+00 | 800 | 0.408373 ± 0.003023 | 0.069940 ± 0.000238 | 1.557009 ± 0.034463 | 2.111500 ± 0.062455 | 0.376403
0.97 | 1.03 | 2 | 1e-01 | 800 | 0.408370 ± 0.004898 | 0.069944 ± 0.000225 | 1.557055 ± 0.034454 | 2.111500 ± 0.116703 | 0.376307
0.97 | 1.03 | 2 | 1e-02 | 800 | 0.408370 ± 0.004897 | 0.069944 ± 0.000223 | 1.557012 ± 0.034453 | 2.111500 ± 0.119189 | 0.376305
0.98 | 1.02 | 0 | 1e+00 | 400 | 0.412630 ± 0.001826 | 0.071735 ± 0.000340 | 1.570999 ± 0.034549 | 2.090998 ± 0.046403 | 0.441017
0.98 | 1.02 | 0 | 1e+00 | 500 | 0.412583 ± 0.003313 | 0.071728 ± 0.000243 | 1.571512 ± 0.034508 | 2.090999 ± 0.078221 | 0.439921
0.98 | 1.02 | 0 | 1e-01 | 500 | 0.412580 ± 0.010451 | 0.071730 ± 0.000226 | 1.571735 ± 0.034503 | 2.091000 ± 0.053638 | 0.439859
0.98 | 1.02 | 0 | 1e-02 | 500 | 0.412580 ± 0.010437 | 0.071729 ± 0.000225 | 1.571616 ± 0.034502 | 2.091000 ± 0.064806 | 0.439856
0.98 | 1.02 | 0 | 1e+00 | 600 | 0.412583 ± 0.003313 | 0.071728 ± 0.000243 | 1.571512 ± 0.034508 | 2.090999 ± 0.078221 | 0.439921
0.98 | 1.02 | 0 | 1e-01 | 600 | 0.412580 ± 0.010451 | 0.071730 ± 0.000226 | 1.571735 ± 0.034503 | 2.091000 ± 0.053638 | 0.439859
0.98 | 1.02 | 0 | 1e-02 | 600 | 0.412580 ± 0.010437 | 0.071729 ± 0.000225 | 1.571616 ± 0.034502 | 2.091000 ± 0.064806 | 0.439856
0.98 | 1.02 | 0 | 1e+00 | 700 | 0.412583 ± 0.003313 | 0.071728 ± 0.000243 | 1.571512 ± 0.034508 | 2.090999 ± 0.078221 | 0.439921
0.98 | 1.02 | 0 | 1e-01 | 700 | 0.412580 ± 0.010451 | 0.071730 ± 0.000226 | 1.571735 ± 0.034503 | 2.091000 ± 0.053638 | 0.439859
0.98 | 1.02 | 0 | 1e-02 | 700 | 0.412580 ± 0.010437 | 0.071729 ± 0.000225 | 1.571616 ± 0.034502 | 2.091000 ± 0.064806 | 0.439856
0.98 | 1.02 | 0 | 1e+00 | 800 | 0.412583 ± 0.003313 | 0.071728 ± 0.000243 | 1.571512 ± 0.034508 | 2.090999 ± 0.078221 | 0.439921
0.98 | 1.02 | 0 | 1e-01 | 800 | 0.412580 ± 0.010451 | 0.071730 ± 0.000226 | 1.571735 ± 0.034503 | 2.091000 ± 0.053638 | 0.439859
0.98 | 1.02 | 0 | 1e-02 | 800 | 0.412580 ± 0.010437 | 0.071729 ± 0.000225 | 1.571616 ± 0.034502 | 2.091000 ± 0.064806 | 0.439856
0.98 | 1.02 | 2 | 5e+00 | 400 | 0.412663 ± 0.001557 | 0.071747 ± 0.000376 | 1.571537 ± 0.034574 | 2.091000 ± 0.051964 | 0.441760
0.98 | 1.02 | 2 | 1e+00 | 400 | 0.412582 ± 0.003523 | 0.071734 ± 0.000237 | 1.573078 ± 0.034526 | 2.091000 ± 0.080820 | 0.440026
0.98 | 1.02 | 2 | 5e+00 | 500 | 0.412581 ± 0.002910 | 0.071727 ± 0.000232 | 1.571863 ± 0.034514 | 2.090999 ± 0.072897 | 0.439916
0.98 | 1.02 | 2 | 1e+00 | 500 | 0.412582 ± 0.010621 | 0.071731 ± 0.000238 | 1.571703 ± 0.034505 | 2.091000 ± 0.041124 | 0.439886
0.98 | 1.02 | 2 | 1e-01 | 500 | 0.412580 ± 0.010369 | 0.071729 ± 0.000225 | 1.571613 ± 0.034505 | 2.091000 ± 0.071748 | 0.439856
0.98 | 1.02 | 2 | 5e+00 | 600 | 0.412581 ± 0.002899 | 0.071727 ± 0.000231 | 1.571863 ± 0.034511 | 2.090999 ± 0.072868 | 0.439916
0.98 | 1.02 | 2 | 1e+00 | 600 | 0.412582 ± 0.010621 | 0.071731 ± 0.000238 | 1.571703 ± 0.034505 | 2.091000 ± 0.041124 | 0.439886
0.98 | 1.02 | 2 | 1e-01 | 600 | 0.412580 ± 0.010368 | 0.071729 ± 0.000225 | 1.571613 ± 0.034502 | 2.091000 ± 0.071759 | 0.439856
0.98 | 1.02 | 2 | 1e-02 | 600 | 0.412580 ± 0.010416 | 0.071729 ± 0.000225 | 1.571596 ± 0.034503 | 2.091000 ± 0.068150 | 0.439856
0.98 | 1.02 | 2 | 5e+00 | 700 | 0.412581 ± 0.002899 | 0.071727 ± 0.000231 | 1.571863 ± 0.034511 | 2.090999 ± 0.072868 | 0.439916
0.98 | 1.02 | 2 | 1e+00 | 700 | 0.412582 ± 0.010621 | 0.071731 ± 0.000238 | 1.571703 ± 0.034505 | 2.091000 ± 0.041124 | 0.439886
0.98 | 1.02 | 2 | 1e-01 | 700 | 0.412580 ± 0.010368 | 0.071729 ± 0.000225 | 1.571613 ± 0.034502 | 2.091000 ± 0.071759 | 0.439856
0.98 | 1.02 | 2 | 1e-02 | 700 | 0.412580 ± 0.010416 | 0.071729 ± 0.000225 | 1.571596 ± 0.034501 | 2.091000 ± 0.068127 | 0.439856
0.98 | 1.02 | 2 | 5e+00 | 800 | 0.412581 ± 0.002899 | 0.071727 ± 0.000231 | 1.571863 ± 0.034511 | 2.090999 ± 0.072868 | 0.439916
0.98 | 1.02 | 2 | 1e+00 | 800 | 0.412582 ± 0.010621 | 0.071731 ± 0.000238 | 1.571703 ± 0.034505 | 2.091000 ± 0.041124 | 0.439886
0.98 | 1.02 | 2 | 1e-01 | 800 | 0.412580 ± 0.010368 | 0.071729 ± 0.000225 | 1.571613 ± 0.034502 | 2.091000 ± 0.071759 | 0.439856
0.98 | 1.02 | 2 | 1e-02 | 800 | 0.412580 ± 0.010416 | 0.071729 ± 0.000225 | 1.571596 ± 0.034501 | 2.091000 ± 0.068127 | 0.439856
0.99 | 1.01 | 0 | 1e+00 | 300 | 0.416812 ± 0.001804 | 0.073494 ± 0.000284 | 1.585978 ± 0.034575 | 2.070500 ± 0.036589 | 0.515215
0.99 | 1.01 | 0 | 1e+00 | 400 | 0.416791 ± 0.005592 | 0.073492 ± 0.000232 | 1.585489 ± 0.034546 | 2.070500 ± 0.029481 | 0.514610
0.99 | 1.01 | 0 | 1e-01 | 400 | 0.416790 ± 0.005668 | 0.073495 ± 0.000227 | 1.586164 ± 0.034550 | 2.070500 ± 0.020871 | 0.514571
0.99 | 1.01 | 0 | 1e-02 | 400 | 0.416790 ± 0.005872 | 0.073496 ± 0.000227 | 1.586080 ± 0.034548 | 2.070500 ± 0.032345 | 0.514564
0.99 | 1.01 | 0 | 1e+00 | 500 | 0.416791 ± 0.005592 | 0.073492 ± 0.000232 | 1.585489 ± 0.034546 | 2.070500 ± 0.029481 | 0.514610
0.99 | 1.01 | 0 | 1e-01 | 500 | 0.416790 ± 0.005668 | 0.073495 ± 0.000227 | 1.586164 ± 0.034550 | 2.070500 ± 0.020871 | 0.514571
0.99 | 1.01 | 0 | 1e-02 | 500 | 0.416790 ± 0.005872 | 0.073496 ± 0.000227 | 1.586080 ± 0.034548 | 2.070500 ± 0.032345 | 0.514564
0.99 | 1.01 | 0 | 1e+00 | 600 | 0.416791 ± 0.005592 | 0.073492 ± 0.000232 | 1.585489 ± 0.034546 | 2.070500 ± 0.029481 | 0.514610
0.99 | 1.01 | 0 | 1e-01 | 600 | 0.416790 ± 0.005668 | 0.073495 ± 0.000227 | 1.586164 ± 0.034550 | 2.070500 ± 0.020871 | 0.514571
0.99 | 1.01 | 0 | 1e-02 | 600 | 0.416790 ± 0.005872 | 0.073496 ± 0.000227 | 1.586080 ± 0.034548 | 2.070500 ± 0.032345 | 0.514564
0.99 | 1.01 | 0 | 1e+00 | 700 | 0.416791 ± 0.005592 | 0.073492 ± 0.000232 | 1.585489 ± 0.034546 | 2.070500 ± 0.029481 | 0.514610
0.99 | 1.01 | 0 | 1e-01 | 700 | 0.416790 ± 0.005668 | 0.073495 ± 0.000227 | 1.586164 ± 0.034550 | 2.070500 ± 0.020871 | 0.514571
0.99 | 1.01 | 0 | 1e-02 | 700 | 0.416790 ± 0.005872 | 0.073496 ± 0.000227 | 1.586080 ± 0.034548 | 2.070500 ± 0.032345 | 0.514564
0.99 | 1.01 | 0 | 1e+00 | 800 | 0.416791 ± 0.005592 | 0.073492 ± 0.000232 | 1.585489 ± 0.034546 | 2.070500 ± 0.029481 | 0.514610
0.99 | 1.01 | 0 | 1e-01 | 800 | 0.416790 ± 0.005668 | 0.073495 ± 0.000227 | 1.586164 ± 0.034550 | 2.070500 ± 0.020871 | 0.514571
0.99 | 1.01 | 0 | 1e-02 | 800 | 0.416790 ± 0.005872 | 0.073496 ± 0.000227 | 1.586080 ± 0.034548 | 2.070500 ± 0.032345 | 0.514564
0.99 | 1.01 | 2 | 5e+00 | 300 | 0.416956 ± 0.004647 | 0.073546 ± 0.000529 | 1.584445 ± 0.034683 | 2.070500 ± 0.026949 | 0.518137
0.99 | 1.01 | 2 | 5e+00 | 400 | 0.416795 ± 0.005302 | 0.073496 ± 0.000247 | 1.586719 ± 0.034595 | 2.070474 ± 0.026066 | 0.514744
0.99 | 1.01 | 2 | 1e+00 | 400 | 0.416794 ± 0.005449 | 0.073491 ± 0.000242 | 1.585403 ± 0.034548 | 2.070500 ± 0.036812 | 0.514675
0.99 | 1.01 | 2 | 1e-01 | 400 | 0.416794 ± 0.005449 | 0.073491 ± 0.000242 | 1.585403 ± 0.034548 | 2.070500 ± 0.036812 | 0.514675
0.99 | 1.01 | 2 | 5e+00 | 500 | 0.416795 ± 0.005296 | 0.073496 ± 0.000247 | 1.586719 ± 0.034604 | 2.070474 ± 0.025935 | 0.514744
0.99 | 1.01 | 2 | 1e+00 | 500 | 0.416794 ± 0.005442 | 0.073491 ± 0.000241 | 1.585403 ± 0.034548 | 2.070500 ± 0.036804 | 0.514675
0.99 | 1.01 | 2 | 1e-01 | 500 | 0.416790 ± 0.005724 | 0.073495 ± 0.000227 | 1.586170 ± 0.034549 | 2.070500 ± 0.023148 | 0.514567
0.99 | 1.01 | 2 | 1e-02 | 500 | 0.416790 ± 0.005843 | 0.073496 ± 0.000226 | 1.586025 ± 0.034547 | 2.070500 ± 0.027427 | 0.514563
0.99 | 1.01 | 2 | 5e+00 | 600 | 0.416795 ± 0.005296 | 0.073496 ± 0.000247 | 1.586719 ± 0.034604 | 2.070474 ± 0.025935 | 0.514744
0.99 | 1.01 | 2 | 1e+00 | 600 | 0.416794 ± 0.005442 | 0.073491 ± 0.000241 | 1.585403 ± 0.034548 | 2.070500 ± 0.036804 | 0.514675
0.99 | 1.01 | 2 | 1e-01 | 600 | 0.416790 ± 0.005724 | 0.073495 ± 0.000227 | 1.586170 ± 0.034549 | 2.070500 ± 0.023148 | 0.514567
0.99 | 1.01 | 2 | 1e-02 | 600 | 0.416790 ± 0.005843 | 0.073496 ± 0.000226 | 1.586025 ± 0.034546 | 2.070500 ± 0.027453 | 0.514563
0.99 | 1.01 | 2 | 5e+00 | 700 | 0.416795 ± 0.005296 | 0.073496 ± 0.000247 | 1.586719 ± 0.034604 | 2.070474 ± 0.025935 | 0.514744
0.99 | 1.01 | 2 | 1e+00 | 700 | 0.416794 ± 0.005442 | 0.073491 ± 0.000241 | 1.585403 ± 0.034548 | 2.070500 ± 0.036804 | 0.514675
0.99 | 1.01 | 2 | 1e-01 | 700 | 0.416790 ± 0.005724 | 0.073495 ± 0.000227 | 1.586170 ± 0.034549 | 2.070500 ± 0.023148 | 0.514567
0.99 | 1.01 | 2 | 1e-02 | 700 | 0.416790 ± 0.005843 | 0.073496 ± 0.000226 | 1.586025 ± 0.034546 | 2.070500 ± 0.027453 | 0.514563
0.99 | 1.01 | 2 | 5e+00 | 800 | 0.416795 ± 0.005296 | 0.073496 ± 0.000247 | 1.586719 ± 0.034604 | 2.070474 ± 0.025935 | 0.514744
0.99 | 1.01 | 2 | 1e+00 | 800 | 0.416794 ± 0.005442 | 0.073491 ± 0.000241 | 1.585403 ± 0.034548 | 2.070500 ± 0.036804 | 0.514675
0.99 | 1.01 | 2 | 1e-01 | 800 | 0.416790 ± 0.005724 | 0.073495 ± 0.000227 | 1.586170 ± 0.034549 | 2.070500 ± 0.023148 | 0.514567
0.99 | 1.01 | 2 | 1e-02 | 800 | 0.416790 ± 0.005843 | 0.073496 ± 0.000226 | 1.586025 ± 0.034546 | 2.070500 ± 0.027453 | 0.514563
