Otimização para pl em ATLAS - Limites: eps_0_mg_0_a1_1_a2_0
Configuração: down | up | strategy | tol | migrad | mg ± error | eps ± error | a1 ± error | a2 ± error | χ²/ndof
======================================================================================================================================================
0.95 | 1.05 | 0 | 1e+00 | 300 | 0.412362 ± 0.000561 | 0.071535 ± 0.004792 | 1.563709 ± 0.033689 | 2.152471 ± 0.113770 | 0.435200
0.95 | 1.05 | 0 | 1e-01 | 300 | 0.412360 ± 0.000547 | 0.071535 ± 0.001601 | 1.563318 ± 0.033621 | 2.152499 ± 0.114601 | 0.435174
0.95 | 1.05 | 0 | 1e-02 | 300 | 0.412360 ± 0.000547 | 0.071535 ± 0.001601 | 1.563318 ± 0.033621 | 2.152499 ± 0.114601 | 0.435174
0.95 | 1.05 | 0 | 1e+00 | 400 | 0.412362 ± 0.000561 | 0.071535 ± 0.004792 | 1.563709 ± 0.033689 | 2.152471 ± 0.113770 | 0.435200
0.95 | 1.05 | 0 | 1e-01 | 400 | 0.412360 ± 0.000547 | 0.071535 ± 0.001601 | 1.563318 ± 0.033621 | 2.152499 ± 0.114601 | 0.435174
0.95 | 1.05 | 0 | 1e-02 | 400 | 0.412360 ± 0.000546 | 0.071535 ± 0.001602 | 1.563319 ± 0.033618 | 2.152500 ± 0.114569 | 0.435174
0.95 | 1.05 | 0 | 1e+00 | 500 | 0.412362 ± 0.000561 | 0.071535 ± 0.004792 | 1.563709 ± 0.033689 | 2.152471 ± 0.113770 | 0.435200
0.95 | 1.05 | 0 | 1e-01 | 500 | 0.412360 ± 0.000547 | 0.071535 ± 0.001601 | 1.563318 ± 0.033621 | 2.152499 ± 0.114601 | 0.435174
0.95 | 1.05 | 0 | 1e-02 | 500 | 0.412360 ± 0.000546 | 0.071535 ± 0.001602 | 1.563319 ± 0.033618 | 2.152500 ± 0.114569 | 0.435174
0.95 | 1.05 | 0 | 1e+00 | 600 | 0.412362 ± 0.000561 | 0.071535 ± 0.004792 | 1.563709 ± 0.033689 | 2.152471 ± 0.113770 | 0.435200
0.95 | 1.05 | 0 | 1e-01 | 600 | 0.412360 ± 0.000547 | 0.071535 ± 0.001601 | 1.563318 ± 0.033621 | 2.152499 ± 0.114601 | 0.435174
0.95 | 1.05 | 0 | 1e-02 | 600 | 0.412360 ± 0.000546 | 0.071535 ± 0.001602 | 1.563319 ± 0.033618 | 2.152500 ± 0.114569 | 0.435174
0.95 | 1.05 | 0 | 1e+00 | 700 | 0.412362 ± 0.000561 | 0.071535 ± 0.004792 | 1.563709 ± 0.033689 | 2.152471 ± 0.113770 | 0.435200
0.95 | 1.05 | 0 | 1e-01 | 700 | 0.412360 ± 0.000547 | 0.071535 ± 0.001601 | 1.563318 ± 0.033621 | 2.152499 ± 0.114601 | 0.435174
0.95 | 1.05 | 0 | 1e-02 | 700 | 0.412360 ± 0.000546 | 0.071535 ± 0.001602 | 1.563319 ± 0.033618 | 2.152500 ± 0.114569 | 0.435174
0.95 | 1.05 | 0 | 1e+00 | 800 | 0.412362 ± 0.000561 | 0.071535 ± 0.004792 | 1.563709 ± 0.033689 | 2.152471 ± 0.113770 | 0.435200
0.95 | 1.05 | 0 | 1e-01 | 800 | 0.412360 ± 0.000547 | 0.071535 ± 0.001601 | 1.563318 ± 0.033621 | 2.152499 ± 0.114601 | 0.435174
0.95 | 1.05 | 0 | 1e-02 | 800 | 0.412360 ± 0.000546 | 0.071535 ± 0.001602 | 1.563319 ± 0.033618 | 2.152500 ± 0.114569 | 0.435174
0.95 | 1.05 | 2 | 5e+00 | 300 | 0.411493 ± 0.002089 | 0.071536 ± 0.001461 | 1.587766 ± 0.064068 | 1.969930 ± 0.107134 | 0.428121
0.95 | 1.05 | 2 | 5e+00 | 400 | 0.412348 ± 0.000555 | 0.071535 ± 0.000887 | 1.562709 ± 0.033613 | 2.152495 ± 0.114092 | 0.435344
0.95 | 1.05 | 2 | 1e+00 | 400 | 0.412363 ± 0.000595 | 0.071537 ± 0.001398 | 1.563047 ± 0.033628 | 2.152495 ± 0.114071 | 0.435244
0.95 | 1.05 | 2 | 1e-01 | 400 | 0.412355 ± 0.000553 | 0.071535 ± 0.001442 | 1.563612 ± 0.033630 | 2.152493 ± 0.113966 | 0.435188
0.95 | 1.05 | 2 | 1e-02 | 400 | 0.412360 ± 0.000547 | 0.071535 ± 0.001542 | 1.563280 ± 0.033631 | 2.152491 ± 0.113812 | 0.435174
0.95 | 1.05 | 2 | 5e+00 | 500 | 0.412363 ± 0.000574 | 0.071536 ± 0.001338 | 1.562734 ± 0.033697 | 2.152450 ± 0.111644 | 0.435229
0.95 | 1.05 | 2 | 1e+00 | 500 | 0.412362 ± 0.000548 | 0.071535 ± 0.001370 | 1.562725 ± 0.033617 | 2.152496 ± 0.114153 | 0.435203
0.95 | 1.05 | 2 | 1e-01 | 500 | 0.412360 ± 0.000546 | 0.071535 ± 0.001589 | 1.563303 ± 0.033617 | 2.152500 ± 0.114550 | 0.435174
0.95 | 1.05 | 2 | 1e-02 | 500 | 0.412360 ± 0.000546 | 0.071535 ± 0.001589 | 1.563303 ± 0.033617 | 2.152500 ± 0.114550 | 0.435174
0.95 | 1.05 | 2 | 5e+00 | 600 | 0.412363 ± 0.000574 | 0.071536 ± 0.001338 | 1.562734 ± 0.033697 | 2.152450 ± 0.111644 | 0.435229
0.95 | 1.05 | 2 | 1e+00 | 600 | 0.412362 ± 0.000548 | 0.071535 ± 0.001370 | 1.562725 ± 0.033617 | 2.152496 ± 0.114153 | 0.435203
0.95 | 1.05 | 2 | 1e-01 | 600 | 0.412360 ± 0.000546 | 0.071535 ± 0.001589 | 1.563303 ± 0.033617 | 2.152500 ± 0.114550 | 0.435174
0.95 | 1.05 | 2 | 1e-02 | 600 | 0.412360 ± 0.000546 | 0.071535 ± 0.001589 | 1.563303 ± 0.033617 | 2.152500 ± 0.114550 | 0.435174
0.95 | 1.05 | 2 | 5e+00 | 700 | 0.412363 ± 0.000574 | 0.071536 ± 0.001338 | 1.562734 ± 0.033697 | 2.152450 ± 0.111644 | 0.435229
0.95 | 1.05 | 2 | 1e+00 | 700 | 0.412362 ± 0.000548 | 0.071535 ± 0.001370 | 1.562725 ± 0.033617 | 2.152496 ± 0.114153 | 0.435203
0.95 | 1.05 | 2 | 1e-01 | 700 | 0.412360 ± 0.000546 | 0.071535 ± 0.001589 | 1.563303 ± 0.033617 | 2.152500 ± 0.114550 | 0.435174
0.95 | 1.05 | 2 | 1e-02 | 700 | 0.412360 ± 0.000546 | 0.071535 ± 0.001589 | 1.563303 ± 0.033617 | 2.152500 ± 0.114550 | 0.435174
0.95 | 1.05 | 2 | 5e+00 | 800 | 0.412363 ± 0.000574 | 0.071536 ± 0.001338 | 1.562734 ± 0.033697 | 2.152450 ± 0.111644 | 0.435229
0.95 | 1.05 | 2 | 1e+00 | 800 | 0.412362 ± 0.000548 | 0.071535 ± 0.001370 | 1.562725 ± 0.033617 | 2.152496 ± 0.114153 | 0.435203
0.95 | 1.05 | 2 | 1e-01 | 800 | 0.412360 ± 0.000546 | 0.071535 ± 0.001589 | 1.563303 ± 0.033617 | 2.152500 ± 0.114550 | 0.435174
0.95 | 1.05 | 2 | 1e-02 | 800 | 0.412360 ± 0.000546 | 0.071535 ± 0.001589 | 1.563303 ± 0.033617 | 2.152500 ± 0.114550 | 0.435174
0.96 | 1.04 | 0 | 5e+00 | 300 | 0.414089 ± 0.000677 | 0.072294 ± 0.001054 | 1.571657 ± 0.033687 | 2.131975 ± 0.091463 | 0.464722
0.96 | 1.04 | 0 | 1e+00 | 300 | 0.414094 ± 0.000551 | 0.072288 ± 0.004000 | 1.571432 ± 0.033645 | 2.131993 ± 0.091691 | 0.464451
0.96 | 1.04 | 0 | 1e-01 | 300 | 0.414091 ± 0.000550 | 0.072288 ± 0.003750 | 1.571140 ± 0.033626 | 2.132000 ± 0.091659 | 0.464429
0.96 | 1.04 | 0 | 1e-02 | 300 | 0.414091 ± 0.000550 | 0.072288 ± 0.003750 | 1.571140 ± 0.033626 | 2.132000 ± 0.091659 | 0.464429
0.96 | 1.04 | 0 | 5e+00 | 400 | 0.414089 ± 0.000677 | 0.072294 ± 0.001054 | 1.571657 ± 0.033687 | 2.131975 ± 0.091463 | 0.464722
0.96 | 1.04 | 0 | 1e+00 | 400 | 0.414094 ± 0.000551 | 0.072288 ± 0.004000 | 1.571432 ± 0.033645 | 2.131993 ± 0.091691 | 0.464451
0.96 | 1.04 | 0 | 1e-01 | 400 | 0.414091 ± 0.000550 | 0.072288 ± 0.003750 | 1.571140 ± 0.033626 | 2.132000 ± 0.091659 | 0.464429
0.96 | 1.04 | 0 | 1e-02 | 400 | 0.414091 ± 0.000550 | 0.072288 ± 0.003752 | 1.571145 ± 0.033626 | 2.132000 ± 0.091662 | 0.464429
0.96 | 1.04 | 0 | 5e+00 | 500 | 0.414089 ± 0.000677 | 0.072294 ± 0.001054 | 1.571657 ± 0.033687 | 2.131975 ± 0.091463 | 0.464722
0.96 | 1.04 | 0 | 1e+00 | 500 | 0.414094 ± 0.000551 | 0.072288 ± 0.004000 | 1.571432 ± 0.033645 | 2.131993 ± 0.091691 | 0.464451
0.96 | 1.04 | 0 | 1e-01 | 500 | 0.414091 ± 0.000550 | 0.072288 ± 0.003750 | 1.571140 ± 0.033626 | 2.132000 ± 0.091659 | 0.464429
0.96 | 1.04 | 0 | 1e-02 | 500 | 0.414091 ± 0.000550 | 0.072288 ± 0.003752 | 1.571145 ± 0.033626 | 2.132000 ± 0.091662 | 0.464429
0.96 | 1.04 | 0 | 5e+00 | 600 | 0.414089 ± 0.000677 | 0.072294 ± 0.001054 | 1.571657 ± 0.033687 | 2.131975 ± 0.091463 | 0.464722
0.96 | 1.04 | 0 | 1e+00 | 600 | 0.414094 ± 0.000551 | 0.072288 ± 0.004000 | 1.571432 ± 0.033645 | 2.131993 ± 0.091691 | 0.464451
0.96 | 1.04 | 0 | 1e-01 | 600 | 0.414091 ± 0.000550 | 0.072288 ± 0.003750 | 1.571140 ± 0.033626 | 2.132000 ± 0.091659 | 0.464429
0.96 | 1.04 | 0 | 1e-02 | 600 | 0.414091 ± 0.000550 | 0.072288 ± 0.003752 | 1.571145 ± 0.033626 | 2.132000 ± 0.091662 | 0.464429
0.96 | 1.04 | 0 | 5e+00 | 700 | 0.414089 ± 0.000677 | 0.072294 ± 0.001054 | 1.571657 ± 0.033687 | 2.131975 ± 0.091463 | 0.464722
0.96 | 1.04 | 0 | 1e+00 | 700 | 0.414094 ± 0.000551 | 0.072288 ± 0.004000 | 1.571432 ± 0.033645 | 2.131993 ± 0.091691 | 0.464451
0.96 | 1.04 | 0 | 1e-01 | 700 | 0.414091 ± 0.000550 | 0.072288 ± 0.003750 | 1.571140 ± 0.033626 | 2.132000 ± 0.091659 | 0.464429
0.96 | 1.04 | 0 | 1e-02 | 700 | 0.414091 ± 0.000550 | 0.072288 ± 0.003752 | 1.571145 ± 0.033626 | 2.132000 ± 0.091662 | 0.464429
0.96 | 1.04 | 0 | 5e+00 | 800 | 0.414089 ± 0.000677 | 0.072294 ± 0.001054 | 1.571657 ± 0.033687 | 2.131975 ± 0.091463 | 0.464722
0.96 | 1.04 | 0 | 1e+00 | 800 | 0.414094 ± 0.000551 | 0.072288 ± 0.004000 | 1.571432 ± 0.033645 | 2.131993 ± 0.091691 | 0.464451
0.96 | 1.04 | 0 | 1e-01 | 800 | 0.414091 ± 0.000550 | 0.072288 ± 0.003750 | 1.571140 ± 0.033626 | 2.132000 ± 0.091659 | 0.464429
0.96 | 1.04 | 0 | 1e-02 | 800 | 0.414091 ± 0.000550 | 0.072288 ± 0.003752 | 1.571145 ± 0.033626 | 2.132000 ± 0.091662 | 0.464429
0.96 | 1.04 | 2 | 5e+00 | 300 | 0.414117 ± 0.000813 | 0.072299 ± 0.001126 | 1.570408 ± 0.034108 | 2.131693 ± 0.083468 | 0.464953
0.96 | 1.04 | 2 | 5e+00 | 400 | 0.414095 ± 0.000568 | 0.072289 ± 0.001228 | 1.570334 ± 0.033649 | 2.131976 ± 0.090455 | 0.464501
0.96 | 1.04 | 2 | 1e+00 | 400 | 0.414094 ± 0.000555 | 0.072288 ± 0.001244 | 1.570351 ± 0.033629 | 2.131991 ± 0.091044 | 0.464482
0.96 | 1.04 | 2 | 1e-01 | 400 | 0.414091 ± 0.000550 | 0.072288 ± 0.003741 | 1.571120 ± 0.033625 | 2.132000 ± 0.091575 | 0.464429
0.96 | 1.04 | 2 | 1e-02 | 400 | 0.414091 ± 0.000550 | 0.072288 ± 0.003741 | 1.571120 ± 0.033625 | 2.132000 ± 0.091645 | 0.464429
0.96 | 1.04 | 2 | 5e+00 | 500 | 0.414095 ± 0.000568 | 0.072289 ± 0.001228 | 1.570334 ± 0.033649 | 2.131976 ± 0.090455 | 0.464501
0.96 | 1.04 | 2 | 1e+00 | 500 | 0.414094 ± 0.000555 | 0.072288 ± 0.001244 | 1.570351 ± 0.033629 | 2.131991 ± 0.091044 | 0.464482
0.96 | 1.04 | 2 | 1e-01 | 500 | 0.414091 ± 0.000550 | 0.072288 ± 0.003741 | 1.571120 ± 0.033625 | 2.132000 ± 0.091575 | 0.464429
0.96 | 1.04 | 2 | 1e-02 | 500 | 0.414091 ± 0.000550 | 0.072288 ± 0.003741 | 1.571120 ± 0.033625 | 2.132000 ± 0.091678 | 0.464429
0.96 | 1.04 | 2 | 5e+00 | 600 | 0.414095 ± 0.000568 | 0.072289 ± 0.001228 | 1.570334 ± 0.033649 | 2.131976 ± 0.090455 | 0.464501
0.96 | 1.04 | 2 | 1e+00 | 600 | 0.414094 ± 0.000555 | 0.072288 ± 0.001244 | 1.570351 ± 0.033629 | 2.131991 ± 0.091044 | 0.464482
0.96 | 1.04 | 2 | 1e-01 | 600 | 0.414091 ± 0.000550 | 0.072288 ± 0.003741 | 1.571120 ± 0.033625 | 2.132000 ± 0.091575 | 0.464429
0.96 | 1.04 | 2 | 1e-02 | 600 | 0.414091 ± 0.000550 | 0.072288 ± 0.003741 | 1.571120 ± 0.033625 | 2.132000 ± 0.091678 | 0.464429
0.96 | 1.04 | 2 | 5e+00 | 700 | 0.414095 ± 0.000568 | 0.072289 ± 0.001228 | 1.570334 ± 0.033649 | 2.131976 ± 0.090455 | 0.464501
0.96 | 1.04 | 2 | 1e+00 | 700 | 0.414094 ± 0.000555 | 0.072288 ± 0.001244 | 1.570351 ± 0.033629 | 2.131991 ± 0.091044 | 0.464482
0.96 | 1.04 | 2 | 1e-01 | 700 | 0.414091 ± 0.000550 | 0.072288 ± 0.003741 | 1.571120 ± 0.033625 | 2.132000 ± 0.091575 | 0.464429
0.96 | 1.04 | 2 | 1e-02 | 700 | 0.414091 ± 0.000550 | 0.072288 ± 0.003741 | 1.571120 ± 0.033625 | 2.132000 ± 0.091678 | 0.464429
0.96 | 1.04 | 2 | 5e+00 | 800 | 0.414095 ± 0.000568 | 0.072289 ± 0.001228 | 1.570334 ± 0.033649 | 2.131976 ± 0.090455 | 0.464501
0.96 | 1.04 | 2 | 1e+00 | 800 | 0.414094 ± 0.000555 | 0.072288 ± 0.001244 | 1.570351 ± 0.033629 | 2.131991 ± 0.091044 | 0.464482
0.96 | 1.04 | 2 | 1e-01 | 800 | 0.414091 ± 0.000550 | 0.072288 ± 0.003741 | 1.571120 ± 0.033625 | 2.132000 ± 0.091575 | 0.464429
0.96 | 1.04 | 2 | 1e-02 | 800 | 0.414091 ± 0.000550 | 0.072288 ± 0.003741 | 1.571120 ± 0.033625 | 2.132000 ± 0.091678 | 0.464429
0.97 | 1.03 | 0 | 5e+00 | 300 | 0.415836 ± 0.000615 | 0.073042 ± 0.003148 | 1.579341 ± 0.033675 | 2.111479 ± 0.068815 | 0.495876
0.97 | 1.03 | 0 | 1e+00 | 300 | 0.415836 ± 0.000553 | 0.073041 ± 0.003091 | 1.578767 ± 0.033632 | 2.111499 ± 0.068832 | 0.495804
0.97 | 1.03 | 0 | 1e-01 | 300 | 0.415836 ± 0.000553 | 0.073041 ± 0.003091 | 1.578767 ± 0.033632 | 2.111499 ± 0.068832 | 0.495804
0.97 | 1.03 | 0 | 1e-02 | 300 | 0.415829 ± 0.000553 | 0.073041 ± 0.002933 | 1.578950 ± 0.033635 | 2.111499 ± 0.068804 | 0.495790
0.97 | 1.03 | 0 | 5e+00 | 400 | 0.415836 ± 0.000615 | 0.073042 ± 0.003148 | 1.579341 ± 0.033675 | 2.111479 ± 0.068815 | 0.495876
0.97 | 1.03 | 0 | 1e+00 | 400 | 0.415836 ± 0.000553 | 0.073041 ± 0.003091 | 1.578767 ± 0.033632 | 2.111499 ± 0.068832 | 0.495804
0.97 | 1.03 | 0 | 1e-01 | 400 | 0.415829 ± 0.000553 | 0.073041 ± 0.002939 | 1.578966 ± 0.033634 | 2.111500 ± 0.068779 | 0.495791
0.97 | 1.03 | 0 | 1e-02 | 400 | 0.415829 ± 0.000553 | 0.073041 ± 0.002938 | 1.578967 ± 0.033633 | 2.111500 ± 0.068755 | 0.495790
0.97 | 1.03 | 0 | 5e+00 | 500 | 0.415836 ± 0.000615 | 0.073042 ± 0.003148 | 1.579341 ± 0.033675 | 2.111479 ± 0.068815 | 0.495876
0.97 | 1.03 | 0 | 1e+00 | 500 | 0.415836 ± 0.000553 | 0.073041 ± 0.003091 | 1.578767 ± 0.033632 | 2.111499 ± 0.068832 | 0.495804
0.97 | 1.03 | 0 | 1e-01 | 500 | 0.415829 ± 0.000553 | 0.073041 ± 0.002939 | 1.578966 ± 0.033634 | 2.111500 ± 0.068779 | 0.495791
0.97 | 1.03 | 0 | 1e-02 | 500 | 0.415829 ± 0.000553 | 0.073041 ± 0.002938 | 1.578967 ± 0.033633 | 2.111500 ± 0.068755 | 0.495790
0.97 | 1.03 | 0 | 5e+00 | 600 | 0.415836 ± 0.000615 | 0.073042 ± 0.003148 | 1.579341 ± 0.033675 | 2.111479 ± 0.068815 | 0.495876
0.97 | 1.03 | 0 | 1e+00 | 600 | 0.415836 ± 0.000553 | 0.073041 ± 0.003091 | 1.578767 ± 0.033632 | 2.111499 ± 0.068832 | 0.495804
0.97 | 1.03 | 0 | 1e-01 | 600 | 0.415829 ± 0.000553 | 0.073041 ± 0.002939 | 1.578966 ± 0.033634 | 2.111500 ± 0.068779 | 0.495791
0.97 | 1.03 | 0 | 1e-02 | 600 | 0.415829 ± 0.000553 | 0.073041 ± 0.002938 | 1.578967 ± 0.033633 | 2.111500 ± 0.068755 | 0.495790
0.97 | 1.03 | 0 | 5e+00 | 700 | 0.415836 ± 0.000615 | 0.073042 ± 0.003148 | 1.579341 ± 0.033675 | 2.111479 ± 0.068815 | 0.495876
0.97 | 1.03 | 0 | 1e+00 | 700 | 0.415836 ± 0.000553 | 0.073041 ± 0.003091 | 1.578767 ± 0.033632 | 2.111499 ± 0.068832 | 0.495804
0.97 | 1.03 | 0 | 1e-01 | 700 | 0.415829 ± 0.000553 | 0.073041 ± 0.002939 | 1.578966 ± 0.033634 | 2.111500 ± 0.068779 | 0.495791
0.97 | 1.03 | 0 | 1e-02 | 700 | 0.415829 ± 0.000553 | 0.073041 ± 0.002938 | 1.578967 ± 0.033633 | 2.111500 ± 0.068755 | 0.495790
0.97 | 1.03 | 0 | 5e+00 | 800 | 0.415836 ± 0.000615 | 0.073042 ± 0.003148 | 1.579341 ± 0.033675 | 2.111479 ± 0.068815 | 0.495876
0.97 | 1.03 | 0 | 1e+00 | 800 | 0.415836 ± 0.000553 | 0.073041 ± 0.003091 | 1.578767 ± 0.033632 | 2.111499 ± 0.068832 | 0.495804
0.97 | 1.03 | 0 | 1e-01 | 800 | 0.415829 ± 0.000553 | 0.073041 ± 0.002939 | 1.578966 ± 0.033634 | 2.111500 ± 0.068779 | 0.495791
0.97 | 1.03 | 0 | 1e-02 | 800 | 0.415829 ± 0.000553 | 0.073041 ± 0.002938 | 1.578967 ± 0.033633 | 2.111500 ± 0.068755 | 0.495790
0.97 | 1.03 | 2 | 5e+00 | 300 | 0.415838 ± 0.000599 | 0.073043 ± 0.002774 | 1.577909 ± 0.033634 | 2.111492 ± 0.068340 | 0.495954
0.97 | 1.03 | 2 | 1e+00 | 300 | 0.415838 ± 0.000599 | 0.073043 ± 0.002774 | 1.577909 ± 0.033634 | 2.111492 ± 0.068340 | 0.495954
0.97 | 1.03 | 2 | 1e-01 | 300 | 0.415827 ± 0.000555 | 0.073041 ± 0.002881 | 1.578949 ± 0.033659 | 2.111472 ± 0.067768 | 0.495790
0.97 | 1.03 | 2 | 1e-02 | 300 | 0.415829 ± 0.000554 | 0.073041 ± 0.002928 | 1.578939 ± 0.033646 | 2.111485 ± 0.068100 | 0.495790
0.97 | 1.03 | 2 | 5e+00 | 400 | 0.415835 ± 0.000574 | 0.073042 ± 0.002801 | 1.577939 ± 0.033671 | 2.111452 ± 0.067328 | 0.495893
0.97 | 1.03 | 2 | 1e+00 | 400 | 0.415835 ± 0.000553 | 0.073041 ± 0.002836 | 1.577928 ± 0.033623 | 2.111498 ± 0.068572 | 0.495864
0.97 | 1.03 | 2 | 1e-01 | 400 | 0.415829 ± 0.000553 | 0.073041 ± 0.002922 | 1.578933 ± 0.033632 | 2.111500 ± 0.068757 | 0.495790
0.97 | 1.03 | 2 | 1e-02 | 400 | 0.415829 ± 0.000553 | 0.073041 ± 0.002922 | 1.578933 ± 0.033632 | 2.111500 ± 0.068757 | 0.495790
0.97 | 1.03 | 2 | 5e+00 | 500 | 0.415835 ± 0.000574 | 0.073042 ± 0.002801 | 1.577939 ± 0.033671 | 2.111452 ± 0.067328 | 0.495893
0.97 | 1.03 | 2 | 1e+00 | 500 | 0.415835 ± 0.000553 | 0.073041 ± 0.002836 | 1.577928 ± 0.033623 | 2.111498 ± 0.068572 | 0.495864
0.97 | 1.03 | 2 | 1e-01 | 500 | 0.415829 ± 0.000553 | 0.073041 ± 0.002922 | 1.578933 ± 0.033632 | 2.111500 ± 0.068757 | 0.495790
0.97 | 1.03 | 2 | 1e-02 | 500 | 0.415829 ± 0.000553 | 0.073041 ± 0.002922 | 1.578933 ± 0.033632 | 2.111500 ± 0.068757 | 0.495790
0.97 | 1.03 | 2 | 5e+00 | 600 | 0.415835 ± 0.000574 | 0.073042 ± 0.002801 | 1.577939 ± 0.033671 | 2.111452 ± 0.067328 | 0.495893
0.97 | 1.03 | 2 | 1e+00 | 600 | 0.415835 ± 0.000553 | 0.073041 ± 0.002836 | 1.577928 ± 0.033623 | 2.111498 ± 0.068572 | 0.495864
0.97 | 1.03 | 2 | 1e-01 | 600 | 0.415829 ± 0.000553 | 0.073041 ± 0.002922 | 1.578933 ± 0.033632 | 2.111500 ± 0.068757 | 0.495790
0.97 | 1.03 | 2 | 1e-02 | 600 | 0.415829 ± 0.000553 | 0.073041 ± 0.002922 | 1.578933 ± 0.033632 | 2.111500 ± 0.068757 | 0.495790
0.97 | 1.03 | 2 | 5e+00 | 700 | 0.415835 ± 0.000574 | 0.073042 ± 0.002801 | 1.577939 ± 0.033671 | 2.111452 ± 0.067328 | 0.495893
0.97 | 1.03 | 2 | 1e+00 | 700 | 0.415835 ± 0.000553 | 0.073041 ± 0.002836 | 1.577928 ± 0.033623 | 2.111498 ± 0.068572 | 0.495864
0.97 | 1.03 | 2 | 1e-01 | 700 | 0.415829 ± 0.000553 | 0.073041 ± 0.002922 | 1.578933 ± 0.033632 | 2.111500 ± 0.068757 | 0.495790
0.97 | 1.03 | 2 | 1e-02 | 700 | 0.415829 ± 0.000553 | 0.073041 ± 0.002922 | 1.578933 ± 0.033632 | 2.111500 ± 0.068757 | 0.495790
0.97 | 1.03 | 2 | 5e+00 | 800 | 0.415835 ± 0.000574 | 0.073042 ± 0.002801 | 1.577939 ± 0.033671 | 2.111452 ± 0.067328 | 0.495893
0.97 | 1.03 | 2 | 1e+00 | 800 | 0.415835 ± 0.000553 | 0.073041 ± 0.002836 | 1.577928 ± 0.033623 | 2.111498 ± 0.068572 | 0.495864
0.97 | 1.03 | 2 | 1e-01 | 800 | 0.415829 ± 0.000553 | 0.073041 ± 0.002922 | 1.578933 ± 0.033632 | 2.111500 ± 0.068757 | 0.495790
0.97 | 1.03 | 2 | 1e-02 | 800 | 0.415829 ± 0.000553 | 0.073041 ± 0.002922 | 1.578933 ± 0.033632 | 2.111500 ± 0.068757 | 0.495790
0.98 | 1.02 | 0 | 5e+00 | 300 | 0.417591 ± 0.000559 | 0.073794 ± 0.002479 | 1.586464 ± 0.033667 | 2.090970 ± 0.046020 | 0.529324
0.98 | 1.02 | 0 | 1e+00 | 300 | 0.417591 ± 0.000557 | 0.073794 ± 0.002705 | 1.586881 ± 0.033642 | 2.090998 ± 0.045953 | 0.529365
0.98 | 1.02 | 0 | 1e-01 | 300 | 0.417576 ± 0.000556 | 0.073794 ± 0.002118 | 1.586779 ± 0.033639 | 2.091000 ± 0.045842 | 0.529258
0.98 | 1.02 | 0 | 1e-02 | 300 | 0.417576 ± 0.000556 | 0.073794 ± 0.002118 | 1.586779 ± 0.033639 | 2.091000 ± 0.045842 | 0.529258
0.98 | 1.02 | 0 | 5e+00 | 400 | 0.417591 ± 0.000559 | 0.073794 ± 0.002479 | 1.586464 ± 0.033667 | 2.090970 ± 0.046020 | 0.529324
0.98 | 1.02 | 0 | 1e+00 | 400 | 0.417591 ± 0.000557 | 0.073794 ± 0.002705 | 1.586881 ± 0.033642 | 2.090998 ± 0.045953 | 0.529365
0.98 | 1.02 | 0 | 1e-01 | 400 | 0.417576 ± 0.000556 | 0.073794 ± 0.002118 | 1.586779 ± 0.033639 | 2.091000 ± 0.045842 | 0.529258
0.98 | 1.02 | 0 | 1e-02 | 400 | 0.417576 ± 0.000556 | 0.073794 ± 0.002118 | 1.586779 ± 0.033639 | 2.091000 ± 0.045842 | 0.529258
0.98 | 1.02 | 0 | 5e+00 | 500 | 0.417591 ± 0.000559 | 0.073794 ± 0.002479 | 1.586464 ± 0.033667 | 2.090970 ± 0.046020 | 0.529324
0.98 | 1.02 | 0 | 1e+00 | 500 | 0.417591 ± 0.000557 | 0.073794 ± 0.002705 | 1.586881 ± 0.033642 | 2.090998 ± 0.045953 | 0.529365
0.98 | 1.02 | 0 | 1e-01 | 500 | 0.417576 ± 0.000556 | 0.073794 ± 0.002118 | 1.586779 ± 0.033639 | 2.091000 ± 0.045842 | 0.529258
0.98 | 1.02 | 0 | 1e-02 | 500 | 0.417576 ± 0.000556 | 0.073794 ± 0.002118 | 1.586779 ± 0.033639 | 2.091000 ± 0.045842 | 0.529258
0.98 | 1.02 | 0 | 5e+00 | 600 | 0.417591 ± 0.000559 | 0.073794 ± 0.002479 | 1.586464 ± 0.033667 | 2.090970 ± 0.046020 | 0.529324
0.98 | 1.02 | 0 | 1e+00 | 600 | 0.417591 ± 0.000557 | 0.073794 ± 0.002705 | 1.586881 ± 0.033642 | 2.090998 ± 0.045953 | 0.529365
0.98 | 1.02 | 0 | 1e-01 | 600 | 0.417576 ± 0.000556 | 0.073794 ± 0.002118 | 1.586779 ± 0.033639 | 2.091000 ± 0.045842 | 0.529258
0.98 | 1.02 | 0 | 1e-02 | 600 | 0.417576 ± 0.000556 | 0.073794 ± 0.002118 | 1.586779 ± 0.033639 | 2.091000 ± 0.045842 | 0.529258
0.98 | 1.02 | 0 | 5e+00 | 700 | 0.417591 ± 0.000559 | 0.073794 ± 0.002479 | 1.586464 ± 0.033667 | 2.090970 ± 0.046020 | 0.529324
0.98 | 1.02 | 0 | 1e+00 | 700 | 0.417591 ± 0.000557 | 0.073794 ± 0.002705 | 1.586881 ± 0.033642 | 2.090998 ± 0.045953 | 0.529365
0.98 | 1.02 | 0 | 1e-01 | 700 | 0.417576 ± 0.000556 | 0.073794 ± 0.002118 | 1.586779 ± 0.033639 | 2.091000 ± 0.045842 | 0.529258
0.98 | 1.02 | 0 | 1e-02 | 700 | 0.417576 ± 0.000556 | 0.073794 ± 0.002118 | 1.586779 ± 0.033639 | 2.091000 ± 0.045842 | 0.529258
0.98 | 1.02 | 0 | 5e+00 | 800 | 0.417591 ± 0.000559 | 0.073794 ± 0.002479 | 1.586464 ± 0.033667 | 2.090970 ± 0.046020 | 0.529324
0.98 | 1.02 | 0 | 1e+00 | 800 | 0.417591 ± 0.000557 | 0.073794 ± 0.002705 | 1.586881 ± 0.033642 | 2.090998 ± 0.045953 | 0.529365
0.98 | 1.02 | 0 | 1e-01 | 800 | 0.417576 ± 0.000556 | 0.073794 ± 0.002118 | 1.586779 ± 0.033639 | 2.091000 ± 0.045842 | 0.529258
0.98 | 1.02 | 0 | 1e-02 | 800 | 0.417576 ± 0.000556 | 0.073794 ± 0.002118 | 1.586779 ± 0.033639 | 2.091000 ± 0.045842 | 0.529258
0.98 | 1.02 | 2 | 5e+00 | 300 | 0.417589 ± 0.000613 | 0.073796 ± 0.001991 | 1.585497 ± 0.033688 | 2.090918 ± 0.044515 | 0.529468
0.98 | 1.02 | 2 | 1e+00 | 300 | 0.417570 ± 0.000567 | 0.073794 ± 0.002034 | 1.586896 ± 0.033774 | 2.090803 ± 0.043452 | 0.529254
0.98 | 1.02 | 2 | 1e-01 | 300 | 0.417573 ± 0.000562 | 0.073794 ± 0.002058 | 1.586759 ± 0.033720 | 2.090879 ± 0.044114 | 0.529253
0.98 | 1.02 | 2 | 5e+00 | 400 | 0.417589 ± 0.000613 | 0.073796 ± 0.001991 | 1.585497 ± 0.033688 | 2.090918 ± 0.044515 | 0.529468
0.98 | 1.02 | 2 | 1e+00 | 400 | 0.417586 ± 0.000557 | 0.073794 ± 0.002053 | 1.585481 ± 0.033633 | 2.090990 ± 0.045483 | 0.529366
0.98 | 1.02 | 2 | 1e-01 | 400 | 0.417575 ± 0.000556 | 0.073794 ± 0.002095 | 1.586743 ± 0.033638 | 2.091000 ± 0.045826 | 0.529257
0.98 | 1.02 | 2 | 1e-02 | 400 | 0.417575 ± 0.000556 | 0.073794 ± 0.002097 | 1.586743 ± 0.033638 | 2.091000 ± 0.045835 | 0.529257
0.98 | 1.02 | 2 | 5e+00 | 500 | 0.417589 ± 0.000613 | 0.073796 ± 0.001991 | 1.585497 ± 0.033688 | 2.090918 ± 0.044515 | 0.529468
0.98 | 1.02 | 2 | 1e+00 | 500 | 0.417586 ± 0.000557 | 0.073794 ± 0.002053 | 1.585481 ± 0.033633 | 2.090990 ± 0.045483 | 0.529366
0.98 | 1.02 | 2 | 1e-01 | 500 | 0.417575 ± 0.000556 | 0.073794 ± 0.002095 | 1.586743 ± 0.033638 | 2.091000 ± 0.045826 | 0.529257
0.98 | 1.02 | 2 | 1e-02 | 500 | 0.417575 ± 0.000556 | 0.073794 ± 0.002097 | 1.586743 ± 0.033638 | 2.091000 ± 0.045835 | 0.529257
0.98 | 1.02 | 2 | 5e+00 | 600 | 0.417589 ± 0.000613 | 0.073796 ± 0.001991 | 1.585497 ± 0.033688 | 2.090918 ± 0.044515 | 0.529468
0.98 | 1.02 | 2 | 1e+00 | 600 | 0.417586 ± 0.000557 | 0.073794 ± 0.002053 | 1.585481 ± 0.033633 | 2.090990 ± 0.045483 | 0.529366
0.98 | 1.02 | 2 | 1e-01 | 600 | 0.417575 ± 0.000556 | 0.073794 ± 0.002095 | 1.586743 ± 0.033638 | 2.091000 ± 0.045826 | 0.529257
0.98 | 1.02 | 2 | 1e-02 | 600 | 0.417575 ± 0.000556 | 0.073794 ± 0.002097 | 1.586743 ± 0.033638 | 2.091000 ± 0.045835 | 0.529257
0.98 | 1.02 | 2 | 5e+00 | 700 | 0.417589 ± 0.000613 | 0.073796 ± 0.001991 | 1.585497 ± 0.033688 | 2.090918 ± 0.044515 | 0.529468
0.98 | 1.02 | 2 | 1e+00 | 700 | 0.417586 ± 0.000557 | 0.073794 ± 0.002053 | 1.585481 ± 0.033633 | 2.090990 ± 0.045483 | 0.529366
0.98 | 1.02 | 2 | 1e-01 | 700 | 0.417575 ± 0.000556 | 0.073794 ± 0.002095 | 1.586743 ± 0.033638 | 2.091000 ± 0.045826 | 0.529257
0.98 | 1.02 | 2 | 1e-02 | 700 | 0.417575 ± 0.000556 | 0.073794 ± 0.002097 | 1.586743 ± 0.033638 | 2.091000 ± 0.045835 | 0.529257
0.98 | 1.02 | 2 | 5e+00 | 800 | 0.417589 ± 0.000613 | 0.073796 ± 0.001991 | 1.585497 ± 0.033688 | 2.090918 ± 0.044515 | 0.529468
0.98 | 1.02 | 2 | 1e+00 | 800 | 0.417586 ± 0.000557 | 0.073794 ± 0.002053 | 1.585481 ± 0.033633 | 2.090990 ± 0.045483 | 0.529366
0.98 | 1.02 | 2 | 1e-01 | 800 | 0.417575 ± 0.000556 | 0.073794 ± 0.002095 | 1.586743 ± 0.033638 | 2.091000 ± 0.045826 | 0.529257
0.98 | 1.02 | 2 | 1e-02 | 800 | 0.417575 ± 0.000556 | 0.073794 ± 0.002097 | 1.586743 ± 0.033638 | 2.091000 ± 0.045835 | 0.529257
0.99 | 1.01 | 0 | 5e+00 | 300 | 0.419361 ± 0.000561 | 0.074547 ± 0.001336 | 1.593703 ± 0.033632 | 2.070500 ± 0.031606 | 0.565052
0.99 | 1.01 | 0 | 1e+00 | 300 | 0.419331 ± 0.000559 | 0.074547 ± 0.001229 | 1.594511 ± 0.033643 | 2.070499 ± 0.022982 | 0.564832
0.99 | 1.01 | 0 | 1e-01 | 300 | 0.419331 ± 0.000558 | 0.074547 ± 0.001224 | 1.594514 ± 0.033642 | 2.070500 ± 0.022919 | 0.564829
0.99 | 1.01 | 0 | 1e-02 | 300 | 0.419331 ± 0.000558 | 0.074547 ± 0.001224 | 1.594514 ± 0.033642 | 2.070500 ± 0.022919 | 0.564829
0.99 | 1.01 | 0 | 5e+00 | 400 | 0.419361 ± 0.000561 | 0.074547 ± 0.001336 | 1.593703 ± 0.033632 | 2.070500 ± 0.031606 | 0.565052
0.99 | 1.01 | 0 | 1e+00 | 400 | 0.419331 ± 0.000559 | 0.074547 ± 0.001229 | 1.594511 ± 0.033643 | 2.070499 ± 0.022982 | 0.564832
0.99 | 1.01 | 0 | 1e-01 | 400 | 0.419331 ± 0.000558 | 0.074547 ± 0.001224 | 1.594514 ± 0.033642 | 2.070500 ± 0.022919 | 0.564829
0.99 | 1.01 | 0 | 1e-02 | 400 | 0.419331 ± 0.000558 | 0.074547 ± 0.001224 | 1.594514 ± 0.033642 | 2.070500 ± 0.022919 | 0.564829
0.99 | 1.01 | 0 | 5e+00 | 500 | 0.419361 ± 0.000561 | 0.074547 ± 0.001336 | 1.593703 ± 0.033632 | 2.070500 ± 0.031606 | 0.565052
0.99 | 1.01 | 0 | 1e+00 | 500 | 0.419331 ± 0.000559 | 0.074547 ± 0.001229 | 1.594511 ± 0.033643 | 2.070499 ± 0.022982 | 0.564832
0.99 | 1.01 | 0 | 1e-01 | 500 | 0.419331 ± 0.000558 | 0.074547 ± 0.001224 | 1.594514 ± 0.033642 | 2.070500 ± 0.022919 | 0.564829
0.99 | 1.01 | 0 | 1e-02 | 500 | 0.419331 ± 0.000558 | 0.074547 ± 0.001224 | 1.594514 ± 0.033642 | 2.070500 ± 0.022919 | 0.564829
0.99 | 1.01 | 0 | 5e+00 | 600 | 0.419361 ± 0.000561 | 0.074547 ± 0.001336 | 1.593703 ± 0.033632 | 2.070500 ± 0.031606 | 0.565052
0.99 | 1.01 | 0 | 1e+00 | 600 | 0.419331 ± 0.000559 | 0.074547 ± 0.001229 | 1.594511 ± 0.033643 | 2.070499 ± 0.022982 | 0.564832
0.99 | 1.01 | 0 | 1e-01 | 600 | 0.419331 ± 0.000558 | 0.074547 ± 0.001224 | 1.594514 ± 0.033642 | 2.070500 ± 0.022919 | 0.564829
0.99 | 1.01 | 0 | 1e-02 | 600 | 0.419331 ± 0.000558 | 0.074547 ± 0.001224 | 1.594514 ± 0.033642 | 2.070500 ± 0.022919 | 0.564829
0.99 | 1.01 | 0 | 5e+00 | 700 | 0.419361 ± 0.000561 | 0.074547 ± 0.001336 | 1.593703 ± 0.033632 | 2.070500 ± 0.031606 | 0.565052
0.99 | 1.01 | 0 | 1e+00 | 700 | 0.419331 ± 0.000559 | 0.074547 ± 0.001229 | 1.594511 ± 0.033643 | 2.070499 ± 0.022982 | 0.564832
0.99 | 1.01 | 0 | 1e-01 | 700 | 0.419331 ± 0.000558 | 0.074547 ± 0.001224 | 1.594514 ± 0.033642 | 2.070500 ± 0.022919 | 0.564829
0.99 | 1.01 | 0 | 1e-02 | 700 | 0.419331 ± 0.000558 | 0.074547 ± 0.001224 | 1.594514 ± 0.033642 | 2.070500 ± 0.022919 | 0.564829
0.99 | 1.01 | 0 | 5e+00 | 800 | 0.419361 ± 0.000561 | 0.074547 ± 0.001336 | 1.593703 ± 0.033632 | 2.070500 ± 0.031606 | 0.565052
0.99 | 1.01 | 0 | 1e+00 | 800 | 0.419331 ± 0.000559 | 0.074547 ± 0.001229 | 1.594511 ± 0.033643 | 2.070499 ± 0.022982 | 0.564832
0.99 | 1.01 | 0 | 1e-01 | 800 | 0.419331 ± 0.000558 | 0.074547 ± 0.001224 | 1.594514 ± 0.033642 | 2.070500 ± 0.022919 | 0.564829
0.99 | 1.01 | 0 | 1e-02 | 800 | 0.419331 ± 0.000558 | 0.074547 ± 0.001224 | 1.594514 ± 0.033642 | 2.070500 ± 0.022919 | 0.564829
0.99 | 1.01 | 2 | 5e+00 | 300 | 0.419350 ± 0.000561 | 0.074547 ± 0.001256 | 1.593003 ± 0.033628 | 2.070496 ± 0.022785 | 0.564998
0.99 | 1.01 | 2 | 1e+00 | 300 | 0.419331 ± 0.000559 | 0.074547 ± 0.001224 | 1.594546 ± 0.033643 | 2.070496 ± 0.022779 | 0.564831
0.99 | 1.01 | 2 | 1e-01 | 300 | 0.419331 ± 0.000558 | 0.074547 ± 0.001229 | 1.594544 ± 0.033642 | 2.070497 ± 0.022807 | 0.564829
0.99 | 1.01 | 2 | 1e-02 | 300 | 0.419330 ± 0.000560 | 0.074547 ± 0.001225 | 1.594577 ± 0.033672 | 2.070408 ± 0.022151 | 0.564824
0.99 | 1.01 | 2 | 5e+00 | 400 | 0.419350 ± 0.000561 | 0.074547 ± 0.001256 | 1.593002 ± 0.033627 | 2.070498 ± 0.022816 | 0.564998
0.99 | 1.01 | 2 | 1e+00 | 400 | 0.419331 ± 0.000559 | 0.074547 ± 0.001223 | 1.594545 ± 0.033642 | 2.070498 ± 0.022811 | 0.564831
0.99 | 1.01 | 2 | 1e-01 | 400 | 0.419331 ± 0.000558 | 0.074547 ± 0.001228 | 1.594544 ± 0.033642 | 2.070499 ± 0.022841 | 0.564829
0.99 | 1.01 | 2 | 1e-02 | 400 | 0.419331 ± 0.000557 | 0.074547 ± 0.001230 | 1.594544 ± 0.033641 | 2.070500 ± 0.022914 | 0.564829
0.99 | 1.01 | 2 | 5e+00 | 500 | 0.419350 ± 0.000561 | 0.074547 ± 0.001256 | 1.593002 ± 0.033627 | 2.070498 ± 0.022816 | 0.564998
0.99 | 1.01 | 2 | 1e+00 | 500 | 0.419331 ± 0.000559 | 0.074547 ± 0.001223 | 1.594545 ± 0.033642 | 2.070498 ± 0.022811 | 0.564831
0.99 | 1.01 | 2 | 1e-01 | 500 | 0.419331 ± 0.000558 | 0.074547 ± 0.001228 | 1.594544 ± 0.033642 | 2.070499 ± 0.022841 | 0.564829
0.99 | 1.01 | 2 | 1e-02 | 500 | 0.419331 ± 0.000557 | 0.074547 ± 0.001230 | 1.594544 ± 0.033641 | 2.070500 ± 0.022914 | 0.564829
0.99 | 1.01 | 2 | 5e+00 | 600 | 0.419350 ± 0.000561 | 0.074547 ± 0.001256 | 1.593002 ± 0.033627 | 2.070498 ± 0.022816 | 0.564998
0.99 | 1.01 | 2 | 1e+00 | 600 | 0.419331 ± 0.000559 | 0.074547 ± 0.001223 | 1.594545 ± 0.033642 | 2.070498 ± 0.022811 | 0.564831
0.99 | 1.01 | 2 | 1e-01 | 600 | 0.419331 ± 0.000558 | 0.074547 ± 0.001228 | 1.594544 ± 0.033642 | 2.070499 ± 0.022841 | 0.564829
0.99 | 1.01 | 2 | 1e-02 | 600 | 0.419331 ± 0.000557 | 0.074547 ± 0.001230 | 1.594544 ± 0.033641 | 2.070500 ± 0.022914 | 0.564829
0.99 | 1.01 | 2 | 5e+00 | 700 | 0.419350 ± 0.000561 | 0.074547 ± 0.001256 | 1.593002 ± 0.033627 | 2.070498 ± 0.022816 | 0.564998
0.99 | 1.01 | 2 | 1e+00 | 700 | 0.419331 ± 0.000559 | 0.074547 ± 0.001223 | 1.594545 ± 0.033642 | 2.070498 ± 0.022811 | 0.564831
0.99 | 1.01 | 2 | 1e-01 | 700 | 0.419331 ± 0.000558 | 0.074547 ± 0.001228 | 1.594544 ± 0.033642 | 2.070499 ± 0.022841 | 0.564829
0.99 | 1.01 | 2 | 1e-02 | 700 | 0.419331 ± 0.000557 | 0.074547 ± 0.001230 | 1.594544 ± 0.033641 | 2.070500 ± 0.022914 | 0.564829
0.99 | 1.01 | 2 | 5e+00 | 800 | 0.419350 ± 0.000561 | 0.074547 ± 0.001256 | 1.593002 ± 0.033627 | 2.070498 ± 0.022816 | 0.564998
0.99 | 1.01 | 2 | 1e+00 | 800 | 0.419331 ± 0.000559 | 0.074547 ± 0.001223 | 1.594545 ± 0.033642 | 2.070498 ± 0.022811 | 0.564831
0.99 | 1.01 | 2 | 1e-01 | 800 | 0.419331 ± 0.000558 | 0.074547 ± 0.001228 | 1.594544 ± 0.033642 | 2.070499 ± 0.022841 | 0.564829
0.99 | 1.01 | 2 | 1e-02 | 800 | 0.419331 ± 0.000557 | 0.074547 ± 0.001230 | 1.594544 ± 0.033641 | 2.070500 ± 0.022914 | 0.564829
