Otimização para log em TOTEM - Limites: eps_1_mg_0_a2_1
Configuração: down | up | strategy | migrad | mg ± error | eps ± error | a1 ± error | a2 ± error | χ²/ndof
========================================================================================================================
0.91 | 1.0899999999999999 | 2 | 60 | 0.38197274492431543 ± 0.001490422280706643 | 0.08867053384036414 ± 0.0006612195559599979 | 1.70521721134363 ± 0.007111428713577431 | 3.0192957667328573 ± 0.015197992240275626 | 0.7751938900301101
0.91 | 1.0899999999999999 | 2 | 65 | 0.38197274492431543 ± 0.001490422280706643 | 0.08867053384036414 ± 0.0006612195559599979 | 1.70521721134363 ± 0.007111428713577431 | 3.0192957667328573 ± 0.015197992240275626 | 0.7751938900301101
0.91 | 1.0899999999999999 | 2 | 70 | 0.38197274492431543 ± 0.001490422280706643 | 0.08867053384036414 ± 0.0006612195559599979 | 1.70521721134363 ± 0.007111428713577431 | 3.0192957667328573 ± 0.015197992240275626 | 0.7751938900301101
0.92 | 1.08 | 2 | 60 | 0.3820570149674234 ± 0.0014819895264804716 | 0.08878864102818625 ± 0.0006571188453648943 | 1.712605075164007 ± 0.00710951524894165 | 2.9915950650764516 ± 0.01771998629657867 | 0.7985226876201978
0.92 | 1.08 | 2 | 65 | 0.3820570149674234 ± 0.0014819895264804716 | 0.08878864102818625 ± 0.0006571188453648943 | 1.712605075164007 ± 0.00710951524894165 | 2.9915950650764516 ± 0.01771998629657867 | 0.7985226876201978
0.92 | 1.08 | 2 | 70 | 0.3820570149674234 ± 0.0014819895264804716 | 0.08878864102818625 ± 0.0006571188453648943 | 1.712605075164007 ± 0.00710951524894165 | 2.9915950650764516 ± 0.01771998629657867 | 0.7985226876201978
0.93 | 1.0699999999999998 | 2 | 60 | 0.3821430768700301 ± 0.0015012630919558176 | 0.08890871823083361 ± 0.0006654205159866422 | 1.7200655291575306 ± 0.007113487128788738 | 2.963887025258969 ± 0.021534798349523765 | 0.8258675352256339
0.93 | 1.0699999999999998 | 2 | 65 | 0.3821430768700301 ± 0.0015012630919558176 | 0.08890871823083361 ± 0.0006654205159866422 | 1.7200655291575306 ± 0.007113487128788738 | 2.963887025258969 ± 0.021534798349523765 | 0.8258675352256339
0.93 | 1.0699999999999998 | 2 | 70 | 0.3821430768700301 ± 0.0015012630919558176 | 0.08890871823083361 ± 0.0006654205159866422 | 1.7200655291575306 ± 0.007113487128788738 | 2.963887025258969 ± 0.021534798349523765 | 0.8258675352256339
0.94 | 1.06 | 2 | 60 | 0.38223103435871325 ± 0.0015681355294482238 | 0.08903082616595179 ± 0.0006949053340787256 | 1.7275978006648132 ± 0.0071171812481443915 | 2.936195670247 ± 0.027907271115718224 | 0.8576998673088538
0.94 | 1.06 | 2 | 65 | 0.38223103435871325 ± 0.0015681355294482238 | 0.08903082616595179 ± 0.0006949053340787256 | 1.7275978006648132 ± 0.0071171812481443915 | 2.936195670247 ± 0.027907271115718224 | 0.8576998673088538
0.94 | 1.06 | 2 | 70 | 0.38223103435871325 ± 0.0015681355294482238 | 0.08903082616595179 ± 0.0006949053340787256 | 1.7275978006648132 ± 0.0071171812481443915 | 2.936195670247 ± 0.027907271115718224 | 0.8576998673088538
0.95 | 1.05 | 2 | 60 | 0.38232099766894234 ± 0.0018140845535003047 | 0.08915510830116924 ± 0.000803527500532579 | 1.7352097888162021 ± 0.007148670635897756 | 2.908495376704383 ± 0.04064216215019445 | 0.8944778461718379
0.95 | 1.05 | 2 | 65 | 0.38232099766894234 ± 0.0018140845535003047 | 0.08915510830116924 ± 0.000803527500532579 | 1.7352097888162021 ± 0.007148670635897756 | 2.908495376704383 ± 0.04064216215019445 | 0.8944778461718379
0.95 | 1.05 | 2 | 70 | 0.38232099766894234 ± 0.0018140845535003047 | 0.08915510830116924 ± 0.000803527500532579 | 1.7352097888162021 ± 0.007148670635897756 | 2.908495376704383 ± 0.04064216215019445 | 0.8944778461718379
0.96 | 1.04 | 2 | 60 | 0.38242253017243427 ± 0.0072228061233102735 | 0.08929020406843194 ± 0.0028129850765939157 | 1.743263253859686 ± 0.009814513119101488 | 2.8801178962525666 ± 0.14982974279647032 | 0.9414513564006103
0.96 | 1.04 | 2 | 65 | 0.38242253017243427 ± 0.0072228061233102735 | 0.08929020406843194 ± 0.0028129850765939157 | 1.743263253859686 ± 0.009814513119101488 | 2.8801178962525666 ± 0.14982974279647032 | 0.9414513564006103
0.96 | 1.04 | 2 | 70 | 0.38242253017243427 ± 0.0072228061233102735 | 0.08929020406843194 ± 0.0028129850765939157 | 1.743263253859686 ± 0.009814513119101488 | 2.8801178962525666 ± 0.14982974279647032 | 0.9414513564006103
0.97 | 1.03 | 2 | 60 | 0.3825069368948612 ± 0.0008038301885083978 | 0.0894099297368504 ± 0.00036369140771728287 | 1.7506654232072927 ± 0.006957439715758125 | 2.853098857394508 ± 0.09265169280155083 | 0.9831037533507896
0.97 | 1.03 | 2 | 65 | 0.3825069368948612 ± 0.0008038301885083978 | 0.0894099297368504 ± 0.00036369140771728287 | 1.7506654232072927 ± 0.006957439715758125 | 2.853098857394508 ± 0.09265169280155083 | 0.9831037533507896
0.97 | 1.03 | 2 | 70 | 0.3825069368948612 ± 0.0008038301885083978 | 0.0894099297368504 ± 0.00036369140771728287 | 1.7506654232072927 ± 0.006957439715758125 | 2.853098857394508 ± 0.09265169280155083 | 0.9831037533507896
0.98 | 1.02 | 2 | 60 | 0.3826027902538467 ± 0.0007841696457833259 | 0.08953897524725996 ± 0.0003705736952575589 | 1.7584789107882866 ± 0.007032723590159634 | 2.8253994828767723 ± 0.062276093093373674 | 1.0270262158939008
0.98 | 1.02 | 2 | 65 | 0.3826027902538467 ± 0.0007841696457833259 | 0.08953897524725996 ± 0.0003705736952575589 | 1.7584789107882866 ± 0.007032723590159634 | 2.8253994828767723 ± 0.062276093093373674 | 1.0270262158939008
0.98 | 1.02 | 2 | 70 | 0.3826027902538467 ± 0.0007841696457833259 | 0.08953897524725996 ± 0.0003705736952575589 | 1.7584789107882866 ± 0.007032723590159634 | 2.8253994828767723 ± 0.062276093093373674 | 1.0270262158939008
0.99 | 1.01 | 2 | 60 | 0.38269634276745274 ± 0.0006726643808925684 | 0.08965145247265753 ± 0.00038992585078685693 | 1.7659335828289229 ± 0.009678563259136732 | 2.797699531876624 ± 0.032386316265016424 | 0.9842741730088257
0.99 | 1.01 | 2 | 65 | 0.38269634276745274 ± 0.0006726643808925684 | 0.08965145247265753 ± 0.00038992585078685693 | 1.7659335828289229 ± 0.009678563259136732 | 2.797699531876624 ± 0.032386316265016424 | 0.9842741730088257
0.99 | 1.01 | 2 | 70 | 0.38269634276745274 ± 0.0006726643808925684 | 0.08965145247265753 ± 0.00038992585078685693 | 1.7659335828289229 ± 0.009678563259136732 | 2.797699531876624 ± 0.032386316265016424 | 0.9842741730088257
0.99 | 1.01 | 2 | 75 | 0.38351892817477384 ± 0.0003910279896386489 | 0.08984761908633238 ± 0.00014276122713919454 | 1.7632826461716968 ± 0.00710719136377906 | 2.7976995314487265 ± 0.030987037362179226 | 0.5538971688059396
0.99 | 1.01 | 2 | 80 | 0.38351892817477384 ± 0.0003910279896386489 | 0.08984761908633238 ± 0.00014276122713919454 | 1.7632826461716968 ± 0.00710719136377906 | 2.7976995314487265 ± 0.030987037362179226 | 0.5538971688059396
0.99 | 1.01 | 2 | 85 | 0.38351892817477384 ± 0.0003910279896386489 | 0.08984761908633238 ± 0.00014276122713919454 | 1.7632826461716968 ± 0.00710719136377906 | 2.7976995314487265 ± 0.030987037362179226 | 0.5538971688059396
