Otimização para log em TOTEM - Limites: eps_1_mg_1_a2_0
Configuração: down | up | strategy | migrad | mg ± error | eps ± error | a1 ± error | a2 ± error | χ²/ndof
========================================================================================================================
0.91 | 1.0899999999999999 | 0 | 60 | 0.3833226574122847 ± 0.0025066817332222435 | 0.08767765671671217 ± 0.001149309540845321 | 1.5634149610296106 ± 0.048818588168421904 | 3.533465849134095 ± 0.21442545323318815 | 0.7548961044277764
0.91 | 1.0899999999999999 | 0 | 65 | 0.3833226574122847 ± 0.0025066817332222435 | 0.08767765671671217 ± 0.001149309540845321 | 1.5634149610296106 ± 0.048818588168421904 | 3.533465849134095 ± 0.21442545323318815 | 0.7548961044277764
0.91 | 1.0899999999999999 | 0 | 70 | 0.38327890574589235 ± 0.003651339333764214 | 0.08769676469847623 ± 0.0017085890746081564 | 1.5635779811555695 ± 0.04543352046579065 | 3.595804305106344 ± 0.19811289602893978 | 0.657802415998797
0.91 | 1.0899999999999999 | 0 | 75 | 0.38327890574589235 ± 0.003651339333764214 | 0.08769676469847623 ± 0.0017085890746081564 | 1.5635779811555695 ± 0.04543352046579065 | 3.595804305106344 ± 0.19811289602893978 | 0.657802415998797
0.91 | 1.0899999999999999 | 0 | 80 | 0.3832851697804533 ± 0.0007801566924655334 | 0.08769322648123919 ± 0.0003515168228340054 | 1.5640137322201528 ± 0.023902115752247963 | 3.591932542313953 ± 0.1070625730508786 | 0.6550985666214207
0.91 | 1.0899999999999999 | 0 | 85 | 0.3832851697804533 ± 0.0007801566924655334 | 0.08769322648123919 ± 0.0003515168228340054 | 1.5640137322201528 ± 0.023902115752247963 | 3.591932542313953 ± 0.1070625730508786 | 0.6550985666214207
0.91 | 1.0899999999999999 | 1 | 60 | 0.3833226573667146 ± 0.0025077399280673263 | 0.0876776567388104 ± 0.0011498552263460166 | 1.563414966092179 ± 0.04882006873701215 | 3.533465805033993 ± 0.21443145731635 | 0.7548961584429713
0.91 | 1.0899999999999999 | 1 | 65 | 0.3833226573667146 ± 0.0025077399280673263 | 0.0876776567388104 ± 0.0011498552263460166 | 1.563414966092179 ± 0.04882006873701215 | 3.533465805033993 ± 0.21443145731635 | 0.7548961584429713
0.91 | 1.0899999999999999 | 1 | 70 | 0.38327890569182665 ± 0.0036489378985125887 | 0.0876967647243464 ± 0.0017074416206470724 | 1.5635779860684074 ± 0.045429021554417394 | 3.5958042847518423 ± 0.19809413075485596 | 0.6578023977183427
0.91 | 1.0899999999999999 | 1 | 75 | 0.38327890569182665 ± 0.0036489378985125887 | 0.0876967647243464 ± 0.0017074416206470724 | 1.5635779860684074 ± 0.045429021554417394 | 3.5958042847518423 ± 0.19809413075485596 | 0.6578023977183427
0.91 | 1.0899999999999999 | 1 | 80 | 0.38328516972819754 ± 0.0007801567228422346 | 0.08769322650635286 ± 0.0003515169898614945 | 1.564013737126842 ± 0.02390218481864761 | 3.591932520777219 ± 0.10706285628520425 | 0.6550985478595063
0.91 | 1.0899999999999999 | 1 | 85 | 0.38328516972819754 ± 0.0007801567228422346 | 0.08769322650635286 ± 0.0003515169898614945 | 1.564013737126842 ± 0.02390218481864761 | 3.591932520777219 ± 0.10706285628520425 | 0.6550985478595063
0.91 | 1.0899999999999999 | 2 | 150 | 0.3896109825769685 ± 0.0008096716387148151 | 0.09058407451339977 ± 0.00033709621360373393 | 1.574795546258616 ± 0.021848197906952888 | 3.6438845147263708 ± 0.09608697355231234 | 1.0623686555820242
0.92 | 1.08 | 0 | 60 | 0.3833241263771705 ± 0.002303239316944178 | 0.08767965715700483 ± 0.001043731804474278 | 1.5635200161281821 ± 0.048426183284797066 | 3.5334494954232643 ± 0.21279337127244696 | 0.7532842012088066
0.92 | 1.08 | 0 | 65 | 0.3833241263771705 ± 0.002303239316944178 | 0.08767965715700483 ± 0.001043731804474278 | 1.5635200161281821 ± 0.048426183284797066 | 3.5334494954232643 ± 0.21279337127244696 | 0.7532842012088066
0.92 | 1.08 | 0 | 70 | 0.3832807234072024 ± 0.0033521309978711555 | 0.08769856158857038 ± 0.0015611442001842654 | 1.5636845292265367 ± 0.04497216555766623 | 3.5953532106006456 ± 0.196209785091683 | 0.6574396917823474
0.92 | 1.08 | 0 | 75 | 0.3832807234072024 ± 0.0033521309978711555 | 0.08769856158857038 ± 0.0015611442001842654 | 1.5636845292265367 ± 0.04497216555766623 | 3.5953532106006456 ± 0.196209785091683 | 0.6574396917823474
0.92 | 1.08 | 0 | 80 | 0.38328698955788004 ± 0.000779915847221424 | 0.08769506046377142 ± 0.0003515040186424512 | 1.5641210672638324 ± 0.02388008765745295 | 3.5914643163267623 ± 0.10697134328515419 | 0.6547562312671653
0.92 | 1.08 | 0 | 85 | 0.38328698955788004 ± 0.000779915847221424 | 0.08769506046377142 ± 0.0003515040186424512 | 1.5641210672638324 ± 0.02388008765745295 | 3.5914643163267623 ± 0.10697134328515419 | 0.6547562312671653
0.92 | 1.08 | 1 | 60 | 0.3833241263314324 ± 0.002303304893007757 | 0.08767965717933116 ± 0.0010437689835652228 | 1.5635200211979356 ± 0.048426545874277416 | 3.5334494515261605 ± 0.2127949553872242 | 0.7532842541253127
0.92 | 1.08 | 1 | 65 | 0.3833241263314324 ± 0.002303304893007757 | 0.08767965717933116 ± 0.0010437689835652228 | 1.5635200211979356 ± 0.048426545874277416 | 3.5334494515261605 ± 0.2127949553872242 | 0.7532842541253127
0.92 | 1.08 | 1 | 70 | 0.38328072335321167 ± 0.003352691947223707 | 0.08769856161456976 ± 0.001561455675229216 | 1.563684534152243 ± 0.04497336537133531 | 3.5953531901987748 ± 0.19621461386084996 | 0.6574396734519004
0.92 | 1.08 | 1 | 75 | 0.38328072335321167 ± 0.003352691947223707 | 0.08769856161456976 ± 0.001561455675229216 | 1.563684534152243 ± 0.04497336537133531 | 3.5953531901987748 ± 0.19621461386084996 | 0.6574396734519004
0.92 | 1.08 | 1 | 80 | 0.3832869895056786 ± 0.0007799171321267173 | 0.08769506048902694 ± 0.0003515040552848278 | 1.564121072182969 ± 0.023880245326065055 | 3.5914642947331052 ± 0.10697199089512992 | 0.6547562124746236
0.92 | 1.08 | 1 | 85 | 0.3832869895056786 ± 0.0007799171321267173 | 0.08769506048902694 ± 0.0003515040552848278 | 1.564121072182969 ± 0.023880245326065055 | 3.5914642947331052 ± 0.10697199089512992 | 0.6547562124746236
0.93 | 1.0699999999999998 | 0 | 60 | 0.38332626581601803 ± 0.0020846908018339327 | 0.08768258516281979 ± 0.0009289707205808254 | 1.5636732639381987 ± 0.047969026103494204 | 3.533427720544364 ± 0.21088681680606963 | 0.7509529982960736
0.93 | 1.0699999999999998 | 0 | 65 | 0.38332626581601803 ± 0.0020846908018339327 | 0.08768258516281979 ± 0.0009289707205808254 | 1.5636732639381987 ± 0.047969026103494204 | 3.533427720544364 ± 0.21088681680606963 | 0.7509529982960736
0.93 | 1.0699999999999998 | 0 | 70 | 0.3832833862362039 ± 0.003032380475552987 | 0.08770118730228152 ± 0.0014027766432213595 | 1.563840424101434 ± 0.04449329083879318 | 3.59469494273246 ± 0.19423289553973813 | 0.6569074307426935
0.93 | 1.0699999999999998 | 0 | 75 | 0.3832833862362039 ± 0.003032380475552987 | 0.08770118730228152 ± 0.0014027766432213595 | 1.563840424101434 ± 0.04449329083879318 | 3.59469494273246 ± 0.19423289553973813 | 0.6569074307426935
0.93 | 1.0699999999999998 | 0 | 80 | 0.3832896520198694 ± 0.0007795537510600359 | 0.08769774114749966 ± 0.00035148546263259056 | 1.5642780041956768 ± 0.023847287079117815 | 3.5907787182700446 ± 0.10683542672894697 | 0.6542563438932659
0.93 | 1.0699999999999998 | 0 | 85 | 0.3832896520198694 ± 0.0007795537510600359 | 0.08769774114749966 ± 0.00035148546263259056 | 1.5642780041956768 ± 0.023847287079117815 | 3.5907787182700446 ± 0.10683542672894697 | 0.6542563438932659
0.93 | 1.0699999999999998 | 1 | 60 | 0.38332626577002277 ± 0.0020845069847861553 | 0.08768258518542364 ± 0.0009288708093223019 | 1.5636732690162343 ± 0.047969292798881555 | 3.533427676956139 ± 0.21088804491809068 | 0.750953049599683
0.93 | 1.0699999999999998 | 1 | 65 | 0.38332626577002277 ± 0.0020845069847861553 | 0.08768258518542364 ± 0.0009288708093223019 | 1.5636732690162343 ± 0.047969292798881555 | 3.533427676956139 ± 0.21088804491809068 | 0.750953049599683
0.93 | 1.0699999999999998 | 1 | 70 | 0.3832833861822578 ± 0.0030334010984348625 | 0.08770118732840125 ± 0.001403333579197065 | 1.563840429042641 ± 0.04449384997104151 | 3.5946949222948845 ± 0.19423489752455947 | 0.6569074123428739
0.93 | 1.0699999999999998 | 1 | 75 | 0.3832833861822578 ± 0.0030334010984348625 | 0.08770118732840125 ± 0.001403333579197065 | 1.563840429042641 ± 0.04449384997104151 | 3.5946949222948845 ± 0.19423489752455947 | 0.6569074123428739
0.93 | 1.0699999999999998 | 1 | 80 | 0.3832896519676853 ± 0.0007795441559836358 | 0.08769774117288887 ± 0.0003514870589286512 | 1.5642780091287762 ± 0.023846852724270798 | 3.5907786965982247 ± 0.10683362496708469 | 0.6542563250691842
0.93 | 1.0699999999999998 | 1 | 85 | 0.3832896519676853 ± 0.0007795441559836358 | 0.08769774117288887 ± 0.0003514870589286512 | 1.5642780091287762 ± 0.023846852724270798 | 3.5907786965982247 ± 0.10683362496708469 | 0.6542563250691842
0.93 | 1.0699999999999998 | 2 | 150 | 0.39217494145345716 ± 0.005059379514603279 | 0.09179867217317919 ± 0.0016657546414974925 | 1.5972563371211066 ± 0.06290120225342641 | 3.3757742588868633 ± 0.2693818318950174 | 0.8990975688050116
0.93 | 1.0699999999999998 | 2 | 200 | 0.39185528010743503 ± 0.0007929787402302657 | 0.09276366534674012 ± 0.000362902445726003 | 1.6991407977259456 ± 0.024277698773840208 | 3.009238509801653 ± 0.11082016610767786 | 0.5018973275300136
0.94 | 1.06 | 0 | 60 | 0.38332955287906745 ± 0.0018529623640479442 | 0.08768711884380188 ± 0.0008050935707036161 | 1.5639093819756567 ± 0.04740906792771128 | 3.5333984674642718 ± 0.2085452235612119 | 0.7474104024208857
0.94 | 1.06 | 0 | 65 | 0.38332955287906745 ± 0.0018529623640479442 | 0.08768711884380188 ± 0.0008050935707036161 | 1.5639093819756567 ± 0.04740906792771128 | 3.5333984674642718 ± 0.2085452235612119 | 0.7474104024208857
0.94 | 1.06 | 0 | 70 | 0.3832875142362642 ± 0.0026955442003908092 | 0.08770524351269252 ± 0.0012347768114715982 | 1.564081741326151 ± 0.043989478828597155 | 3.593679893972353 ± 0.19214812424056907 | 0.656080321803791
0.94 | 1.06 | 0 | 75 | 0.3832875142362642 ± 0.0026955442003908092 | 0.08770524351269252 ± 0.0012347768114715982 | 1.564081741326151 ± 0.043989478828597155 | 3.593679893972353 ± 0.19214812424056907 | 0.656080321803791
0.94 | 1.06 | 0 | 80 | 0.38329377153789196 ± 0.0007789573007833117 | 0.08770188377837526 ± 0.00035145769052159076 | 1.564520683474999 ± 0.023793977078820146 | 3.5897161599486846 ± 0.10661433031586896 | 0.6534848326992069
0.94 | 1.06 | 0 | 85 | 0.38329377153789196 ± 0.0007789573007833117 | 0.08770188377837526 ± 0.00035145769052159076 | 1.564520683474999 ± 0.023793977078820146 | 3.5897161599486846 ± 0.10661433031586896 | 0.6534848326992069
0.94 | 1.06 | 1 | 60 | 0.38332955283291126 ± 0.0018528626624417788 | 0.08768711886685596 ± 0.0008050587814592419 | 1.563909387074019 ± 0.04740829952787175 | 3.5333984242736625 ± 0.2085418942116732 | 0.7474104512797791
0.94 | 1.06 | 1 | 65 | 0.38332955283291126 ± 0.0018528626624417788 | 0.08768711886685596 ± 0.0008050587814592419 | 1.563909387074019 ± 0.04740829952787175 | 3.5333984242736625 ± 0.2085418942116732 | 0.7474104512797791
0.94 | 1.06 | 1 | 70 | 0.38328751418252704 ± 0.002695741645412003 | 0.0877052435391398 ± 0.0012348775548535126 | 1.564081746294884 ± 0.04398988501861647 | 3.593679873387175 ± 0.19214985328489223 | 0.6560803033207505
0.94 | 1.06 | 1 | 75 | 0.38328751418252704 ± 0.002695741645412003 | 0.0877052435391398 ± 0.0012348775548535126 | 1.564081746294884 ± 0.04398988501861647 | 3.593679873387175 ± 0.19214985328489223 | 0.6560803033207505
0.94 | 1.06 | 1 | 80 | 0.3832937714858793 ± 0.0007789597752662636 | 0.08770188380412258 ± 0.00035145719730689945 | 1.5645206884355773 ± 0.02379405560730568 | 3.589716138168054 ± 0.10661465862023536 | 0.6534848138081684
0.94 | 1.06 | 1 | 85 | 0.3832937714858793 ± 0.0007789597752662636 | 0.08770188380412258 ± 0.00035145719730689945 | 1.5645206884355773 ± 0.02379405560730568 | 3.589716138168054 ± 0.10661465862023536 | 0.6534848138081684
0.95 | 1.05 | 0 | 60 | 0.38333497583863985 ± 0.001608058669768181 | 0.08769469457761109 ± 0.0006708513961946258 | 1.5643009441248434 ± 0.04664701960035839 | 3.533358669780002 ± 0.2053520473093974 | 0.7416785593676555
0.95 | 1.05 | 0 | 65 | 0.38333497583863985 ± 0.001608058669768181 | 0.08769469457761109 ± 0.0006708513961946258 | 1.5643009441248434 ± 0.04664701960035839 | 3.533358669780002 ± 0.2053520473093974 | 0.7416785593676555
0.95 | 1.05 | 0 | 70 | 0.3832944247326396 ± 0.002345753041919807 | 0.08771199950453898 ± 0.0010580977016588222 | 1.5644850409749878 ± 0.04343639983671327 | 3.5919930432573186 ± 0.18984918623899685 | 0.6546912141936603
0.95 | 1.05 | 0 | 75 | 0.3832944247326396 ± 0.002345753041919807 | 0.08771199950453898 ± 0.0010580977016588222 | 1.5644850409749878 ± 0.04343639983671327 | 3.5919930432573186 ± 0.18984918623899685 | 0.6546912141936603
0.95 | 1.05 | 0 | 80 | 0.38330064699601435 ± 0.0007778806531345273 | 0.08770878665221328 ± 0.0003514121024247377 | 1.5649256087450207 ± 0.02369953316120429 | 3.587936460450083 ± 0.10622217622184928 | 0.6522014869738781
0.95 | 1.05 | 0 | 85 | 0.38330064699601435 ± 0.0007778806531345273 | 0.08770878665221328 ± 0.0003514121024247377 | 1.5649256087450207 ± 0.02369953316120429 | 3.587936460450083 ± 0.10622217622184928 | 0.6522014869738781
0.95 | 1.05 | 1 | 60 | 0.3833349757919823 ± 0.0016078563516526145 | 0.08769469460133493 ± 0.0006707283804100947 | 1.564300949249742 ± 0.046645743594774254 | 3.5333586272753026 ± 0.20534661619823724 | 0.7416786044267984
0.95 | 1.05 | 1 | 65 | 0.3833349757919823 ± 0.0016078563516526145 | 0.08769469460133493 ± 0.0006707283804100947 | 1.564300949249742 ± 0.046645743594774254 | 3.5333586272753026 ± 0.20534661619823724 | 0.7416786044267984
0.95 | 1.05 | 1 | 70 | 0.38329442467910696 ± 0.002345372952987118 | 0.08771199953138141 ± 0.0010578867323310231 | 1.5644850459854658 ± 0.043435098241932965 | 3.591993022477948 ± 0.18984370612702225 | 0.6546911955590649
0.95 | 1.05 | 1 | 75 | 0.38329442467910696 ± 0.002345372952987118 | 0.08771199953138141 ± 0.0010578867323310231 | 1.5644850459854658 ± 0.043435098241932965 | 3.591993022477948 ± 0.18984370612702225 | 0.6546911955590649
0.95 | 1.05 | 1 | 80 | 0.38330064694412097 ± 0.0007778899374926151 | 0.08770878667840755 ± 0.000351410717348212 | 1.5649256137455894 ± 0.023699989045191938 | 3.5879364384856274 ± 0.10622405915773393 | 0.6522014679890243
0.95 | 1.05 | 1 | 85 | 0.38330064694412097 ± 0.0007778899374926151 | 0.08770878667840755 ± 0.000351410717348212 | 1.5649256137455894 ± 0.023699989045191938 | 3.5879364384856274 ± 0.10622405915773393 | 0.6522014679890243
0.96 | 1.04 | 0 | 60 | 0.3833448603299319 ± 0.0013492705387669057 | 0.08770881584444438 ± 0.0005231337748409504 | 1.5650218188704856 ± 0.04544372240447434 | 3.533298021988732 ± 0.2003168379533875 | 0.731651749184721
0.96 | 1.04 | 0 | 65 | 0.3833448603299319 ± 0.0013492705387669057 | 0.08770881584444438 ± 0.0005231337748409504 | 1.5650218188704856 ± 0.04544372240447434 | 3.533298021988732 ± 0.2003168379533875 | 0.731651749184721
0.96 | 1.04 | 0 | 70 | 0.38330735350063905 ± 0.002007399998795817 | 0.08772453950647566 ± 0.0008832411909081919 | 1.5652382693508113 ± 0.042787384561317796 | 3.588865349084352 ± 0.1871245239974789 | 0.6520845563566198
0.96 | 1.04 | 0 | 75 | 0.38330735350063905 ± 0.002007399998795817 | 0.08772453950647566 ± 0.0008832411909081919 | 1.5652382693508113 ± 0.042787384561317796 | 3.588865349084352 ± 0.1871245239974789 | 0.6520845563566198
0.96 | 1.04 | 0 | 80 | 0.38331344111410187 ± 0.0007755552456102377 | 0.0877216042566616 ± 0.0003513304969805092 | 1.5656799501482275 ± 0.02350180765890019 | 3.584596050548972 ± 0.10539957962540576 | 0.6498239444044791
0.96 | 1.04 | 0 | 85 | 0.38331344111410187 ± 0.0007755552456102377 | 0.0877216042566616 ± 0.0003513304969805092 | 1.5656799501482275 ± 0.02350180765890019 | 3.584596050548972 ± 0.10539957962540576 | 0.6498239444044791
0.96 | 1.04 | 1 | 60 | 0.3833448602828288 ± 0.0013493467937171766 | 0.08770881586927824 ± 0.0005231944705839861 | 1.5650218240561555 ± 0.04544472050742951 | 3.533297980536479 ± 0.20032110810514508 | 0.7316517877299709
0.96 | 1.04 | 1 | 65 | 0.3833448602828288 ± 0.0013493467937171766 | 0.08770881586927824 ± 0.0005231944705839861 | 1.5650218240561555 ± 0.04544472050742951 | 3.533297980536479 ± 0.20032110810514508 | 0.7316517877299709
0.96 | 1.04 | 1 | 70 | 0.38330735344754185 ± 0.0020076735157150694 | 0.08772453953411438 ± 0.0008833650094109483 | 1.565238274438257 ± 0.042789117824644805 | 3.5888653278726927 ± 0.18713191782864907 | 0.6520845374767988
0.96 | 1.04 | 1 | 75 | 0.38330735344754185 ± 0.0020076735157150694 | 0.08772453953411438 ± 0.0008833650094109483 | 1.565238274438257 ± 0.042789117824644805 | 3.5888653278726927 ± 0.18713191782864907 | 0.6520845374767988
0.96 | 1.04 | 1 | 80 | 0.38331344106248083 ± 0.0007755594721035042 | 0.08772160428375501 ± 0.00035132992638676336 | 1.5656799552240859 ± 0.02350202956252595 | 3.584596028271939 ± 0.10540048311472516 | 0.6498239252429369
0.96 | 1.04 | 1 | 85 | 0.38331344106248083 ± 0.0007755594721035042 | 0.08772160428375501 ± 0.00035132992638676336 | 1.5656799552240859 ± 0.02350202956252595 | 3.584596028271939 ± 0.10540048311472516 | 0.6498239252429369
0.97 | 1.03 | 0 | 60 | 0.3833657846899585 ± 0.0010698533964428325 | 0.08774001033481686 ± 0.0003541630533487744 | 1.5665823950235853 ± 0.04290871478950408 | 3.5331072599110573 ± 0.18978225162627943 | 0.7126521610435257
0.97 | 1.03 | 0 | 65 | 0.3833657846899585 ± 0.0010698533964428325 | 0.08774001033481686 ± 0.0003541630533487744 | 1.5665823950235853 ± 0.04290871478950408 | 3.5331072599110573 ± 0.18978225162627943 | 0.7126521610435257
0.97 | 1.03 | 0 | 70 | 0.38333624147665807 ± 0.0017911445325101416 | 0.08775214346240731 ± 0.0007619537169203175 | 1.5669201427676107 ± 0.042040609927104323 | 3.5818581970518846 ± 0.18390440159318278 | 0.6462921717707327
0.97 | 1.03 | 0 | 75 | 0.38333624147665807 ± 0.0017911445325101416 | 0.08775214346240731 ± 0.0007619537169203175 | 1.5669201427676107 ± 0.042040609927104323 | 3.5818581970518846 ± 0.18390440159318278 | 0.6462921717707327
0.97 | 1.03 | 0 | 80 | 0.38334166188203916 ± 0.0007683955438829992 | 0.08774982259460379 ± 0.0003511773220237144 | 1.5673602717947779 ± 0.022931037955952523 | 3.5769965765712826 ± 0.10301721328840563 | 0.6445943574211499
0.97 | 1.03 | 0 | 85 | 0.38334166188203916 ± 0.0007683955438829992 | 0.08774982259460379 ± 0.0003511773220237144 | 1.5673602717947779 ± 0.022931037955952523 | 3.5769965765712826 ± 0.10301721328840563 | 0.6445943574211499
0.97 | 1.03 | 1 | 60 | 0.3833657846405682 ± 0.0010698406648494418 | 0.08774001036135076 ± 0.00035416412999181995 | 1.566582400306912 ± 0.042907005557973374 | 3.533107220692369 ± 0.18977481904534482 | 0.7126521881406642
0.97 | 1.03 | 1 | 65 | 0.3833657846405682 ± 0.0010698406648494418 | 0.08774001036135076 ± 0.00035416412999181995 | 1.566582400306912 ± 0.042907005557973374 | 3.533107220692369 ± 0.18977481904534482 | 0.7126521881406642
0.97 | 1.03 | 1 | 70 | 0.38333624142359907 ± 0.0017911833370070074 | 0.08775214349096432 ± 0.000761961968412099 | 1.5669201480010146 ± 0.042040661855141055 | 3.5818581749337697 ± 0.18390461215764994 | 0.6462921523860183
0.97 | 1.03 | 1 | 75 | 0.38333624142359907 ± 0.0017911833370070074 | 0.08775214349096432 ± 0.000761961968412099 | 1.5669201480010146 ± 0.042040661855141055 | 3.5818581749337697 ± 0.18390461215764994 | 0.6462921523860183
0.97 | 1.03 | 1 | 80 | 0.38334166182985946 ± 0.0007683914771546285 | 0.08774982262287422 ± 0.00035117768182812287 | 1.5673602770085349 ± 0.022930770322614424 | 3.5769965537171458 ± 0.1030160901735466 | 0.6445943379566642
0.97 | 1.03 | 1 | 85 | 0.38334166182985946 ± 0.0007683914771546285 | 0.08774982262287422 ± 0.00035117768182812287 | 1.5673602770085349 ± 0.022930770322614424 | 3.5769965537171458 ± 0.1030160901735466 | 0.6445943379566642
0.98 | 1.02 | 0 | 60 | 0.38342407332340206 ± 0.0007201263987789142 | 0.08783311890226153 ± 0.0001568039806936622 | 1.5711777411400059 ± 0.03358239002434207 | 3.5305984516666435 ± 0.15136980731131316 | 0.6797413096233237
0.98 | 1.02 | 0 | 65 | 0.38342407332340206 ± 0.0007201263987789142 | 0.08783311890226153 ± 0.0001568039806936622 | 1.5711777411400059 ± 0.03358239002434207 | 3.5305984516666435 ± 0.15136980731131316 | 0.6797413096233237
0.98 | 1.02 | 0 | 70 | 0.3834265601875183 ± 0.0007494107722453569 | 0.08783592914347954 ± 0.0003487009893198348 | 1.5722191656218163 ± 0.021694698612917094 | 3.5563825436284344 ± 0.09792247247675202 | 0.6295004093650339
0.98 | 1.02 | 0 | 75 | 0.3834265601875183 ± 0.0007494107722453569 | 0.08783592914347954 ± 0.0003487009893198348 | 1.5722191656218163 ± 0.021694698612917094 | 3.5563825436284344 ± 0.09792247247675202 | 0.6295004093650339
0.98 | 1.02 | 0 | 80 | 0.38327874182808436 ± 0.0008243799581592326 | 0.08785872688949502 ± 0.00021180873110433068 | 1.5785504301150544 ± 0.03635139567663557 | 3.5397448593145735 ± 0.16158695463888628 | 0.6158323256071523
0.98 | 1.02 | 0 | 85 | 0.38327874182808436 ± 0.0008243799581592326 | 0.08785872688949502 ± 0.00021180873110433068 | 1.5785504301150544 ± 0.03635139567663557 | 3.5397448593145735 ± 0.16158695463888628 | 0.6158323256071523
0.98 | 1.02 | 1 | 60 | 0.3834240732211356 ± 0.0007200949263559964 | 0.08783311889888568 ± 0.00015679764646003846 | 1.5711777456338099 ± 0.03358088194693411 | 3.530598432372156 ± 0.15136336114284615 | 0.6797412872621291
0.98 | 1.02 | 1 | 65 | 0.3834240732211356 ± 0.0007200949263559964 | 0.08783311889888568 ± 0.00015679764646003846 | 1.5711777456338099 ± 0.03358088194693411 | 3.530598432372156 ± 0.15136336114284615 | 0.6797412872621291
0.98 | 1.02 | 1 | 70 | 0.38342656008552106 ± 0.0007494119592146853 | 0.08783592913971809 ± 0.00034870093202756663 | 1.5722191699235788 ± 0.021694792150570113 | 3.556382524193166 ± 0.09792287920955192 | 0.6295003926841038
0.98 | 1.02 | 1 | 75 | 0.38342656008552106 ± 0.0007494119592146853 | 0.08783592913971809 ± 0.00034870093202756663 | 1.5722191699235788 ± 0.021694792150570113 | 3.556382524193166 ± 0.09792287920955192 | 0.6295003926841038
0.98 | 1.02 | 1 | 80 | 0.3832787421940293 ± 0.0008243976894976579 | 0.08785872681810208 ± 0.00021180879165125233 | 1.5785504107067074 ± 0.036352090563635545 | 3.5397449391156934 ± 0.16158989016961403 | 0.6158323548226041
0.98 | 1.02 | 1 | 85 | 0.3832787421940293 ± 0.0008243976894976579 | 0.08785872681810208 ± 0.00021180879165125233 | 1.5785504107067074 ± 0.036352090563635545 | 3.5397449391156934 ± 0.16158989016961403 | 0.6158323548226041
0.98 | 1.02 | 1 | 90 | 0.3832787421940293 ± 0.0008243976894976579 | 0.08785872681810208 ± 0.00021180879165125233 | 1.5785504107067074 ± 0.036352090563635545 | 3.5397449391156934 ± 0.16158989016961403 | 0.6158323548226041
0.98 | 1.02 | 2 | 200 | 0.3844065208066488 ± 0.0004348193038707371 | 0.08775235400511472 ± 8.697111741765018e-05 | 1.5134954876709341 ± 0.022193958605012748 | 3.7817553106557735 ± 0.10589391658746297 | 1.084185998556086
0.99 | 1.01 | 0 | 60 | 0.3835884800991439 ± 0.00011868989611096836 | 0.08832658996579935 ± 2.2983753672572993e-05 | 1.6125616967147245 ± 0.006669055941906198 | 3.328623543747259 ± 0.05005194307065684 | 0.673962651625676
0.99 | 1.01 | 0 | 65 | 0.3835884800991439 ± 0.00011868989611096836 | 0.08832658996579935 ± 2.2983753672572993e-05 | 1.6125616967147245 ± 0.006669055941906198 | 3.328623543747259 ± 0.05005194307065684 | 0.673962651625676
0.99 | 1.01 | 0 | 70 | 0.3835884800991439 ± 0.00011868989611096836 | 0.08832658996579935 ± 2.2983753672572993e-05 | 1.6125616967147245 ± 0.006669055941906198 | 3.328623543747259 ± 0.05005194307065684 | 0.673962651625676
0.99 | 1.01 | 0 | 75 | 0.3835779573514235 ± 0.00046393215969531276 | 0.08833126186095205 ± 0.00011084798197983498 | 1.6146093873228688 ± 0.022427799855938492 | 3.3795187695399416 ± 0.10439954700257341 | 0.5107815853395653
0.99 | 1.01 | 0 | 80 | 0.3835779573514235 ± 0.00046393215969531276 | 0.08833126186095205 ± 0.00011084798197983498 | 1.6146093873228688 ± 0.022427799855938492 | 3.3795187695399416 ± 0.10439954700257341 | 0.5107815853395653
0.99 | 1.01 | 0 | 85 | 0.383584121669368 ± 0.0006152730028964604 | 0.08833098162842715 ± 0.0013428943909621904 | 1.615439256703903 ± 0.011152922344139065 | 3.368334822199881 ± 0.05084810230758609 | 0.5081628180827955
0.99 | 1.01 | 0 | 90 | 0.383584121669368 ± 0.0006152730028964604 | 0.08833098162842715 ± 0.0013428943909621904 | 1.615439256703903 ± 0.011152922344139065 | 3.368334822199881 ± 0.05084810230758609 | 0.5081628180827955
0.99 | 1.01 | 0 | 95 | 0.38356138172851606 ± 0.0005913193743650735 | 0.08833339962151295 ± 0.001336352571196825 | 1.6168101442714826 ± 0.010074592826579454 | 3.368091211206309 ± 0.03817377567646183 | 0.5065394639056885
0.99 | 1.01 | 0 | 100 | 0.38356138172851606 ± 0.0005913193743650735 | 0.08833339962151295 ± 0.001336352571196825 | 1.6168101442714826 ± 0.010074592826579454 | 3.368091211206309 ± 0.03817377567646183 | 0.5065394639056885
0.99 | 1.01 | 1 | 65 | 0.38358848007955104 ± 0.00011869016825494239 | 0.088326589967192 ± 2.2983684398673876e-05 | 1.6125616972588184 ± 0.0066690704013339765 | 3.3286234820462983 ± 0.050052024271811414 | 0.6739629455791476
0.99 | 1.01 | 1 | 70 | 0.38358848007955104 ± 0.00011869016825494239 | 0.088326589967192 ± 2.2983684398673876e-05 | 1.6125616972588184 ± 0.0066690704013339765 | 3.3286234820462983 ± 0.050052024271811414 | 0.6739629455791476
0.99 | 1.01 | 1 | 75 | 0.38358848007955104 ± 0.00011869016825494239 | 0.088326589967192 ± 2.2983684398673876e-05 | 1.6125616972588184 ± 0.0066690704013339765 | 3.3286234820462983 ± 0.050052024271811414 | 0.6739629455791476
0.99 | 1.01 | 1 | 80 | 0.38357795731495015 ± 0.00046393541435871266 | 0.08833126186661495 ± 0.00011084863308962606 | 1.614609388460845 ± 0.022428021988490768 | 3.3795187703113947 ± 0.10440051557592725 | 0.5107815848736519
0.99 | 1.01 | 1 | 85 | 0.38357795731495015 ± 0.00046393541435871266 | 0.08833126186661495 ± 0.00011084863308962606 | 1.614609388460845 ± 0.022428021988490768 | 3.3795187703113947 ± 0.10440051557592725 | 0.5107815848736519
0.99 | 1.01 | 1 | 90 | 0.38358412163885824 ± 0.0006152728221837933 | 0.08833098163374349 ± 0.0013428944098441906 | 1.6154392585328348 ± 0.011152918342527218 | 3.3683348140948377 ± 0.05084805244182161 | 0.5081628131049857
0.99 | 1.01 | 1 | 95 | 0.38358412163885824 ± 0.0006152728221837933 | 0.08833098163374349 ± 0.0013428944098441906 | 1.6154392585328348 ± 0.011152918342527218 | 3.3683348140948377 ± 0.05084805244182161 | 0.5081628131049857
0.99 | 1.01 | 1 | 100 | 0.3835613818039183 ± 0.0005913191515225513 | 0.08833339961683614 ± 0.001336352808479692 | 1.6168101402902957 ± 0.010074598523579791 | 3.3680912152450233 ± 0.03817376202998053 | 0.5065394667646385
1 | 1 | 0 | 60 | 0.38 ± 0.0038 | 0.0892 ± 0.000892 | 1.844765157118214 ± 0.0024579045108374066 | 2.351909539607737 ± 0.03706428382581565 | 0.5806157509439508
1 | 1 | 0 | 65 | 0.38 ± 0.0038 | 0.0892 ± 0.000892 | 1.844769239646909 ± 0.0024579803104766845 | 2.351998730888983 ± 0.03706335815112643 | 0.5806153562339945
1 | 1 | 0 | 70 | 0.38 ± 0.0038 | 0.0892 ± 0.000892 | 1.844769239646909 ± 0.0024579803104766845 | 2.351998730888983 ± 0.03706335815112643 | 0.5806153562339945
1 | 1 | 0 | 75 | 0.38 ± 0.0038 | 0.0892 ± 0.000892 | 1.844769239646909 ± 0.0024579803104766845 | 2.351998730888983 ± 0.03706335815112643 | 0.5806153562339945
1 | 1 | 0 | 80 | 0.38 ± 0.0038 | 0.0892 ± 0.000892 | 1.844769239646909 ± 0.0024579803104766845 | 2.351998730888983 ± 0.03706335815112643 | 0.5806153562339945
1 | 1 | 0 | 85 | 0.38 ± 0.0038 | 0.0892 ± 0.000892 | 1.844769239646909 ± 0.0024579803104766845 | 2.351998730888983 ± 0.03706335815112643 | 0.5806153562339945
1 | 1 | 0 | 90 | 0.38 ± 0.0038 | 0.0892 ± 0.000892 | 1.844769239646909 ± 0.0024579803104766845 | 2.351998730888983 ± 0.03706335815112643 | 0.5806153562339945
1 | 1 | 0 | 95 | 0.38 ± 0.0038 | 0.0892 ± 0.000892 | 1.844769239646909 ± 0.0024579803104766845 | 2.351998730888983 ± 0.03706335815112643 | 0.5806153562339945
1 | 1 | 0 | 100 | 0.38 ± 0.0038 | 0.0892 ± 0.000892 | 1.844769239646909 ± 0.0024579803104766845 | 2.351998730888983 ± 0.03706335815112643 | 0.5806153562339945
1 | 1 | 0 | 150 | 0.38 ± 0.0038 | 0.0892 ± 0.000892 | 1.844769239646909 ± 0.0024579803104766845 | 2.351998730888983 ± 0.03706335815112643 | 0.5806153562339945
1 | 1 | 0 | 200 | 0.38 ± 0.0038 | 0.0892 ± 0.000892 | 1.844769239646909 ± 0.0024579803104766845 | 2.351998730888983 ± 0.03706335815112643 | 0.5806153562339945
1 | 1 | 1 | 60 | 0.38 ± 0.0038 | 0.0892 ± 0.000892 | 1.8449111864646544 ± 0.0024577601478773825 | 2.3519291051397575 ± 0.03702580578235929 | 0.5807160903575368
1 | 1 | 1 | 65 | 0.38 ± 0.0038 | 0.0892 ± 0.000892 | 1.8447651570946972 ± 0.0024579040693199655 | 2.351909538997136 ± 0.03706427643466426 | 0.5806157509489708
1 | 1 | 1 | 70 | 0.38 ± 0.0038 | 0.0892 ± 0.000892 | 1.8447692396473225 ± 0.0024579799981425854 | 2.351998730871919 ± 0.03706335179964214 | 0.5806153562339851
1 | 1 | 1 | 75 | 0.38 ± 0.0038 | 0.0892 ± 0.000892 | 1.8447692396473225 ± 0.0024579799981425854 | 2.351998730871919 ± 0.03706335179964214 | 0.5806153562339851
1 | 1 | 1 | 80 | 0.38 ± 0.0038 | 0.0892 ± 0.000892 | 1.8447692396473225 ± 0.0024579342149692947 | 2.351998730871919 ± 0.03706260194593575 | 0.5806153562339851
1 | 1 | 1 | 85 | 0.38 ± 0.0038 | 0.0892 ± 0.000892 | 1.8447692396473225 ± 0.0024579342149692947 | 2.351998730871919 ± 0.03706260194593575 | 0.5806153562339851
1 | 1 | 1 | 90 | 0.38 ± 0.0038 | 0.0892 ± 0.000892 | 1.8447692396473225 ± 0.0024579342149692947 | 2.351998730871919 ± 0.03706260194593575 | 0.5806153562339851
1 | 1 | 1 | 95 | 0.38 ± 0.0038 | 0.0892 ± 0.000892 | 1.8447692396473225 ± 0.0024579342149692947 | 2.351998730871919 ± 0.03706260194593575 | 0.5806153562339851
1 | 1 | 1 | 100 | 0.38 ± 0.0038 | 0.0892 ± 0.000892 | 1.8447692396473225 ± 0.0024579342149692947 | 2.351998730871919 ± 0.03706260194593575 | 0.5806153562339851
1 | 1 | 1 | 150 | 0.38 ± 0.0038 | 0.0892 ± 0.000892 | 1.8447692396473225 ± 0.0024579342149692947 | 2.351998730871919 ± 0.03706260194593575 | 0.5806153562339851
1 | 1 | 1 | 200 | 0.38 ± 0.0038 | 0.0892 ± 0.000892 | 1.8447692396473225 ± 0.0024579342149692947 | 2.351998730871919 ± 0.03706260194593575 | 0.5806153562339851
1 | 1 | 2 | 80 | 0.38 ± 0.0038 | 0.0892 ± 0.000892 | 1.8447666974322032 ± 0.0024580623132808874 | 2.352134171925982 ± 0.03706367882066473 | 0.580615681386767
1 | 1 | 2 | 90 | 0.38 ± 0.0038 | 0.0892 ± 0.000892 | 1.8447691781634863 ± 0.0024579332632437656 | 2.3520006305480425 ± 0.03706260342340268 | 0.5806153561781615
1 | 1 | 2 | 95 | 0.38 ± 0.0038 | 0.0892 ± 0.000892 | 1.8447691781634863 ± 0.0024579332632437656 | 2.3520006305480425 ± 0.03706260342340268 | 0.5806153561781615
1 | 1 | 2 | 100 | 0.38 ± 0.0038 | 0.0892 ± 0.000892 | 1.8447691781634863 ± 0.0024579332632437656 | 2.3520006305480425 ± 0.03706260342340268 | 0.5806153561781615
1 | 1 | 2 | 150 | 0.38 ± 0.0038 | 0.0892 ± 0.000892 | 1.8447691781634863 ± 0.0024579332632437656 | 2.3520006305480425 ± 0.03706260342340268 | 0.5806153561781615
1 | 1 | 2 | 200 | 0.38 ± 0.0038 | 0.0892 ± 0.000892 | 1.8447691781634863 ± 0.0024579332632437656 | 2.3520006305480425 ± 0.03706260342340268 | 0.5806153561781615
