Otimização para log em ATLAS - Limites: eps_0_mg_1_a2_0
Configuração: down | up | strategy | migrad | mg ± error | eps ± error | a1 ± error | a2 ± error | χ²/ndof
========================================================================================================================
0.91 | 1.0899999999999999 | 0 | 60 | 0.35569698687170886 ± 0.015064255400944443 | 0.07247511285564319 ± 0.008217052003096264 | 1.6082462571152214 ± 0.11414504898479232 | 3.3151538679621266 ± 0.730802109040358 | 0.4928396054632793
0.91 | 1.0899999999999999 | 0 | 65 | 0.35569698687170886 ± 0.015064255400944443 | 0.07247511285564319 ± 0.008217052003096264 | 1.6082462571152214 ± 0.11414504898479232 | 3.3151538679621266 ± 0.730802109040358 | 0.4928396054632793
0.91 | 1.0899999999999999 | 0 | 70 | 0.35569698687170886 ± 0.015064255400944443 | 0.07247511285564319 ± 0.008217052003096264 | 1.6082462571152214 ± 0.11414504898479232 | 3.3151538679621266 ± 0.730802109040358 | 0.4928396054632793
0.91 | 1.0899999999999999 | 1 | 60 | 0.3575383822959732 ± 0.012320326363815165 | 0.0744559348328967 ± 0.006472060273731377 | 1.6945133671209631 ± 0.12259349461042227 | 2.7216103759675314 ± 0.8490207788799862 | 0.5451812138834272
0.91 | 1.0899999999999999 | 1 | 65 | 0.3556969848310569 ± 0.015061057422701779 | 0.07247511089034846 ± 0.008215121007686756 | 1.6082461581075336 ± 0.11413985992725392 | 3.3151544834298896 ± 0.730793612359917 | 0.49283956669191403
0.91 | 1.0899999999999999 | 1 | 70 | 0.3556969848310569 ± 0.015061057422701779 | 0.07247511089034846 ± 0.008215121007686756 | 1.6082461581075336 ± 0.11413985992725392 | 3.3151544834298896 ± 0.730793612359917 | 0.49283956669191403
0.91 | 1.0899999999999999 | 1 | 75 | 0.3556969848310569 ± 0.015061057422701779 | 0.07247511089034846 ± 0.008215121007686756 | 1.6082461581075336 ± 0.11413985992725392 | 3.3151544834298896 ± 0.730793612359917 | 0.49283956669191403
0.91 | 1.0899999999999999 | 2 | 60 | 0.3595414705278613 ± 0.006388636701423811 | 0.07362903055323322 ± 0.0035204977567830885 | 1.555716204243713 ± 0.1803034366364952 | 4.218984229677973 ± 1.2830564830869826 | 1.0408980619819954
0.91 | 1.0899999999999999 | 2 | 65 | 0.3595414705278613 ± 0.006388636701423811 | 0.07362903055323322 ± 0.0035204977567830885 | 1.555716204243713 ± 0.1803034366364952 | 4.218984229677973 ± 1.2830564830869826 | 1.0408980619819954
0.91 | 1.0899999999999999 | 2 | 70 | 0.3595414705278613 ± 0.006388636701423811 | 0.07362903055323322 ± 0.0035204977567830885 | 1.555716204243713 ± 0.1803034366364952 | 4.218984229677973 ± 1.2830564830869826 | 1.0408980619819954
0.91 | 1.0899999999999999 | 2 | 75 | 0.360294753105939 ± 0.02182574974719889 | 0.07326963672745605 ± 0.012525698596581475 | 1.4753466407969071 ± 0.12999370720798514 | 4.525228912792836 ± 0.7717199202716892 | 0.8691161298752337
0.91 | 1.0899999999999999 | 2 | 80 | 0.360294753105939 ± 0.02182574974719889 | 0.07326963672745605 ± 0.012525698596581475 | 1.4753466407969071 ± 0.12999370720798514 | 4.525228912792836 ± 0.7717199202716892 | 0.8691161298752337
0.91 | 1.0899999999999999 | 2 | 85 | 0.36015842639302004 ± 0.006815394948222725 | 0.07322862965283439 ± 0.003664162122053173 | 1.4459465470701265 ± 0.16499082820008323 | 4.519025745109815 ± 1.1417340929816786 | 0.8422876914162061
0.91 | 1.0899999999999999 | 2 | 90 | 0.36015842639302004 ± 0.006815394948222725 | 0.07322862965283439 ± 0.003664162122053173 | 1.4459465470701265 ± 0.16499082820008323 | 4.519025745109815 ± 1.1417340929816786 | 0.8422876914162061
0.91 | 1.0899999999999999 | 2 | 95 | 0.36015842639302004 ± 0.006815394948222725 | 0.07322862965283439 ± 0.003664162122053173 | 1.4459465470701265 ± 0.16499082820008323 | 4.519025745109815 ± 1.1417340929816786 | 0.8422876914162061
0.91 | 1.0899999999999999 | 2 | 100 | 0.3562846618130206 ± 0.00798030705677974 | 0.07130705327862637 ± 0.004237777825338095 | 1.4446340490177658 ± 0.18339728035340014 | 4.475475331928236 ± 1.2883297304689716 | 0.7407417344202633
0.92 | 1.08 | 0 | 60 | 0.3556952432466553 ± 0.014783883877262038 | 0.07247316101847595 ± 0.008145802831953836 | 1.6081404997528281 ± 0.11406767539518015 | 3.3158890705476574 ± 0.7309780886489466 | 0.49281046542555546
0.92 | 1.08 | 0 | 65 | 0.3556952432466553 ± 0.014783883877262038 | 0.07247316101847595 ± 0.008145802831953836 | 1.6081404997528281 ± 0.11406767539518015 | 3.3158890705476574 ± 0.7309780886489466 | 0.49281046542555546
0.92 | 1.08 | 0 | 70 | 0.3556952432466553 ± 0.014783883877262038 | 0.07247316101847595 ± 0.008145802831953836 | 1.6081404997528281 ± 0.11406767539518015 | 3.3158890705476574 ± 0.7309780886489466 | 0.49281046542555546
0.92 | 1.08 | 1 | 60 | 0.3575383332912446 ± 0.012268301845123397 | 0.0744558771929389 ± 0.006490320604038737 | 1.6945113211145153 ± 0.12259781999515044 | 2.7216283782761748 ± 0.8490190050700507 | 0.5451784846471885
0.92 | 1.08 | 1 | 65 | 0.3556952411747946 ± 0.01478097485875235 | 0.07247315902380902 ± 0.008143987792254411 | 1.6081403993791274 ± 0.11406290003634939 | 3.315889695837717 ± 0.7309708713794586 | 0.4928104261507017
0.92 | 1.08 | 1 | 70 | 0.3556952411747946 ± 0.01478097485875235 | 0.07247315902380902 ± 0.008143987792254411 | 1.6081403993791274 ± 0.11406290003634939 | 3.315889695837717 ± 0.7309708713794586 | 0.4928104261507017
0.92 | 1.08 | 1 | 75 | 0.3556952411747946 ± 0.01478097485875235 | 0.07247315902380902 ± 0.008143987792254411 | 1.6081403993791274 ± 0.11406290003634939 | 3.315889695837717 ± 0.7309708713794586 | 0.4928104261507017
0.92 | 1.08 | 2 | 75 | 0.36050948077706374 ± 0.033710557404358105 | 0.07317453046445188 ± 0.056317590822488106 | 1.4526857189768885 ± 0.31354128077132054 | 4.686264086683495 ± 1.1211644575634325 | 0.9277373418469763
0.92 | 1.08 | 2 | 80 | 0.36050948077706374 ± 0.033710557404358105 | 0.07317453046445188 ± 0.056317590822488106 | 1.4526857189768885 ± 0.31354128077132054 | 4.686264086683495 ± 1.1211644575634325 | 0.9277373418469763
0.92 | 1.08 | 2 | 85 | 0.36040282080978003 ± 0.00620823874477347 | 0.07315730468103482 ± 0.003381072810488497 | 1.4222189591055234 ± 0.16594135901749726 | 4.6796569560032175 ± 1.1453022493633525 | 0.9070428887765954
0.92 | 1.08 | 2 | 90 | 0.36040282080978003 ± 0.00620823874477347 | 0.07315730468103482 ± 0.003381072810488497 | 1.4222189591055234 ± 0.16594135901749726 | 4.6796569560032175 ± 1.1453022493633525 | 0.9070428887765954
0.92 | 1.08 | 2 | 95 | 0.36040282080978003 ± 0.00620823874477347 | 0.07315730468103482 ± 0.003381072810488497 | 1.4222189591055234 ± 0.16594135901749726 | 4.6796569560032175 ± 1.1453022493633525 | 0.9070428887765954
0.92 | 1.08 | 2 | 100 | 0.35729677040622826 ± 0.007229681395190812 | 0.07163028294962079 ± 0.003885150375806337 | 1.4227928213678271 ± 0.17873617820380278 | 4.631690401626651 ± 1.2470954852610228 | 0.8173615466829434
0.93 | 1.0699999999999998 | 0 | 60 | 0.35569270272673004 ± 0.014392587272543111 | 0.07247031634211855 ± 0.008042982561727622 | 1.6079862272999021 ± 0.11395681543232136 | 3.316961525002819 ± 0.7312355187498889 | 0.49276817498508263
0.93 | 1.0699999999999998 | 0 | 65 | 0.35569270272673004 ± 0.014392587272543111 | 0.07247031634211855 ± 0.008042982561727622 | 1.6079862272999021 ± 0.11395681543232136 | 3.316961525002819 ± 0.7312355187498889 | 0.49276817498508263
0.93 | 1.0699999999999998 | 0 | 70 | 0.35569270272673004 ± 0.014392587272543111 | 0.07247031634211855 ± 0.008042982561727622 | 1.6079862272999021 ± 0.11395681543232136 | 3.316961525002819 ± 0.7312355187498889 | 0.49276817498508263
0.93 | 1.0699999999999998 | 1 | 60 | 0.35753826194598426 ± 0.012191273932892294 | 0.07445579318677642 ± 0.006517656852118141 | 1.694508335049024 ± 0.12260508299481432 | 2.721654630507169 ± 0.8490170433197046 | 0.5451745075691644
0.93 | 1.0699999999999998 | 1 | 65 | 0.3556927006774996 ± 0.01439002196013367 | 0.07247031436942977 ± 0.008041300837248112 | 1.6079861278458862 ± 0.11395206792588475 | 3.316962142872205 ± 0.7312269788802399 | 0.4927681362916009
0.93 | 1.0699999999999998 | 1 | 70 | 0.3556927006774996 ± 0.01439002196013367 | 0.07247031436942977 ± 0.008041300837248112 | 1.6079861278458862 ± 0.11395206792588475 | 3.316962142872205 ± 0.7312269788802399 | 0.4927681362916009
0.93 | 1.0699999999999998 | 1 | 75 | 0.3556927006774996 ± 0.01439002196013367 | 0.07247031436942977 ± 0.008041300837248112 | 1.6079861278458862 ± 0.11395206792588475 | 3.316962142872205 ± 0.7312269788802399 | 0.4927681362916009
0.93 | 1.0699999999999998 | 2 | 75 | 0.3608204180054175 ± 0.009150364189746324 | 0.0730373518162251 ± 0.004930192807812002 | 1.404396685262307 ± 0.12696507255010828 | 4.941095385506992 ± 0.8391830806945266 | 0.9948997805709112
0.93 | 1.0699999999999998 | 2 | 80 | 0.3608204180054175 ± 0.009150364189746324 | 0.0730373518162251 ± 0.004930192807812002 | 1.404396685262307 ± 0.12696507255010828 | 4.941095385506992 ± 0.8391830806945266 | 0.9948997805709112
0.93 | 1.0699999999999998 | 2 | 85 | 0.36055765921766714 ± 0.017807461250713835 | 0.07287601174123917 ± 0.01038371565095766 | 1.407732444611964 ± 0.127457890338185 | 4.935490677256661 ± 0.7860475778537938 | 0.9899169166015519
0.93 | 1.0699999999999998 | 2 | 90 | 0.36055765921766714 ± 0.017807461250713835 | 0.07287601174123917 ± 0.01038371565095766 | 1.407732444611964 ± 0.127457890338185 | 4.935490677256661 ± 0.7860475778537938 | 0.9899169166015519
0.93 | 1.0699999999999998 | 2 | 95 | 0.3581379624453168 ± 0.012197721568400433 | 0.07170988828869837 ± 0.006728268420559348 | 1.4101861377429366 ± 0.12373565722165768 | 4.879673548176142 ± 0.8011414890875671 | 0.8985311527874856
0.93 | 1.0699999999999998 | 2 | 100 | 0.3581379624453168 ± 0.012197721568400433 | 0.07170988828869837 ± 0.006728268420559348 | 1.4101861377429366 ± 0.12373565722165768 | 4.879673548176142 ± 0.8011414890875671 | 0.8985311527874856
0.94 | 1.06 | 0 | 60 | 0.35568879544981097 ± 0.013837777534885909 | 0.07246593925785356 ± 0.00789399444597393 | 1.6077485184077527 ± 0.11380726381162451 | 3.3186139820276432 ± 0.7316535564646457 | 0.49270352379721655
0.94 | 1.06 | 0 | 65 | 0.35568879544981097 ± 0.013837777534885909 | 0.07246593925785356 ± 0.00789399444597393 | 1.6077485184077527 ± 0.11380726381162451 | 3.3186139820276432 ± 0.7316535564646457 | 0.49270352379721655
0.94 | 1.06 | 0 | 70 | 0.35568879544981097 ± 0.013837777534885909 | 0.07246593925785356 ± 0.00789399444597393 | 1.6077485184077527 ± 0.11380726381162451 | 3.3186139820276432 ± 0.7316535564646457 | 0.49270352379721655
0.94 | 1.06 | 1 | 60 | 0.3575381522534038 ± 0.012068521746304461 | 0.07445566389726076 ± 0.006560648521803744 | 1.694503732052013 ± 0.12261672492224394 | 2.7216950513305656 ± 0.8490159911017786 | 0.5451683879244107
0.94 | 1.06 | 1 | 65 | 0.35568879338843484 ± 0.013836103266338245 | 0.07246593727327813 ± 0.007892808039647998 | 1.6077484183025244 ± 0.11380372314141735 | 3.3186146045538867 ± 0.731647356085982 | 0.49270348508629486
0.94 | 1.06 | 1 | 70 | 0.35568879338843484 ± 0.013836103266338245 | 0.07246593727327813 ± 0.007892808039647998 | 1.6077484183025244 ± 0.11380372314141735 | 3.3186146045538867 ± 0.731647356085982 | 0.49270348508629486
0.94 | 1.06 | 1 | 75 | 0.35568879338843484 ± 0.013836103266338245 | 0.07246593727327813 ± 0.007892808039647998 | 1.6077484183025244 ± 0.11380372314141735 | 3.3186146045538867 ± 0.731647356085982 | 0.49270348508629486
0.94 | 1.06 | 2 | 100 | 0.35932054046281936 ± 0.007897692846528304 | 0.07203534030550393 ± 0.004302889101856452 | 1.3681681563729473 ± 0.1306330979590138 | 5.131987523312112 ± 0.8691303048735431 | 1.0260080957570088
0.95 | 1.05 | 0 | 60 | 0.3556823350946975 ± 0.013011005812266746 | 0.07245869659050631 ± 0.007657140492059427 | 1.6073542886384322 ± 0.11358022842918386 | 3.321354449660773 ± 0.7323614911316411 | 0.4925976805484734
0.95 | 1.05 | 0 | 65 | 0.3556823350946975 ± 0.013011005812266746 | 0.07245869659050631 ± 0.007657140492059427 | 1.6073542886384322 ± 0.11358022842918386 | 3.321354449660773 ± 0.7323614911316411 | 0.4925976805484734
0.95 | 1.05 | 0 | 70 | 0.3556823350946975 ± 0.013011005812266746 | 0.07245869659050631 ± 0.007657140492059427 | 1.6073542886384322 ± 0.11358022842918386 | 3.321354449660773 ± 0.7323614911316411 | 0.4925976805484734
0.95 | 1.05 | 1 | 60 | 0.35753797095552575 ± 0.011853275828323268 | 0.07445544985691666 ± 0.006634267426328747 | 1.6944960922447594 ± 0.12263639320032471 | 2.7217620158182094 ± 0.8490123531386778 | 0.5451582601575529
0.95 | 1.05 | 1 | 65 | 0.35568233300208346 ± 0.013009037692133713 | 0.07245869457648907 ± 0.007655591136916732 | 1.6073541867520804 ± 0.11357598123511331 | 3.321355081106047 ± 0.7323545281086055 | 0.49259764162993175
0.95 | 1.05 | 1 | 70 | 0.35568233300208346 ± 0.013009037692133713 | 0.07245869457648907 ± 0.007655591136916732 | 1.6073541867520804 ± 0.11357598123511331 | 3.321355081106047 ± 0.7323545281086055 | 0.49259764162993175
0.95 | 1.05 | 1 | 75 | 0.35568233300208346 ± 0.013009037692133713 | 0.07245869457648907 ± 0.007655591136916732 | 1.6073541867520804 ± 0.11357598123511331 | 3.321355081106047 ± 0.7323545281086055 | 0.49259764162993175
0.95 | 1.05 | 2 | 95 | 0.3567502663522773 ± 0.00796713030964008 | 0.0705290483344833 ± 0.004411045344213804 | 1.3335899741689232 ± 0.13749331313880936 | 5.263315643314036 ± 0.9216669943434107 | 1.018546519513257
0.95 | 1.05 | 2 | 100 | 0.3567502663522773 ± 0.00796713030964008 | 0.0705290483344833 ± 0.004411045344213804 | 1.3335899741689232 ± 0.13749331313880936 | 5.263315643314036 ± 0.9216669943434107 | 1.018546519513257
0.96 | 1.04 | 0 | 60 | 0.3556705127190452 ± 0.011751647482614175 | 0.07244542379332451 ± 0.007263886657794735 | 1.6066288235327952 ± 0.11325255529676652 | 3.326397309596487 ± 0.7337519380659266 | 0.49240745967204397
0.96 | 1.04 | 0 | 65 | 0.3556705127190452 ± 0.011751647482614175 | 0.07244542379332451 ± 0.007263886657794735 | 1.6066288235327952 ± 0.11325255529676652 | 3.326397309596487 ± 0.7337519380659266 | 0.49240745967204397
0.96 | 1.04 | 0 | 70 | 0.3556705127190452 ± 0.011751647482614175 | 0.07244542379332451 ± 0.007263886657794735 | 1.6066288235327952 ± 0.11325255529676652 | 3.326397309596487 ± 0.7337519380659266 | 0.49240745967204397
0.96 | 1.04 | 1 | 60 | 0.3575376392599854 ± 0.011416373422592857 | 0.07445505707940346 ± 0.006778651977871615 | 1.6944820089526937 ± 0.12267696198698207 | 2.7218850611336243 ± 0.8490164870223442 | 0.545139686027604
0.96 | 1.04 | 1 | 65 | 0.35567051061304655 ± 0.011752391770830012 | 0.07244542176671794 ± 0.007264599700268698 | 1.6066287205287026 ± 0.11325464584252792 | 3.326397945510858 ± 0.733756001764372 | 0.49240742120190717
0.96 | 1.04 | 1 | 70 | 0.35567051061304655 ± 0.011752391770830012 | 0.07244542176671794 ± 0.007264599700268698 | 1.6066287205287026 ± 0.11325464584252792 | 3.326397945510858 ± 0.733756001764372 | 0.49240742120190717
0.96 | 1.04 | 1 | 75 | 0.35567051061304655 ± 0.011752391770830012 | 0.07244542176671794 ± 0.007264599700268698 | 1.6066287205287026 ± 0.11325464584252792 | 3.326397945510858 ± 0.733756001764372 | 0.49240742120190717
0.96 | 1.04 | 2 | 90 | 0.3586490058641099 ± 0.002772689059650474 | 0.07464984308588485 ± 0.0016027825082025678 | 1.645575909341656 ± 0.21066839820932856 | 3.133071520516237 ± 1.6971040443222198 | 0.7897106321462497
0.96 | 1.04 | 2 | 95 | 0.3586490058641099 ± 0.002772689059650474 | 0.07464984308588485 ± 0.0016027825082025678 | 1.645575909341656 ± 0.21066839820932856 | 3.133071520516237 ± 1.6971040443222198 | 0.7897106321462497
0.96 | 1.04 | 2 | 100 | 0.3586490058641099 ± 0.002772689059650474 | 0.07464984308588485 ± 0.0016027825082025678 | 1.645575909341656 ± 0.21066839820932856 | 3.133071520516237 ± 1.6971040443222198 | 0.7897106321462497
0.97 | 1.03 | 0 | 60 | 0.3556453419202668 ± 0.015479052622833306 | 0.0724170745092354 ± 0.00656189737499129 | 1.6050652935588263 ± 0.11283780751544885 | 3.337265179492824 ± 0.7370589289280263 | 0.49201809744595826
0.97 | 1.03 | 0 | 65 | 0.3556453419202668 ± 0.015479052622833306 | 0.0724170745092354 ± 0.00656189737499129 | 1.6050652935588263 ± 0.11283780751544885 | 3.337265179492824 ± 0.7370589289280263 | 0.49201809744595826
0.97 | 1.03 | 0 | 70 | 0.3556453419202668 ± 0.015479052622833306 | 0.0724170745092354 ± 0.00656189737499129 | 1.6050652935588263 ± 0.11283780751544885 | 3.337265179492824 ± 0.7370589289280263 | 0.49201809744595826
0.97 | 1.03 | 1 | 60 | 0.35753693194376285 ± 0.01638996881411217 | 0.07445421408228464 ± 0.007137197179559652 | 1.69445149928605 ± 0.12278492734349489 | 2.7221499181854507 ± 0.8490565232663415 | 0.5450998693229379
0.97 | 1.03 | 1 | 65 | 0.35564533977545904 ± 0.015479051996203613 | 0.07241707244731993 ± 0.006561896136691112 | 1.6050651880216331 ± 0.11283785602213399 | 3.337265828864321 ± 0.7370595296661201 | 0.4920180598078015
0.97 | 1.03 | 1 | 70 | 0.35564533977545904 ± 0.015479051996203613 | 0.07241707244731993 ± 0.006561896136691112 | 1.6050651880216331 ± 0.11283785602213399 | 3.337265828864321 ± 0.7370595296661201 | 0.4920180598078015
0.97 | 1.03 | 1 | 75 | 0.35564533977545904 ± 0.015479051996203613 | 0.07241707244731993 ± 0.006561896136691112 | 1.6050651880216331 ± 0.11283785602213399 | 3.337265828864321 ± 0.7370595296661201 | 0.4920180598078015
0.97 | 1.03 | 2 | 150 | 0.3565400540800777 ± 0.016256668564152504 | 0.07346521135419873 ± 0.00828864672518405 | 1.653419817070179 ± 0.1190577352990852 | 2.9851822725790735 ± 0.7940502837873027 | 0.5067850477518616
0.98 | 1.02 | 0 | 60 | 0.35557756507138555 ± 0.010445162884392067 | 0.0723398946151404 ± 0.005277994826596009 | 1.6006870288725947 ± 0.11297542467523612 | 3.367698239655025 ± 0.7483914920676982 | 0.49108901703474045
0.98 | 1.02 | 0 | 65 | 0.35557756507138555 ± 0.010445162884392067 | 0.0723398946151404 ± 0.005277994826596009 | 1.6006870288725947 ± 0.11297542467523612 | 3.367698239655025 ± 0.7483914920676982 | 0.49108901703474045
0.98 | 1.02 | 0 | 70 | 0.35557756507138555 ± 0.010445162884392067 | 0.0723398946151404 ± 0.005277994826596009 | 1.6006870288725947 ± 0.11297542467523612 | 3.367698239655025 ± 0.7483914920676982 | 0.49108901703474045
0.98 | 1.02 | 1 | 60 | 0.3575349802443346 ± 0.010598202996737194 | 0.07445184794089046 ± 0.008756163774428113 | 1.694363848174091 ± 0.12338832376364423 | 2.7228990839014684 ± 0.8496757205957105 | 0.544988456061736
0.98 | 1.02 | 1 | 65 | 0.3555775628377186 ± 0.010445181800009667 | 0.07233989247809737 ± 0.005278173905783809 | 1.6006869172792373 ± 0.11297586371473714 | 3.367698921698978 ± 0.7483932018118794 | 0.49108898247806704
0.98 | 1.02 | 1 | 70 | 0.3555775628377186 ± 0.010445181800009667 | 0.07233989247809737 ± 0.005278173905783809 | 1.6006869172792373 ± 0.11297586371473714 | 3.367698921698978 ± 0.7483932018118794 | 0.49108898247806704
0.98 | 1.02 | 1 | 75 | 0.3555775628377186 ± 0.010445181800009667 | 0.07233989247809737 ± 0.005278173905783809 | 1.6006869172792373 ± 0.11297586371473714 | 3.367698921698978 ± 0.7483932018118794 | 0.49108898247806704
0.99 | 1.01 | 0 | 60 | 0.3555721679881012 ± 0.00512318939150358 | 0.07228890729604025 ± 0.007131057458964471 | 1.5921315598165489 ± 0.12822300660916167 | 3.428014076722319 ± 0.8697350905463649 | 0.49230904270574094
0.99 | 1.01 | 0 | 65 | 0.3555721679881012 ± 0.00512318939150358 | 0.07228890729604025 ± 0.007131057458964471 | 1.5921315598165489 ± 0.12822300660916167 | 3.428014076722319 ± 0.8697350905463649 | 0.49230904270574094
0.99 | 1.01 | 0 | 70 | 0.3555721679881012 ± 0.00512318939150358 | 0.07228890729604025 ± 0.007131057458964471 | 1.5921315598165489 ± 0.12822300660916167 | 3.428014076722319 ± 0.8697350905463649 | 0.49230904270574094
0.99 | 1.01 | 0 | 75 | 0.3554267750492134 ± 0.004626870663850202 | 0.0721370231130798 ± 0.0040335071177467225 | 1.5853915862539836 ± 0.12030136350629886 | 3.4607412127720742 ± 0.8138405872908542 | 0.4911460868633692
0.99 | 1.01 | 0 | 80 | 0.3554267750492134 ± 0.004626870663850202 | 0.0721370231130798 ± 0.0040335071177467225 | 1.5853915862539836 ± 0.12030136350629886 | 3.4607412127720742 ± 0.8138405872908542 | 0.4911460868633692
0.99 | 1.01 | 1 | 60 | 0.35752606979376506 ± 0.005853157631056538 | 0.07444015102997972 ± 0.002298566539207824 | 1.6938908355026234 ± 0.10289323127542656 | 2.726735434574098 ± 0.7304798166346345 | 0.544445003636581
0.99 | 1.01 | 1 | 65 | 0.35557216922771256 ± 0.005123471857444661 | 0.07228890893938453 ± 0.007131526389488582 | 1.592131611782934 ± 0.12822427508138265 | 3.4280135749204974 ± 0.8697383265683508 | 0.4923090564500126
0.99 | 1.01 | 1 | 70 | 0.35557216922771256 ± 0.005123471857444661 | 0.07228890893938453 ± 0.007131526389488582 | 1.592131611782934 ± 0.12822427508138265 | 3.4280135749204974 ± 0.8697383265683508 | 0.4923090564500126
0.99 | 1.01 | 1 | 75 | 0.35557216922771256 ± 0.005123471857444661 | 0.07228890893938453 ± 0.007131526389488582 | 1.592131611782934 ± 0.12822427508138265 | 3.4280135749204974 ± 0.8697383265683508 | 0.4923090564500126
0.99 | 1.01 | 1 | 80 | 0.3554267764154664 ± 0.004626859851379561 | 0.0721370239674475 ± 0.00403352666459823 | 1.585391642817473 ± 0.12030140850011177 | 3.460741493655624 ± 0.8138407702724021 | 0.49114611231783173
0.99 | 1.01 | 1 | 85 | 0.3554267764154664 ± 0.004626859851379561 | 0.0721370239674475 ± 0.00403352666459823 | 1.585391642817473 ± 0.12030140850011177 | 3.460741493655624 ± 0.8138407702724021 | 0.49114611231783173
0.99 | 1.01 | 2 | 75 | 0.35688196122779386 ± 0.0016748037882850508 | 0.07178848099363652 ± 0.0021642419776569423 | 1.4319381465886205 ± 0.2485524882720455 | 4.275980673386814 ± 1.7938622154373463 | 0.8970364447453585
0.99 | 1.01 | 2 | 80 | 0.35688196122779386 ± 0.0016748037882850508 | 0.07178848099363652 ± 0.0021642419776569423 | 1.4319381465886205 ± 0.2485524882720455 | 4.275980673386814 ± 1.7938622154373463 | 0.8970364447453585
0.99 | 1.01 | 2 | 85 | 0.35688196122779386 ± 0.0016748037882850508 | 0.07178848099363652 ± 0.0021642419776569423 | 1.4319381465886205 ± 0.2485524882720455 | 4.275980673386814 ± 1.7938622154373463 | 0.8970364447453585
0.99 | 1.01 | 2 | 90 | 0.35688196122779386 ± 0.0016748037882850508 | 0.07178848099363652 ± 0.0021642419776569423 | 1.4319381465886205 ± 0.2485524882720455 | 4.275980673386814 ± 1.7938622154373463 | 0.8970364447453585
0.99 | 1.01 | 2 | 95 | 0.35700260631585723 ± 0.005456075755998713 | 0.07151166214539467 ± 0.0023980541292957106 | 1.4339061242969897 ± 0.13424108489766753 | 4.501060354328363 ± 0.9062927875590516 | 0.7268725122491523
0.99 | 1.01 | 2 | 100 | 0.35700260631585723 ± 0.005456075755998713 | 0.07151166214539467 ± 0.0023980541292957106 | 1.4339061242969897 ± 0.13424108489766753 | 4.501060354328363 ± 0.9062927875590516 | 0.7268725122491523
1 | 1 | 2 | 60 | 0.356 ± 0.00356 | 0.07425134645046316 ± 0.001234568770737118 | 1.7262195277489176 ± 0.09060366899399921 | 2.3479031529347982 ± 0.6062576870146482 | 0.5752780774648477
1 | 1 | 2 | 95 | 0.356 ± 0.00356 | 0.07062190522146339 ± 0.0014092587661208612 | 1.3690758657275093 ± 0.1612861715041824 | 4.737271193646509 ± 1.0991753616706261 | 0.8729096404158481
1 | 1 | 2 | 100 | 0.356 ± 0.00356 | 0.07049617642987098 ± 0.0010648502848281081 | 1.3771554953851766 ± 0.1257308043218482 | 4.857443309077707 ± 0.838075041366383 | 0.8145137716386693
