Otimização para log em ATLAS - Limites: eps_0_mg_1_a2_1
Configuração: down | up | strategy | migrad | mg ± error | eps ± error | a1 ± error | a2 ± error | χ²/ndof
========================================================================================================================
0.91 | 1.0899999999999999 | 0 | 60 | 0.35719279804701803 ± 0.013765017347391578 | 0.07425919513826268 ± 0.00719938796696068 | 1.6940357788337812 ± 0.043083619032007324 | 2.7249920627607915 ± 0.3963360860672358 | 0.5368349118274318
0.91 | 1.0899999999999999 | 0 | 65 | 0.3571157338604253 ± 0.014589436123835842 | 0.0742104386843452 ± 0.007665921526799631 | 1.692762957477911 ± 0.04459355107333781 | 2.7232514289604657 ± 0.3419792467614877 | 0.535627278971492
0.91 | 1.0899999999999999 | 0 | 70 | 0.3571157338604253 ± 0.014589436123835842 | 0.0742104386843452 ± 0.007665921526799631 | 1.692762957477911 ± 0.04459355107333781 | 2.7232514289604657 ± 0.3419792467614877 | 0.535627278971492
0.91 | 1.0899999999999999 | 0 | 75 | 0.3568226632474337 ± 0.014717965477808514 | 0.07407536906281458 ± 0.00774709354482058 | 1.69023645424759 ± 0.048072647886863516 | 2.705316906308159 ± 0.272653459545694 | 0.5315517224386619
0.91 | 1.0899999999999999 | 0 | 80 | 0.3568226632474337 ± 0.014717965477808514 | 0.07407536906281458 ± 0.00774709354482058 | 1.69023645424759 ± 0.048072647886863516 | 2.705316906308159 ± 0.272653459545694 | 0.5315517224386619
0.91 | 1.0899999999999999 | 0 | 85 | 0.3568226632474337 ± 0.014717965477808514 | 0.07407536906281458 ± 0.00774709354482058 | 1.69023645424759 ± 0.048072647886863516 | 2.705316906308159 ± 0.272653459545694 | 0.5315517224386619
0.91 | 1.0899999999999999 | 0 | 90 | 0.35657032195306043 ± 0.0033903140228073447 | 0.07401422598361986 ± 0.0016840643059132944 | 1.6924006234338567 ± 0.19747137012967753 | 2.6993285946717434 ± 0.2981659102794887 | 0.5252312691330575
0.91 | 1.0899999999999999 | 0 | 95 | 0.35657032195306043 ± 0.0033903140228073447 | 0.07401422598361986 ± 0.0016840643059132944 | 1.6924006234338567 ± 0.19747137012967753 | 2.6993285946717434 ± 0.2981659102794887 | 0.5252312691330575
0.91 | 1.0899999999999999 | 0 | 100 | 0.35566143775235615 ± 0.01308372840751984 | 0.07367766667426544 ± 0.006871028335833251 | 1.701918242036954 ± 0.067603981551032 | 2.6069577720333963 ± 0.24380922324069254 | 0.5123568593784366
0.91 | 1.0899999999999999 | 1 | 60 | 0.35719279890720107 ± 0.013765666249574565 | 0.0742591945990845 ± 0.00719975200842598 | 1.6940357006917903 ± 0.043084487125197295 | 2.724992036037345 ± 0.39633065039097515 | 0.5368349669784396
0.91 | 1.0899999999999999 | 1 | 65 | 0.35719279890720107 ± 0.013765666249574565 | 0.0742591945990845 ± 0.00719975200842598 | 1.6940357006917903 ± 0.043084487125197295 | 2.724992036037345 ± 0.39633065039097515 | 0.5368349669784396
0.91 | 1.0899999999999999 | 1 | 70 | 0.35719279890720107 ± 0.013765666249574565 | 0.0742591945990845 ± 0.00719975200842598 | 1.6940357006917903 ± 0.043084487125197295 | 2.724992036037345 ± 0.39633065039097515 | 0.5368349669784396
0.91 | 1.0899999999999999 | 1 | 75 | 0.357115725402245 ± 0.014588955579538126 | 0.07421043333926057 ± 0.007665644686325648 | 1.6927627388609316 ± 0.04458957622779062 | 2.7232506509658982 ± 0.3418744292942957 | 0.5356272711008274
0.91 | 1.0899999999999999 | 1 | 80 | 0.357115725402245 ± 0.014588955579538126 | 0.07421043333926057 ± 0.007665644686325648 | 1.6927627388609316 ± 0.04458957622779062 | 2.7232506509658982 ± 0.3418744292942957 | 0.5356272711008274
0.91 | 1.0899999999999999 | 1 | 85 | 0.35682261889873945 ± 0.01471743896656183 | 0.07407535416516904 ± 0.007746793698834075 | 1.6902360877550515 ± 0.04807281091414088 | 2.7053122009574184 ± 0.2726466420864848 | 0.5315512930178022
0.91 | 1.0899999999999999 | 1 | 90 | 0.35682261889873945 ± 0.01471743896656183 | 0.07407535416516904 ± 0.007746793698834075 | 1.6902360877550515 ± 0.04807281091414088 | 2.7053122009574184 ± 0.2726466420864848 | 0.5315512930178022
0.91 | 1.0899999999999999 | 1 | 95 | 0.35682261889873945 ± 0.01471743896656183 | 0.07407535416516904 ± 0.007746793698834075 | 1.6902360877550515 ± 0.04807281091414088 | 2.7053122009574184 ± 0.2726466420864848 | 0.5315512930178022
0.91 | 1.0899999999999999 | 1 | 100 | 0.3565703699172295 ± 0.003387132383533664 | 0.07401425584252819 ± 0.0016823279010111344 | 1.6924013721698838 ± 0.19745313401594178 | 2.6993330633175874 ± 0.2984280456190407 | 0.5252326552587744
0.91 | 1.0899999999999999 | 2 | 80 | 0.3577711177746049 ± 0.011265035403654783 | 0.07451765945147522 ± 0.0058095309338455844 | 1.674783678599597 ± 0.0408841187399429 | 2.7216342667897826 ± 0.31089143944740183 | 0.5753877088505075
0.91 | 1.0899999999999999 | 2 | 85 | 0.3577711177746049 ± 0.011265035403654783 | 0.07451765945147522 ± 0.0058095309338455844 | 1.674783678599597 ± 0.0408841187399429 | 2.7216342667897826 ± 0.31089143944740183 | 0.5753877088505075
0.91 | 1.0899999999999999 | 2 | 90 | 0.3577711177746049 ± 0.011265035403654783 | 0.07451765945147522 ± 0.0058095309338455844 | 1.674783678599597 ± 0.0408841187399429 | 2.7216342667897826 ± 0.31089143944740183 | 0.5753877088505075
0.91 | 1.0899999999999999 | 2 | 95 | 0.35768976416611403 ± 0.002804749131468498 | 0.07454309713657652 ± 0.0013630509439472274 | 1.6950848607337141 ± 0.17990205062905334 | 2.7211099285037945 ± 0.33543393299117263 | 0.5493985704095353
0.91 | 1.0899999999999999 | 2 | 100 | 0.35768976416611403 ± 0.002804749131468498 | 0.07454309713657652 ± 0.0013630509439472274 | 1.6950848607337141 ± 0.17990205062905334 | 2.7211099285037945 ± 0.33543393299117263 | 0.5493985704095353
0.92 | 1.08 | 0 | 60 | 0.3569817618872956 ± 0.014164801128027954 | 0.07419943310265992 ± 0.007505141963136982 | 1.6990253219369307 ± 0.04392152401264675 | 2.6997027001542424 ± 0.35584581624193623 | 0.5347571321737868
0.92 | 1.08 | 0 | 65 | 0.3569817618872956 ± 0.014164801128027954 | 0.07419943310265992 ± 0.007505141963136982 | 1.6990253219369307 ± 0.04392152401264675 | 2.6997027001542424 ± 0.35584581624193623 | 0.5347571321737868
0.92 | 1.08 | 0 | 70 | 0.3569817618872956 ± 0.014164801128027954 | 0.07419943310265992 ± 0.007505141963136982 | 1.6990253219369307 ± 0.04392152401264675 | 2.6997027001542424 ± 0.35584581624193623 | 0.5347571321737868
0.92 | 1.08 | 0 | 75 | 0.3569817618872956 ± 0.014164801128027954 | 0.07419943310265992 ± 0.007505141963136982 | 1.6990253219369307 ± 0.04392152401264675 | 2.6997027001542424 ± 0.35584581624193623 | 0.5347571321737868
0.92 | 1.08 | 0 | 80 | 0.35690216679968423 ± 0.015143208696856203 | 0.07414502017837679 ± 0.008083831658742723 | 1.6973316159603982 ± 0.04515548411805043 | 2.6996098520901985 ± 0.3272327295113535 | 0.5332906267914402
0.92 | 1.08 | 0 | 85 | 0.35690216679968423 ± 0.015143208696856203 | 0.07414502017837679 ± 0.008083831658742723 | 1.6973316159603982 ± 0.04515548411805043 | 2.6996098520901985 ± 0.3272327295113535 | 0.5332906267914402
0.92 | 1.08 | 0 | 90 | 0.3566366505388658 ± 0.014888263960024156 | 0.0740113686280568 ± 0.007938580284055372 | 1.6927545967313569 ± 0.04693075243438479 | 2.6877413053306265 ± 0.3229072487005751 | 0.5287617338280183
0.92 | 1.08 | 0 | 95 | 0.3566366505388658 ± 0.014888263960024156 | 0.0740113686280568 ± 0.007938580284055372 | 1.6927545967313569 ± 0.04693075243438479 | 2.6877413053306265 ± 0.3229072487005751 | 0.5287617338280183
0.92 | 1.08 | 0 | 100 | 0.35649547750711996 ± 0.01138501610001727 | 0.0739916536528812 ± 0.005946193750014761 | 1.6938717293481493 ± 0.06067834290529264 | 2.6865665454842915 ± 0.2617344572172151 | 0.5239052554854878
0.92 | 1.08 | 1 | 60 | 0.35740013232101037 ± 0.012200920282511518 | 0.07451824895191725 ± 0.006394153124794549 | 1.7043707267103259 ± 0.07699780711744333 | 2.6488083401336824 ± 0.370290035608843 | 0.5484013326968348
0.92 | 1.08 | 1 | 65 | 0.3569817618855158 ± 0.014164483136882261 | 0.0741994320529044 ± 0.007504955934500327 | 1.699025000876844 ± 0.043921064856198976 | 2.6997027251122234 ± 0.3558431480297677 | 0.5347569906450731
0.92 | 1.08 | 1 | 70 | 0.3569817618855158 ± 0.014164483136882261 | 0.0741994320529044 ± 0.007504955934500327 | 1.699025000876844 ± 0.043921064856198976 | 2.6997027251122234 ± 0.3558431480297677 | 0.5347569906450731
0.92 | 1.08 | 1 | 75 | 0.3569817618855158 ± 0.014164483136882261 | 0.0741994320529044 ± 0.007504955934500327 | 1.699025000876844 ± 0.043921064856198976 | 2.6997027251122234 ± 0.3558431480297677 | 0.5347569906450731
0.92 | 1.08 | 1 | 80 | 0.3569817618855158 ± 0.014164483136882261 | 0.0741994320529044 ± 0.007504955934500327 | 1.699025000876844 ± 0.043921064856198976 | 2.6997027251122234 ± 0.3558431480297677 | 0.5347569906450731
0.92 | 1.08 | 1 | 85 | 0.3569021649909092 ± 0.015144052041951683 | 0.07414501830755763 ± 0.00808433618799153 | 1.697331290952493 ± 0.04515670729107797 | 2.69960980172195 ± 0.32723128298316784 | 0.5332905014134529
0.92 | 1.08 | 1 | 90 | 0.3569021649909092 ± 0.015144052041951683 | 0.07414501830755763 ± 0.00808433618799153 | 1.697331290952493 ± 0.04515670729107797 | 2.69960980172195 ± 0.32723128298316784 | 0.5332905014134529
0.92 | 1.08 | 1 | 95 | 0.3566366379948451 ± 0.014888549021511599 | 0.07401136327853294 ± 0.007938750788582059 | 1.692754434752703 ± 0.04693131764512917 | 2.6877405392931863 ± 0.3229078410830575 | 0.5287615590060052
0.92 | 1.08 | 1 | 100 | 0.3566366379948451 ± 0.014888549021511599 | 0.07401136327853294 ± 0.007938750788582059 | 1.692754434752703 ± 0.04693131764512917 | 2.6877405392931863 ± 0.3229078410830575 | 0.5287615590060052
0.92 | 1.08 | 2 | 75 | 0.3571215784669253 ± 0.002988473260700869 | 0.07479644627030313 ± 0.0014249871301580432 | 1.723133104462048 ± 0.17597540902253445 | 2.518903478321727 ± 0.29569831311569184 | 0.6304868687866028
0.92 | 1.08 | 2 | 80 | 0.3571215784669253 ± 0.002988473260700869 | 0.07479644627030313 ± 0.0014249871301580432 | 1.723133104462048 ± 0.17597540902253445 | 2.518903478321727 ± 0.29569831311569184 | 0.6304868687866028
0.92 | 1.08 | 2 | 85 | 0.35710771927295765 ± 0.004612652187698046 | 0.07477577215135012 ± 0.0023138412250108655 | 1.7287639819130969 ± 0.18541531646981715 | 2.4308295544264924 ± 0.26494085277856305 | 0.5693669491114624
0.92 | 1.08 | 2 | 90 | 0.35710771927295765 ± 0.004612652187698046 | 0.07477577215135012 ± 0.0023138412250108655 | 1.7287639819130969 ± 0.18541531646981715 | 2.4308295544264924 ± 0.26494085277856305 | 0.5693669491114624
0.92 | 1.08 | 2 | 95 | 0.3570928745818842 ± 0.011659081919763864 | 0.07476807421255639 ± 0.0061064469304075095 | 1.7340083012951575 ± 0.13207683106801957 | 2.4401834532841233 ± 0.3157446333589333 | 0.5666512382938735
0.92 | 1.08 | 2 | 100 | 0.3570928745818842 ± 0.011659081919763864 | 0.07476807421255639 ± 0.0061064469304075095 | 1.7340083012951575 ± 0.13207683106801957 | 2.4401834532841233 ± 0.3157446333589333 | 0.5666512382938735
0.92 | 1.08 | 2 | 150 | 0.3565802403690633 ± 0.011224172712945263 | 0.07401741183069832 ± 0.005864727389479064 | 1.6928497877084807 ± 0.0803896131732398 | 2.698907180915923 ± 0.22447060224370952 | 0.524973138818281
0.92 | 1.08 | 2 | 200 | 0.35541145546876707 ± 0.013194901371623241 | 0.07353339697754369 ± 0.006997769469564612 | 1.7025050079829573 ± 0.060533805562674924 | 2.616292111025873 ± 0.20158480487822827 | 0.5054449035464023
0.93 | 1.0699999999999998 | 0 | 60 | 0.3574455825026204 ± 0.011605111870822554 | 0.07450169210717643 ± 0.006103936011820375 | 1.7011664817980945 ± 0.04796971340607552 | 2.674605224489218 ± 0.2944983200586373 | 0.5473269066623258
0.93 | 1.0699999999999998 | 0 | 65 | 0.3574421912698638 ± 0.012748333263041617 | 0.0744847883042068 ± 0.006762211221119382 | 1.7006260705258818 ± 0.04251513702399128 | 2.674571161176084 ± 0.34668375493650316 | 0.546896538445723
0.93 | 1.0699999999999998 | 0 | 70 | 0.3574421912698638 ± 0.012748333263041617 | 0.0744847883042068 ± 0.006762211221119382 | 1.7006260705258818 ± 0.04251513702399128 | 2.674571161176084 ± 0.34668375493650316 | 0.546896538445723
0.93 | 1.0699999999999998 | 1 | 60 | 0.3574455825024639 ± 0.011605517195236226 | 0.07450169210742841 ± 0.006104167732859946 | 1.7011664818163612 ± 0.047970133497739466 | 2.6746052243822183 ± 0.29449847294850073 | 0.5473269066755198
0.93 | 1.0699999999999998 | 1 | 65 | 0.3574421912700519 ± 0.012748138485475069 | 0.07448478830464882 ± 0.0067620965631322175 | 1.7006260705488485 ± 0.04251489060719359 | 2.674571161065376 ± 0.34668375449365163 | 0.5468965384601486
0.93 | 1.0699999999999998 | 1 | 70 | 0.3574421912700519 ± 0.012748138485475069 | 0.07448478830464882 ± 0.0067620965631322175 | 1.7006260705488485 ± 0.04251489060719359 | 2.674571161065376 ± 0.34668375449365163 | 0.5468965384601486
0.93 | 1.0699999999999998 | 1 | 75 | 0.3574421912700519 ± 0.012748138485475069 | 0.07448478830464882 ± 0.0067620965631322175 | 1.7006260705488485 ± 0.04251489060719359 | 2.674571161065376 ± 0.34668375449365163 | 0.5468965384601486
0.93 | 1.0699999999999998 | 2 | 80 | 0.3570126391499151 ± 0.008743527612451757 | 0.07487524501837725 ± 0.0045003122523447825 | 1.7375060787243406 ± 0.05042025055037477 | 2.393224322035782 ± 0.3094605619772033 | 0.5855809978604809
0.93 | 1.0699999999999998 | 2 | 85 | 0.3570126391499151 ± 0.008743527612451757 | 0.07487524501837725 ± 0.0045003122523447825 | 1.7375060787243406 ± 0.05042025055037477 | 2.393224322035782 ± 0.3094605619772033 | 0.5855809978604809
0.93 | 1.0699999999999998 | 2 | 90 | 0.3570339263682929 ± 0.0032007409258040243 | 0.074854406794712 ± 0.001574051648209583 | 1.7401173506766767 ± 0.1784989924474189 | 2.3750563215279605 ± 0.19242103031077984 | 0.5744532308119537
0.93 | 1.0699999999999998 | 2 | 95 | 0.3570339263682929 ± 0.0032007409258040243 | 0.074854406794712 ± 0.001574051648209583 | 1.7401173506766767 ± 0.1784989924474189 | 2.3750563215279605 ± 0.19242103031077984 | 0.5744532308119537
0.93 | 1.0699999999999998 | 2 | 100 | 0.35693787522461007 ± 0.0030390560857405102 | 0.07482162675768239 ± 0.001491642951450385 | 1.7443045095096168 ± 0.17606872366472723 | 2.3676775062090925 ± 0.18848664366751344 | 0.5735141063429349
0.93 | 1.0699999999999998 | 2 | 150 | 0.3542264287866945 ± 0.01096687027184265 | 0.07356955295283663 ± 0.0057757367718299195 | 1.7375161319452461 ± 0.0424130602501073 | 2.3361629976576457 ± 0.2244194925353289 | 0.5290917499450548
0.93 | 1.0699999999999998 | 2 | 200 | 0.35533515514944564 ± 0.011444197954733976 | 0.0735312826543382 ± 0.0061192151577273545 | 1.7025128005564802 ± 0.18871003130417383 | 2.6215894192088602 ± 0.17550155958153724 | 0.5027629169161287
0.94 | 1.06 | 0 | 60 | 0.35739668852549883 ± 0.011443967077089723 | 0.07452710117044169 ± 0.006108229590435802 | 1.7048912999707513 ± 0.052699366656195894 | 2.64692820910966 ± 0.26830437853240685 | 0.54876887132995
0.94 | 1.06 | 0 | 65 | 0.3573912699067553 ± 0.012792060592190041 | 0.07450760063417618 ± 0.006930695903359247 | 1.7043181783554286 ± 0.04409130839316302 | 2.647254445460438 ± 0.2986106213434534 | 0.5482762212440228
0.94 | 1.06 | 0 | 70 | 0.3573912699067553 ± 0.012792060592190041 | 0.07450760063417618 ± 0.006930695903359247 | 1.7043181783554286 ± 0.04409130839316302 | 2.647254445460438 ± 0.2986106213434534 | 0.5482762212440228
0.94 | 1.06 | 0 | 75 | 0.3561037621061408 ± 0.013214138142322446 | 0.07380849142000069 ± 0.00722596905572472 | 1.6907149777394788 ± 0.04440090771546308 | 2.6412199921437174 ± 0.19493308525159225 | 0.5266449056662125
0.94 | 1.06 | 0 | 80 | 0.3561037621061408 ± 0.013214138142322446 | 0.07380849142000069 ± 0.00722596905572472 | 1.6907149777394788 ± 0.04440090771546308 | 2.6412199921437174 ± 0.19493308525159225 | 0.5266449056662125
0.94 | 1.06 | 0 | 85 | 0.3561037621061408 ± 0.013214138142322446 | 0.07380849142000069 ± 0.00722596905572472 | 1.6907149777394788 ± 0.04440090771546308 | 2.6412199921437174 ± 0.19493308525159225 | 0.5266449056662125
0.94 | 1.06 | 0 | 90 | 0.35379720286526667 ± 0.010425859591780995 | 0.07270906994631234 ± 0.005587739137388896 | 1.6937204859973456 ± 0.0486048793608444 | 2.57135809468607 ± 0.18195406963539584 | 0.4950118118284009
0.94 | 1.06 | 0 | 95 | 0.35379720286526667 ± 0.010425859591780995 | 0.07270906994631234 ± 0.005587739137388896 | 1.6937204859973456 ± 0.0486048793608444 | 2.57135809468607 ± 0.18195406963539584 | 0.4950118118284009
0.94 | 1.06 | 0 | 100 | 0.35379720286526667 ± 0.010425859591780995 | 0.07270906994631234 ± 0.005587739137388896 | 1.6937204859973456 ± 0.0486048793608444 | 2.57135809468607 ± 0.18195406963539584 | 0.4950118118284009
0.94 | 1.06 | 1 | 60 | 0.357396688648815 ± 0.011444168248695902 | 0.07452710111951913 ± 0.006108640175375731 | 1.7048912913434404 ± 0.05321578762363613 | 2.646928262375874 ± 0.2776352530836952 | 0.5487688683442711
0.94 | 1.06 | 1 | 65 | 0.357396688648815 ± 0.011444168248695902 | 0.07452710111951913 ± 0.006108640175375731 | 1.7048912913434404 ± 0.05321578762363613 | 2.646928262375874 ± 0.2776352530836952 | 0.5487688683442711
0.94 | 1.06 | 1 | 70 | 0.3573912696280561 ± 0.012791867263044654 | 0.07450760017269721 ± 0.00693058810711421 | 1.704318168807205 ± 0.04411038499057835 | 2.647254417545894 ± 0.29859855907169996 | 0.5482762208218541
0.94 | 1.06 | 1 | 75 | 0.3573912696280561 ± 0.012791867263044654 | 0.07450760017269721 ± 0.00693058810711421 | 1.704318168807205 ± 0.04411038499057835 | 2.647254417545894 ± 0.29859855907169996 | 0.5482762208218541
0.94 | 1.06 | 1 | 80 | 0.3561031242485235 ± 0.01321309353887215 | 0.07380818288146707 ± 0.007225313052356913 | 1.690709862072856 ± 0.04440059522346367 | 2.6412149787752175 ± 0.1949330081511953 | 0.5266349603043575
0.94 | 1.06 | 1 | 85 | 0.3561031242485235 ± 0.01321309353887215 | 0.07380818288146707 ± 0.007225313052356913 | 1.690709862072856 ± 0.04440059522346367 | 2.6412149787752175 ± 0.1949330081511953 | 0.5266349603043575
0.94 | 1.06 | 1 | 90 | 0.3561031242485235 ± 0.01321309353887215 | 0.07380818288146707 ± 0.007225313052356913 | 1.690709862072856 ± 0.04440059522346367 | 2.6412149787752175 ± 0.1949330081511953 | 0.5266349603043575
0.94 | 1.06 | 1 | 95 | 0.3561031242485235 ± 0.01321309353887215 | 0.07380818288146707 ± 0.007225313052356913 | 1.690709862072856 ± 0.04440059522346367 | 2.6412149787752175 ± 0.1949330081511953 | 0.5266349603043575
0.94 | 1.06 | 1 | 100 | 0.35379619920923994 ± 0.01042299917422207 | 0.07270856284840223 ± 0.00558607964259022 | 1.6937158612045282 ± 0.04860275048995364 | 2.5713507102959032 ± 0.18195854354067964 | 0.49499593411519105
0.94 | 1.06 | 2 | 70 | 0.3576908107774273 ± 0.01659557811913301 | 0.07458383288081377 ± 0.009588881992607327 | 1.6857848211611013 ± 0.04971817260604479 | 2.6386764400420946 ± 0.23167709900489997 | 0.5816176122145704
0.94 | 1.06 | 2 | 75 | 0.3576908107774273 ± 0.01659557811913301 | 0.07458383288081377 ± 0.009588881992607327 | 1.6857848211611013 ± 0.04971817260604479 | 2.6386764400420946 ± 0.23167709900489997 | 0.5816176122145704
0.94 | 1.06 | 2 | 80 | 0.3576908107774273 ± 0.01659557811913301 | 0.07458383288081377 ± 0.009588881992607327 | 1.6857848211611013 ± 0.04971817260604479 | 2.6386764400420946 ± 0.23167709900489997 | 0.5816176122145704
0.94 | 1.06 | 2 | 85 | 0.3575902943219448 ± 0.014052640181425269 | 0.07461850082627326 ± 0.007746713807971649 | 1.7065120913492073 ± 0.04888849926541271 | 2.6379870427504355 ± 0.29270453159850907 | 0.5544939974306642
0.94 | 1.06 | 2 | 90 | 0.3575902943219448 ± 0.014052640181425269 | 0.07461850082627326 ± 0.007746713807971649 | 1.7065120913492073 ± 0.04888849926541271 | 2.6379870427504355 ± 0.29270453159850907 | 0.5544939974306642
0.94 | 1.06 | 2 | 95 | 0.3571535988000336 ± 0.002718119311000494 | 0.07446481173121357 ± 0.0013224035210200658 | 1.70680714859075 ± 0.1500610835578708 | 2.6294388930556916 ± 0.1693944115163315 | 0.5479386216380984
0.94 | 1.06 | 2 | 100 | 0.3571535988000336 ± 0.002718119311000494 | 0.07446481173121357 ± 0.0013224035210200658 | 1.70680714859075 ± 0.1500610835578708 | 2.6294388930556916 ± 0.1693944115163315 | 0.5479386216380984
0.95 | 1.05 | 0 | 60 | 0.35692446508107084 ± 0.0019972034597594834 | 0.07476573439911982 ± 0.0009828632512569407 | 1.7367069384307152 ± 0.013614004718522478 | 2.382474040742771 ± 0.19836534272376927 | 0.5706011750341402
0.95 | 1.05 | 0 | 65 | 0.3569017315558246 ± 0.0029469524796778557 | 0.0747695791630836 ± 0.0014427828912765186 | 1.7395237579714888 ± 0.17400139047497043 | 2.3879275465396974 ± 0.15741897472471056 | 0.5694217957928811
0.95 | 1.05 | 0 | 70 | 0.3569017315558246 ± 0.0029469524796778557 | 0.0747695791630836 ± 0.0014427828912765186 | 1.7395237579714888 ± 0.17400139047497043 | 2.3879275465396974 ± 0.15741897472471056 | 0.5694217957928811
0.95 | 1.05 | 0 | 75 | 0.35688262565350765 ± 0.0027849635874923617 | 0.07474098375612373 ± 0.0013580822302193915 | 1.7411689122066596 ± 0.1594857861431662 | 2.3932749469814265 ± 0.14804190129923422 | 0.5683781987366675
0.95 | 1.05 | 0 | 80 | 0.35688262565350765 ± 0.0027849635874923617 | 0.07474098375612373 ± 0.0013580822302193915 | 1.7411689122066596 ± 0.1594857861431662 | 2.3932749469814265 ± 0.14804190129923422 | 0.5683781987366675
0.95 | 1.05 | 0 | 85 | 0.35676579830735666 ± 0.010997698198041111 | 0.07461952037397455 ± 0.006006733132330801 | 1.7401110961926654 ± 0.07358861586956994 | 2.443939840705377 ± 0.12731603454624163 | 0.5634647738471602
0.95 | 1.05 | 0 | 90 | 0.35676579830735666 ± 0.010997698198041111 | 0.07461952037397455 ± 0.006006733132330801 | 1.7401110961926654 ± 0.07358861586956994 | 2.443939840705377 ± 0.12731603454624163 | 0.5634647738471602
0.95 | 1.05 | 0 | 95 | 0.35676579830735666 ± 0.010997698198041111 | 0.07461952037397455 ± 0.006006733132330801 | 1.7401110961926654 ± 0.07358861586956994 | 2.443939840705377 ± 0.12731603454624163 | 0.5634647738471602
0.95 | 1.05 | 0 | 100 | 0.3567353212894586 ± 0.010563459978605916 | 0.07458569863240684 ± 0.0057313078681368555 | 1.7394405839082527 ± 0.07242022922107641 | 2.4601832566439836 ± 0.12682092936236322 | 0.5630884545810644
0.95 | 1.05 | 0 | 150 | 0.3561453829790537 ± 0.01139219871374239 | 0.07392399903971031 ± 0.006271442239183176 | 1.702594033042218 ± 0.04363420755747927 | 2.620939777385285 ± 0.24784885287923863 | 0.5211566662163943
0.95 | 1.05 | 0 | 200 | 0.35360794072092766 ± 0.01197114169565655 | 0.07309095633131872 ± 0.006691193483014904 | 1.7304623700932265 ± 0.07093612125460462 | 2.3954333849953304 ± 0.1284940105620309 | 0.49303991941248326
0.95 | 1.05 | 1 | 60 | 0.3569244650663371 ± 0.001997219771183223 | 0.07476573440664372 ± 0.000982871169273653 | 1.7367069391610805 ± 0.013614444993585918 | 2.3824740502799564 ± 0.19828136620221049 | 0.5706011726631814
0.95 | 1.05 | 1 | 65 | 0.35690173156251315 ± 0.002946951165480688 | 0.07476957915869374 ± 0.0014427843450810864 | 1.7395237575430686 ± 0.17400142378694408 | 2.387927555087479 ± 0.15741833473418132 | 0.5694217951955631
0.95 | 1.05 | 1 | 70 | 0.35690173156251315 ± 0.002946951165480688 | 0.07476957915869374 ± 0.0014427843450810864 | 1.7395237575430686 ± 0.17400142378694408 | 2.387927555087479 ± 0.15741833473418132 | 0.5694217951955631
0.95 | 1.05 | 1 | 75 | 0.35688262571410545 ± 0.002784963747722191 | 0.07474098379112297 ± 0.0013580820766545866 | 1.7411689097718492 ± 0.15948577637945757 | 2.393274942370349 ± 0.14804171590179727 | 0.568378199440029
0.95 | 1.05 | 1 | 80 | 0.35688262571410545 ± 0.002784963747722191 | 0.07474098379112297 ± 0.0013580820766545866 | 1.7411689097718492 ± 0.15948577637945757 | 2.393274942370349 ± 0.14804171590179727 | 0.568378199440029
0.95 | 1.05 | 1 | 85 | 0.3567657983690642 ± 0.010998007270515392 | 0.07461952040513299 ± 0.006006938295518461 | 1.7401110864337346 ± 0.07358901338488696 | 2.443939849920349 ± 0.1273160159340867 | 0.5634647664958121
0.95 | 1.05 | 1 | 90 | 0.3567657983690642 ± 0.010998007270515392 | 0.07461952040513299 ± 0.006006938295518461 | 1.7401110864337346 ± 0.07358901338488696 | 2.443939849920349 ± 0.1273160159340867 | 0.5634647664958121
0.95 | 1.05 | 1 | 95 | 0.3567657983690642 ± 0.010998007270515392 | 0.07461952040513299 ± 0.006006938295518461 | 1.7401110864337346 ± 0.07358901338488696 | 2.443939849920349 ± 0.1273160159340867 | 0.5634647664958121
0.95 | 1.05 | 1 | 100 | 0.3567657983690642 ± 0.010998007270515392 | 0.07461952040513299 ± 0.006006938295518461 | 1.7401110864337346 ± 0.07358901338488696 | 2.443939849920349 ± 0.1273160159340867 | 0.5634647664958121
0.95 | 1.05 | 1 | 150 | 0.3561453806693858 ± 0.011392004111267617 | 0.07392399863439653 ± 0.006271313993478386 | 1.7025941336249206 ± 0.043634026800964794 | 2.620939867666466 ± 0.24784922565613576 | 0.5211565811958143
0.95 | 1.05 | 1 | 200 | 0.3536079786663291 ± 0.011972556985289817 | 0.07309095239126943 ± 0.006691490060078095 | 1.7304596710827658 ± 0.07149429360995611 | 2.395436431098621 ± 0.13044008569187726 | 0.49303930318763767
0.95 | 1.05 | 2 | 95 | 0.3573963723754821 ± 0.004513789730641038 | 0.07465925819161952 ± 0.0023038291835339674 | 1.729061553706053 ± 0.05179866324442434 | 2.559629038200886 ± 0.15151382941981928 | 0.577012670993354
0.95 | 1.05 | 2 | 100 | 0.3573963723754821 ± 0.004513789730641038 | 0.07465925819161952 ± 0.0023038291835339674 | 1.729061553706053 ± 0.05179866324442434 | 2.559629038200886 ± 0.15151382941981928 | 0.577012670993354
0.95 | 1.05 | 2 | 150 | 0.3547115578301109 ± 0.011279879560970818 | 0.07370552048390448 ± 0.0062129222293829615 | 1.74240541056375 ± 0.04480280811069698 | 2.388873011019311 ± 0.2380492751813661 | 0.5243567326478877
0.95 | 1.05 | 2 | 200 | 0.353659448681204 ± 0.012560513672561807 | 0.07305233617857192 ± 0.007116547585009365 | 1.7333530151919916 ± 0.06301642197176127 | 2.4519327554185253 ± 0.16914568898702664 | 0.49389163379780204
0.96 | 1.04 | 0 | 60 | 0.3571233612356829 ± 0.011020797473405064 | 0.0746598523185395 ± 0.006423791195718405 | 1.7248745202766538 ± 0.12390274865935186 | 2.499723346941959 ± 0.1327210666957539 | 0.5587356077667894
0.96 | 1.04 | 0 | 65 | 0.3571233612356829 ± 0.011020797473405064 | 0.0746598523185395 ± 0.006423791195718405 | 1.7248745202766538 ± 0.12390274865935186 | 2.499723346941959 ± 0.1327210666957539 | 0.5587356077667894
0.96 | 1.04 | 0 | 70 | 0.35709688368426895 ± 0.0033577901332104976 | 0.0746234764081165 ± 0.0016843859981934457 | 1.723998837596458 ± 0.18852226899524263 | 2.52777534534309 ± 0.1043891588951098 | 0.5571618802979595
0.96 | 1.04 | 0 | 75 | 0.35709688368426895 ± 0.0033577901332104976 | 0.0746234764081165 ± 0.0016843859981934457 | 1.723998837596458 ± 0.18852226899524263 | 2.52777534534309 ± 0.1043891588951098 | 0.5571618802979595
0.96 | 1.04 | 0 | 80 | 0.3569775615377573 ± 0.020998802167237957 | 0.07438399532816126 ± 0.00822838742229917 | 1.7120984220776523 ± 0.04577492489100871 | 2.5997034702925634 ± 0.1998484134978058 | 0.5437356440929865
0.96 | 1.04 | 0 | 85 | 0.3569775615377573 ± 0.020998802167237957 | 0.07438399532816126 ± 0.00822838742229917 | 1.7120984220776523 ± 0.04577492489100871 | 2.5997034702925634 ± 0.1998484134978058 | 0.5437356440929865
0.96 | 1.04 | 0 | 90 | 0.3569775615377573 ± 0.020998802167237957 | 0.07438399532816126 ± 0.00822838742229917 | 1.7120984220776523 ± 0.04577492489100871 | 2.5997034702925634 ± 0.1998484134978058 | 0.5437356440929865
0.96 | 1.04 | 0 | 95 | 0.3569775615377573 ± 0.020998802167237957 | 0.07438399532816126 ± 0.00822838742229917 | 1.7120984220776523 ± 0.04577492489100871 | 2.5997034702925634 ± 0.1998484134978058 | 0.5437356440929865
0.96 | 1.04 | 0 | 100 | 0.3569569640763455 ± 0.021357825923063234 | 0.07435949833785196 ± 0.009108773580702383 | 1.7096261593948083 ± 0.047787338310614325 | 2.5999482923757493 ± 0.19347515714446128 | 0.5431456928707886
0.96 | 1.04 | 0 | 150 | 0.355373964676746 ± 0.01061489858493958 | 0.07367308245546306 ± 0.006053442502608247 | 1.7027404665613546 ± 0.0834224096630025 | 2.5464577293480906 ± 0.10078550833732858 | 0.5217649678064424
0.96 | 1.04 | 1 | 60 | 0.35712336123710864 ± 0.011020701122833154 | 0.07465985231803038 ± 0.006423709820999036 | 1.7248745202171833 ± 0.12390252776285994 | 2.4997233472246534 ± 0.13272134092835564 | 0.5587356077400143
0.96 | 1.04 | 1 | 65 | 0.35712336123710864 ± 0.011020701122833154 | 0.07465985231803038 ± 0.006423709820999036 | 1.7248745202171833 ± 0.12390252776285994 | 2.4997233472246534 ± 0.13272134092835564 | 0.5587356077400143
0.96 | 1.04 | 1 | 70 | 0.35709688369111353 ± 0.0033577921598913485 | 0.07462347641802901 ± 0.0016843866967499986 | 1.723998837736834 ± 0.1885222775301235 | 2.5277753402174206 ± 0.10438919872980468 | 0.5571618806412791
0.96 | 1.04 | 1 | 75 | 0.35709688369111353 ± 0.0033577921598913485 | 0.07462347641802901 ± 0.0016843866967499986 | 1.723998837736834 ± 0.1885222775301235 | 2.5277753402174206 ± 0.10438919872980468 | 0.5571618806412791
0.96 | 1.04 | 1 | 80 | 0.3569775615546202 ± 0.020998535187488315 | 0.07438399533563593 ± 0.008227819211533009 | 1.7120984203707117 ± 0.045773520652992436 | 2.599703468927979 ± 0.19984841264061237 | 0.5437356438577948
0.96 | 1.04 | 1 | 85 | 0.3569775615546202 ± 0.020998535187488315 | 0.07438399533563593 ± 0.008227819211533009 | 1.7120984203707117 ± 0.045773520652992436 | 2.599703468927979 ± 0.19984841264061237 | 0.5437356438577948
0.96 | 1.04 | 1 | 90 | 0.3569775615546202 ± 0.020998535187488315 | 0.07438399533563593 ± 0.008227819211533009 | 1.7120984203707117 ± 0.045773520652992436 | 2.599703468927979 ± 0.19984841264061237 | 0.5437356438577948
0.96 | 1.04 | 1 | 95 | 0.3569775615546202 ± 0.020998535187488315 | 0.07438399533563593 ± 0.008227819211533009 | 1.7120984203707117 ± 0.045773520652992436 | 2.599703468927979 ± 0.19984841264061237 | 0.5437356438577948
0.96 | 1.04 | 1 | 100 | 0.35695696411414535 ± 0.021358005086856258 | 0.07435949836251497 ± 0.009109274151040105 | 1.7096261608384624 ± 0.047788655090879095 | 2.59994829316246 ± 0.19347515782094926 | 0.5431456936000529
0.96 | 1.04 | 1 | 150 | 0.3553739820594747 ± 0.010614754785523317 | 0.07367308965633647 ± 0.006053332412241894 | 1.7027403692332117 ± 0.08342075041825447 | 2.546458383939102 ± 0.10079106851216069 | 0.521765305112686
0.96 | 1.04 | 2 | 80 | 0.35712727974811115 ± 0.0021141575719495764 | 0.07483340986306414 ± 0.0010401118227962793 | 1.725726455053581 ± 0.018064732480376555 | 2.4035279421122313 ± 0.18416829038966154 | 0.5824934132915033
0.96 | 1.04 | 2 | 85 | 0.35712727974811115 ± 0.0021141575719495764 | 0.07483340986306414 ± 0.0010401118227962793 | 1.725726455053581 ± 0.018064732480376555 | 2.4035279421122313 ± 0.18416829038966154 | 0.5824934132915033
0.96 | 1.04 | 2 | 90 | 0.35712727974811115 ± 0.0021141575719495764 | 0.07483340986306414 ± 0.0010401118227962793 | 1.725726455053581 ± 0.018064732480376555 | 2.4035279421122313 ± 0.18416829038966154 | 0.5824934132915033
0.96 | 1.04 | 2 | 95 | 0.3571216869991952 ± 0.020564083000127464 | 0.07482301200114655 ± 0.007311419813029367 | 1.735700450309206 ± 0.051083321621258886 | 2.4014675848254883 ± 0.11015861887079148 | 0.5724736412609682
0.96 | 1.04 | 2 | 100 | 0.3571216869991952 ± 0.020564083000127464 | 0.07482301200114655 ± 0.007311419813029367 | 1.735700450309206 ± 0.051083321621258886 | 2.4014675848254883 ± 0.11015861887079148 | 0.5724736412609682
0.97 | 1.03 | 0 | 60 | 0.3572556647066377 ± 0.00271973575896281 | 0.07460654260895494 ± 0.0013352865995861296 | 1.715228245045297 ± 0.15638348497273377 | 2.569923306388273 ± 0.097859127518654 | 0.5541730735234289
0.97 | 1.03 | 0 | 65 | 0.35726309967997044 ± 0.016399882327466475 | 0.07459053545175166 ± 0.0073939142164815425 | 1.7149703607070612 ± 0.04697091295328689 | 2.5701236654172863 ± 0.12191261974865952 | 0.5533705917699875
0.97 | 1.03 | 0 | 70 | 0.35726309967997044 ± 0.016399882327466475 | 0.07459053545175166 ± 0.0073939142164815425 | 1.7149703607070612 ± 0.04697091295328689 | 2.5701236654172863 ± 0.12191261974865952 | 0.5533705917699875
0.97 | 1.03 | 0 | 75 | 0.3568530975288677 ± 0.016107658721534635 | 0.07433416030556027 ± 0.010804748870363213 | 1.7057961576860312 ± 0.05261632647618585 | 2.572821438835408 ± 0.14508349542562482 | 0.5466195154311443
0.97 | 1.03 | 0 | 80 | 0.3568530975288677 ± 0.016107658721534635 | 0.07433416030556027 ± 0.010804748870363213 | 1.7057961576860312 ± 0.05261632647618585 | 2.572821438835408 ± 0.14508349542562482 | 0.5466195154311443
0.97 | 1.03 | 0 | 85 | 0.35539845809319376 ± 0.015119919082170585 | 0.0737496191453562 ± 0.005737708253648875 | 1.726154943615618 ± 0.08721391702899366 | 2.5028019169439477 ± 0.11067544441026178 | 0.5232594084934903
0.97 | 1.03 | 0 | 90 | 0.35539845809319376 ± 0.015119919082170585 | 0.0737496191453562 ± 0.005737708253648875 | 1.726154943615618 ± 0.08721391702899366 | 2.5028019169439477 ± 0.11067544441026178 | 0.5232594084934903
0.97 | 1.03 | 0 | 95 | 0.35539845809319376 ± 0.015119919082170585 | 0.0737496191453562 ± 0.005737708253648875 | 1.726154943615618 ± 0.08721391702899366 | 2.5028019169439477 ± 0.11067544441026178 | 0.5232594084934903
0.97 | 1.03 | 0 | 100 | 0.3545971574071845 ± 0.01512738091612062 | 0.07348062138759003 ± 0.009168207353992758 | 1.7302273048113093 ± 0.0629725100997068 | 2.4732212319672704 ± 0.1251135973560913 | 0.5091526221825221
0.97 | 1.03 | 1 | 60 | 0.3572556647097821 ± 0.002719735807569429 | 0.07460654260749587 ± 0.0013352865333934763 | 1.7152282447533407 ± 0.15638346790862567 | 2.569923308109726 ± 0.09785861923817296 | 0.5541730734291355
0.97 | 1.03 | 1 | 65 | 0.357263099683199 ± 0.016399969623779043 | 0.07459053545040678 ± 0.007394203257626821 | 1.714970360501633 ± 0.04697156489153291 | 2.57012366712152 ± 0.12191262193039365 | 0.5533705916569239
0.97 | 1.03 | 1 | 70 | 0.357263099683199 ± 0.016399969623779043 | 0.07459053545040678 ± 0.007394203257626821 | 1.714970360501633 ± 0.04697156489153291 | 2.57012366712152 ± 0.12191262193039365 | 0.5533705916569239
0.97 | 1.03 | 1 | 75 | 0.3568530975310803 ± 0.016107323185455158 | 0.07433416031364946 ± 0.010805714315398536 | 1.7057961579521679 ± 0.05262107121033229 | 2.572821440009465 ± 0.14509906782170612 | 0.5466195144567186
0.97 | 1.03 | 1 | 80 | 0.3568530975310803 ± 0.016107323185455158 | 0.07433416031364946 ± 0.010805714315398536 | 1.7057961579521679 ± 0.05262107121033229 | 2.572821440009465 ± 0.14509906782170612 | 0.5466195144567186
0.97 | 1.03 | 1 | 85 | 0.3568530975310803 ± 0.016107323185455158 | 0.07433416031364946 ± 0.010805714315398536 | 1.7057961579521679 ± 0.05262107121033229 | 2.572821440009465 ± 0.14509906782170612 | 0.5466195144567186
0.97 | 1.03 | 1 | 90 | 0.3553984591960581 ± 0.015119816746750891 | 0.07374961694595177 ± 0.005737483089105011 | 1.7261545164283232 ± 0.08721452201841812 | 2.5028013333007575 ± 0.11067674567932073 | 0.5232595149212442
0.97 | 1.03 | 1 | 95 | 0.3553984591960581 ± 0.015119816746750891 | 0.07374961694595177 ± 0.005737483089105011 | 1.7261545164283232 ± 0.08721452201841812 | 2.5028013333007575 ± 0.11067674567932073 | 0.5232595149212442
0.97 | 1.03 | 1 | 100 | 0.3553984591960581 ± 0.015119816746750891 | 0.07374961694595177 ± 0.005737483089105011 | 1.7261545164283232 ± 0.08721452201841812 | 2.5028013333007575 ± 0.11067674567932073 | 0.5232595149212442
0.97 | 1.03 | 2 | 70 | 0.3576189350868164 ± 0.004859007158047712 | 0.07461300368654385 ± 0.0025361970294710524 | 1.6952092410433326 ± 0.034945004572297114 | 2.573373035855987 ± 0.11455473237738989 | 0.5988215291073492
0.97 | 1.03 | 2 | 75 | 0.3576189350868164 ± 0.004859007158047712 | 0.07461300368654385 ± 0.0025361970294710524 | 1.6952092410433326 ± 0.034945004572297114 | 2.573373035855987 ± 0.11455473237738989 | 0.5988215291073492
0.97 | 1.03 | 2 | 80 | 0.3576189350868164 ± 0.004859007158047712 | 0.07461300368654385 ± 0.0025361970294710524 | 1.6952092410433326 ± 0.034945004572297114 | 2.573373035855987 ± 0.11455473237738989 | 0.5988215291073492
0.97 | 1.03 | 2 | 85 | 0.35750538007442234 ± 0.004792375451524805 | 0.07465381123618646 ± 0.002503492381400517 | 1.717125159423458 ± 0.03543907763104944 | 2.5724912504792754 ± 0.13782206891422533 | 0.5679468486424396
0.97 | 1.03 | 2 | 90 | 0.35750538007442234 ± 0.004792375451524805 | 0.07465381123618646 ± 0.002503492381400517 | 1.717125159423458 ± 0.03543907763104944 | 2.5724912504792754 ± 0.13782206891422533 | 0.5679468486424396
0.97 | 1.03 | 2 | 95 | 0.35735255691293366 ± 0.016030521168743206 | 0.07464673274242047 ± 0.00638160852990638 | 1.7152448402239822 ± 0.049667437173002774 | 2.5673765800917003 ± 0.0764550592813451 | 0.5560418344116863
0.97 | 1.03 | 2 | 100 | 0.35735255691293366 ± 0.016030521168743206 | 0.07464673274242047 ± 0.00638160852990638 | 1.7152448402239822 ± 0.049667437173002774 | 2.5673765800917003 ± 0.0764550592813451 | 0.5560418344116863
0.98 | 1.02 | 0 | 60 | 0.3570855720166239 ± 0.002480824622015626 | 0.07470732316445655 ± 0.0012354112195620446 | 1.7335646165425893 ± 0.07046642448842094 | 2.458360798200923 ± 0.05825485974959266 | 0.5649111155645262
0.98 | 1.02 | 0 | 65 | 0.35707314668028844 ± 0.011143624234216276 | 0.074705421105475 ± 0.005482976325266422 | 1.7296980028334876 ± 0.12340694335367618 | 2.4675390705370854 ± 0.05818202686938467 | 0.5623078324919167
0.98 | 1.02 | 0 | 70 | 0.35707314668028844 ± 0.011143624234216276 | 0.074705421105475 ± 0.005482976325266422 | 1.7296980028334876 ± 0.12340694335367618 | 2.4675390705370854 ± 0.05818202686938467 | 0.5623078324919167
0.98 | 1.02 | 0 | 75 | 0.35707314668028844 ± 0.011143624234216276 | 0.074705421105475 ± 0.005482976325266422 | 1.7296980028334876 ± 0.12340694335367618 | 2.4675390705370854 ± 0.05818202686938467 | 0.5623078324919167
0.98 | 1.02 | 0 | 80 | 0.35707773689688493 ± 0.002768747690196721 | 0.07468650449472136 ± 0.0013810027308704433 | 1.7263271015988035 ± 0.17078798230841735 | 2.469734517612235 ± 0.05746830186432028 | 0.5616149717972768
0.98 | 1.02 | 0 | 85 | 0.35707773689688493 ± 0.002768747690196721 | 0.07468650449472136 ± 0.0013810027308704433 | 1.7263271015988035 ± 0.17078798230841735 | 2.469734517612235 ± 0.05746830186432028 | 0.5616149717972768
0.98 | 1.02 | 0 | 90 | 0.3569618021964763 ± 0.011118038932547147 | 0.07446607704296865 ± 0.00552784743726126 | 1.7101369027635365 ± 0.040104855540236024 | 2.5493322545455785 ± 0.06842196797019362 | 0.551305936000078
0.98 | 1.02 | 0 | 95 | 0.3569618021964763 ± 0.011118038932547147 | 0.07446607704296865 ± 0.00552784743726126 | 1.7101369027635365 ± 0.040104855540236024 | 2.5493322545455785 ± 0.06842196797019362 | 0.551305936000078
0.98 | 1.02 | 0 | 100 | 0.3569618021964763 ± 0.011118038932547147 | 0.07446607704296865 ± 0.00552784743726126 | 1.7101369027635365 ± 0.040104855540236024 | 2.5493322545455785 ± 0.06842196797019362 | 0.551305936000078
0.98 | 1.02 | 0 | 150 | 0.3537100425030611 ± 0.0071251713598929345 | 0.07302388616565024 ± 0.008562140884439894 | 1.7412040988066881 ± 0.06052977448297943 | 2.488895924533156 ± 0.058507100199004736 | 0.5130720165543702
0.98 | 1.02 | 1 | 60 | 0.35708557198978985 ± 0.0024808177645827822 | 0.07470732317737061 ± 0.0012354079035689577 | 1.7335646183141922 ± 0.0704646833245067 | 2.4583607427721423 ± 0.05828043708844799 | 0.5649111236565006
0.98 | 1.02 | 1 | 65 | 0.35708557198978985 ± 0.0024808177645827822 | 0.07470732317737061 ± 0.0012354079035689577 | 1.7335646183141922 ± 0.0704646833245067 | 2.4583607427721423 ± 0.05828043708844799 | 0.5649111236565006
0.98 | 1.02 | 1 | 70 | 0.35707314656531486 ± 0.011143623914141393 | 0.0747054211557126 ± 0.0054829462319740535 | 1.7296980121158387 ± 0.12340753051612632 | 2.467539002965401 ± 0.05817653954814839 | 0.5623078373904261
0.98 | 1.02 | 1 | 75 | 0.35707314656531486 ± 0.011143623914141393 | 0.0747054211557126 ± 0.0054829462319740535 | 1.7296980121158387 ± 0.12340753051612632 | 2.467539002965401 ± 0.05817653954814839 | 0.5623078373904261
0.98 | 1.02 | 1 | 80 | 0.3570777367607535 ± 0.002768747265853022 | 0.07468650451393806 ± 0.001381002254638359 | 1.726327104812605 ± 0.17078790040899142 | 2.4697344671579167 ± 0.05746946062007874 | 0.5616149759311039
0.98 | 1.02 | 1 | 85 | 0.3570777367607535 ± 0.002768747265853022 | 0.07468650451393806 ± 0.001381002254638359 | 1.726327104812605 ± 0.17078790040899142 | 2.4697344671579167 ± 0.05746946062007874 | 0.5616149759311039
0.98 | 1.02 | 1 | 90 | 0.3569617987086512 ± 0.011118110675933157 | 0.07446607118673139 ± 0.005528318914424036 | 1.7101364636983403 ± 0.04010076539685446 | 2.5493317342840762 ± 0.06852946208459754 | 0.5513060684529563
0.98 | 1.02 | 1 | 95 | 0.3569617987086512 ± 0.011118110675933157 | 0.07446607118673139 ± 0.005528318914424036 | 1.7101364636983403 ± 0.04010076539685446 | 2.5493317342840762 ± 0.06852946208459754 | 0.5513060684529563
0.98 | 1.02 | 1 | 100 | 0.3569617987086512 ± 0.011118110675933157 | 0.07446607118673139 ± 0.005528318914424036 | 1.7101364636983403 ± 0.04010076539685446 | 2.5493317342840762 ± 0.06852946208459754 | 0.5513060684529563
0.98 | 1.02 | 1 | 150 | 0.3537500569784954 ± 0.008221192252702986 | 0.07304276936176594 ± 0.009704158525079729 | 1.7409860394194134 ± 0.06384711713852637 | 2.4901220052258366 ± 0.052002293149105094 | 0.5134872197060397
0.98 | 1.02 | 2 | 90 | 0.3581327971334373 ± 0.0047898349892400716 | 0.07464626714040988 ± 0.0025794828008223877 | 1.7254771760105008 ± 0.03389607694544095 | 2.5493292687635987 ± 0.06516585076867876 | 1.0241235745175639
0.98 | 1.02 | 2 | 95 | 0.3581327971334373 ± 0.0047898349892400716 | 0.07464626714040988 ± 0.0025794828008223877 | 1.7254771760105008 ± 0.03389607694544095 | 2.5493292687635987 ± 0.06516585076867876 | 1.0241235745175639
0.98 | 1.02 | 2 | 100 | 0.3581327971334373 ± 0.0047898349892400716 | 0.07464626714040988 ± 0.0025794828008223877 | 1.7254771760105008 ± 0.03389607694544095 | 2.5493292687635987 ± 0.06516585076867876 | 1.0241235745175639
0.98 | 1.02 | 2 | 150 | 0.357411777137978 ± 0.0027781251368880766 | 0.07487234268511068 ± 0.0013902159538390177 | 1.7277270257177368 ± 0.17204625193171447 | 2.463793275740046 ± 0.054588888886619946 | 0.5710880791700406
0.99 | 1.01 | 0 | 60 | 0.35732043918979545 ± 0.004033157578708563 | 0.07472348982290061 ± 0.009951651551270872 | 1.7234248869790176 ± 0.05645632161171386 | 2.5210183131628376 ± 0.045403618183823546 | 0.5611861045921402
0.99 | 1.01 | 0 | 65 | 0.3573177403420148 ± 0.005827637818484277 | 0.0746955802617258 ± 0.002509201285508262 | 1.7196981287885926 ± 0.03521855199385859 | 2.5244331159336943 ± 0.025433267449526786 | 0.5601917429037742
0.99 | 1.01 | 0 | 70 | 0.3573177403420148 ± 0.005827637818484277 | 0.0746955802617258 ± 0.002509201285508262 | 1.7196981287885926 ± 0.03521855199385859 | 2.5244331159336943 ± 0.025433267449526786 | 0.5601917429037742
0.99 | 1.01 | 0 | 75 | 0.3572469015524511 ± 0.005755758106565534 | 0.07465878321409115 ± 0.0024126503390370837 | 1.7198858839002005 ± 0.03629395038175241 | 2.5212277870428768 ± 0.027550341813672663 | 0.558972821384515
0.99 | 1.01 | 0 | 80 | 0.3572469015524511 ± 0.005755758106565534 | 0.07465878321409115 ± 0.0024126503390370837 | 1.7198858839002005 ± 0.03629395038175241 | 2.5212277870428768 ± 0.027550341813672663 | 0.558972821384515
0.99 | 1.01 | 0 | 85 | 0.3571993738393868 ± 0.005120211508158862 | 0.07465773326977897 ± 0.004936739538151038 | 1.7213621604207812 ± 0.04377366812229066 | 2.522898150403942 ± 0.04128901184413181 | 0.5578227325783741
0.99 | 1.01 | 0 | 90 | 0.3571993738393868 ± 0.005120211508158862 | 0.07465773326977897 ± 0.004936739538151038 | 1.7213621604207812 ± 0.04377366812229066 | 2.522898150403942 ± 0.04128901184413181 | 0.5578227325783741
0.99 | 1.01 | 0 | 95 | 0.35624440731422785 ± 0.005340722036473677 | 0.07428576801448715 ± 0.0036220989904491114 | 1.724931545016026 ± 0.03934965784129522 | 2.4809356660733517 ± 0.02689824338022273 | 0.5441978626558357
0.99 | 1.01 | 0 | 100 | 0.35624440731422785 ± 0.005340722036473677 | 0.07428576801448715 ± 0.0036220989904491114 | 1.724931545016026 ± 0.03934965784129522 | 2.4809356660733517 ± 0.02689824338022273 | 0.5441978626558357
0.99 | 1.01 | 0 | 150 | 0.35489836600194125 ± 0.004781366879558047 | 0.07347415365820333 ± 0.0020196370371135873 | 1.7227687300036814 ± 0.03697639920432344 | 2.5198851162007228 ± 0.029863865373682907 | 0.5076960671181431
0.99 | 1.01 | 1 | 60 | 0.3573204392305397 ± 0.004033607470962486 | 0.07472348994165184 ± 0.00995121807955815 | 1.72342489557146 ± 0.056294628740353264 | 2.5210182807409733 ± 0.0441332262173042 | 0.5611861118055417
0.99 | 1.01 | 1 | 65 | 0.3573204392305397 ± 0.004033607470962486 | 0.07472348994165184 ± 0.00995121807955815 | 1.72342489557146 ± 0.056294628740353264 | 2.5210182807409733 ± 0.0441332262173042 | 0.5611861118055417
0.99 | 1.01 | 1 | 70 | 0.3573204392305397 ± 0.004033607470962486 | 0.07472348994165184 ± 0.00995121807955815 | 1.72342489557146 ± 0.056294628740353264 | 2.5210182807409733 ± 0.0441332262173042 | 0.5611861118055417
0.99 | 1.01 | 1 | 75 | 0.3573177409398638 ± 0.005827649770000498 | 0.07469557908085087 ± 0.0025092268420416567 | 1.7196981391593404 ± 0.03521836266596152 | 2.5244335212798976 ± 0.025432505610612166 | 0.5601917039518282
0.99 | 1.01 | 1 | 80 | 0.3573177409398638 ± 0.005827649770000498 | 0.07469557908085087 ± 0.0025092268420416567 | 1.7196981391593404 ± 0.03521836266596152 | 2.5244335212798976 ± 0.025432505610612166 | 0.5601917039518282
0.99 | 1.01 | 1 | 85 | 0.35724690061966435 ± 0.005755761938296328 | 0.07465879563234454 ± 0.0024126686125417528 | 1.719886570719051 ± 0.036293824157518 | 2.5212307467373534 ± 0.027536019310341553 | 0.5589718048252398
0.99 | 1.01 | 1 | 90 | 0.35724690061966435 ± 0.005755761938296328 | 0.07465879563234454 ± 0.0024126686125417528 | 1.719886570719051 ± 0.036293824157518 | 2.5212307467373534 ± 0.027536019310341553 | 0.5589718048252398
0.99 | 1.01 | 1 | 95 | 0.35719849989327607 ± 0.005157906531089634 | 0.07465750121698839 ± 0.0048939206618743404 | 1.7213766352195643 ± 0.04413265976759034 | 2.522864772711427 ± 0.04570131394068322 | 0.5578127399383971
0.99 | 1.01 | 1 | 100 | 0.35719849989327607 ± 0.005157906531089634 | 0.07465750121698839 ± 0.0048939206618743404 | 1.7213766352195643 ± 0.04413265976759034 | 2.522864772711427 ± 0.04570131394068322 | 0.5578127399383971
0.99 | 1.01 | 1 | 150 | 0.3546808504680238 ± 0.0024357785999110093 | 0.07330952594325625 ± 0.001413456942111545 | 1.7146200637738669 ± 0.035379263913651156 | 2.519750284961459 ± 0.04730822487842179 | 0.5061254099483021
0.99 | 1.01 | 2 | 75 | 0.35689524326533967 ± 0.0022926839714005054 | 0.0747123926603112 ± 0.001283759823881656 | 1.727509927273714 ± 0.034311352607891595 | 2.475144338707636 ± 0.0495010995186318 | 0.5952514262859168
0.99 | 1.01 | 2 | 80 | 0.35689524326533967 ± 0.0022926839714005054 | 0.0747123926603112 ± 0.001283759823881656 | 1.727509927273714 ± 0.034311352607891595 | 2.475144338707636 ± 0.0495010995186318 | 0.5952514262859168
0.99 | 1.01 | 2 | 85 | 0.35689524326533967 ± 0.0022926839714005054 | 0.0747123926603112 ± 0.001283759823881656 | 1.727509927273714 ± 0.034311352607891595 | 2.475144338707636 ± 0.0495010995186318 | 0.5952514262859168
0.99 | 1.01 | 2 | 90 | 0.35706038454171596 ± 0.0054960714582337755 | 0.07462969930542714 ± 0.002187508127870518 | 1.7257751376019317 ± 0.18973997978262244 | 2.5058275226747906 ± 0.033195824214433456 | 0.557268006719132
0.99 | 1.01 | 2 | 95 | 0.35706038454171596 ± 0.0054960714582337755 | 0.07462969930542714 ± 0.002187508127870518 | 1.7257751376019317 ± 0.18973997978262244 | 2.5058275226747906 ± 0.033195824214433456 | 0.557268006719132
0.99 | 1.01 | 2 | 100 | 0.35706038454171596 ± 0.0054960714582337755 | 0.07462969930542714 ± 0.002187508127870518 | 1.7257751376019317 ± 0.18973997978262244 | 2.5058275226747906 ± 0.033195824214433456 | 0.557268006719132
0.99 | 1.01 | 2 | 150 | 0.35653040443625905 ± 0.00550654337712822 | 0.07427119967617038 ± 0.002459587942065872 | 1.7162612380210145 ± 0.035669414932952274 | 2.5212591948402223 ± 0.03257357373566805 | 0.543372410982725
1 | 1 | 0 | 60 | 0.356 ± 0.00356 | 0.07407943370829465 ± 0.00021151883910611207 | 1.721333596905008 ± 0.03407266947325769 | 2.5 ± 0.025 | 0.5216082238990236
1 | 1 | 0 | 65 | 0.356 ± 0.00356 | 0.07407943370829465 ± 0.00021151883910611207 | 1.721333596905008 ± 0.03407266947325769 | 2.5 ± 0.025 | 0.5216082238990236
1 | 1 | 0 | 70 | 0.356 ± 0.00356 | 0.07407943370829465 ± 0.00021151883910611207 | 1.721333596905008 ± 0.03407266947325769 | 2.5 ± 0.025 | 0.5216082238990236
1 | 1 | 0 | 75 | 0.356 ± 0.00356 | 0.07407943370829465 ± 0.00021151883910611207 | 1.721333596905008 ± 0.03407266947325769 | 2.5 ± 0.025 | 0.5216082238990236
1 | 1 | 0 | 80 | 0.356 ± 0.00356 | 0.07407943370829465 ± 0.00021151883910611207 | 1.721333596905008 ± 0.03407266947325769 | 2.5 ± 0.025 | 0.5216082238990236
1 | 1 | 0 | 85 | 0.356 ± 0.00356 | 0.07407943370829465 ± 0.00021151883910611207 | 1.721333596905008 ± 0.03407266947325769 | 2.5 ± 0.025 | 0.5216082238990236
1 | 1 | 0 | 90 | 0.356 ± 0.00356 | 0.07407943370829465 ± 0.00021151883910611207 | 1.721333596905008 ± 0.03407266947325769 | 2.5 ± 0.025 | 0.5216082238990236
1 | 1 | 0 | 95 | 0.356 ± 0.00356 | 0.07407943370829465 ± 0.00021151883910611207 | 1.721333596905008 ± 0.03407266947325769 | 2.5 ± 0.025 | 0.5216082238990236
1 | 1 | 0 | 100 | 0.356 ± 0.00356 | 0.07407943370829465 ± 0.00021151883910611207 | 1.721333596905008 ± 0.03407266947325769 | 2.5 ± 0.025 | 0.5216082238990236
1 | 1 | 0 | 150 | 0.356 ± 0.00356 | 0.07407943370829465 ± 0.00021151883910611207 | 1.721333596905008 ± 0.03407266947325769 | 2.5 ± 0.025 | 0.5216082238990236
1 | 1 | 0 | 200 | 0.356 ± 0.00356 | 0.07407943370829465 ± 0.00021151883910611207 | 1.721333596905008 ± 0.03407266947325769 | 2.5 ± 0.025 | 0.5216082238990236
1 | 1 | 1 | 60 | 0.356 ± 0.00356 | 0.0740794337082953 ± 0.0002115192661038375 | 1.7213335969050354 ± 0.034072721237408135 | 2.5 ± 0.025 | 0.5216082238990233
1 | 1 | 1 | 65 | 0.356 ± 0.00356 | 0.0740794337082953 ± 0.0002115192661038375 | 1.7213335969050354 ± 0.034072721237408135 | 2.5 ± 0.025 | 0.5216082238990233
1 | 1 | 1 | 70 | 0.356 ± 0.00356 | 0.0740794337082953 ± 0.0002115192661038375 | 1.7213335969050354 ± 0.034072721237408135 | 2.5 ± 0.025 | 0.5216082238990233
1 | 1 | 1 | 75 | 0.356 ± 0.00356 | 0.0740794337082953 ± 0.0002115192661038375 | 1.7213335969050354 ± 0.034072721237408135 | 2.5 ± 0.025 | 0.5216082238990233
1 | 1 | 1 | 80 | 0.356 ± 0.00356 | 0.0740794337082953 ± 0.0002115192661038375 | 1.7213335969050354 ± 0.034072721237408135 | 2.5 ± 0.025 | 0.5216082238990233
1 | 1 | 1 | 85 | 0.356 ± 0.00356 | 0.0740794337082953 ± 0.0002115192661038375 | 1.7213335969050354 ± 0.034072721237408135 | 2.5 ± 0.025 | 0.5216082238990233
1 | 1 | 1 | 90 | 0.356 ± 0.00356 | 0.0740794337082953 ± 0.0002115192661038375 | 1.7213335969050354 ± 0.034072721237408135 | 2.5 ± 0.025 | 0.5216082238990233
1 | 1 | 1 | 95 | 0.356 ± 0.00356 | 0.0740794337082953 ± 0.0002115192661038375 | 1.7213335969050354 ± 0.034072721237408135 | 2.5 ± 0.025 | 0.5216082238990233
1 | 1 | 1 | 100 | 0.356 ± 0.00356 | 0.0740794337082953 ± 0.0002115192661038375 | 1.7213335969050354 ± 0.034072721237408135 | 2.5 ± 0.025 | 0.5216082238990233
1 | 1 | 1 | 150 | 0.356 ± 0.00356 | 0.0740794337082953 ± 0.0002115192661038375 | 1.7213335969050354 ± 0.034072721237408135 | 2.5 ± 0.025 | 0.5216082238990233
1 | 1 | 1 | 200 | 0.356 ± 0.00356 | 0.0740794337082953 ± 0.0002115192661038375 | 1.7213335969050354 ± 0.034072721237408135 | 2.5 ± 0.025 | 0.5216082238990233
1 | 1 | 2 | 60 | 0.356 ± 0.00356 | 0.07407944034430919 ± 0.0002115191708762627 | 1.721334613786117 ± 0.034072724341845204 | 2.5 ± 0.025 | 0.5216082244298185
1 | 1 | 2 | 65 | 0.356 ± 0.00356 | 0.07407944034430919 ± 0.0002115191708762627 | 1.721334613786117 ± 0.034072724341845204 | 2.5 ± 0.025 | 0.5216082244298185
1 | 1 | 2 | 70 | 0.356 ± 0.00356 | 0.07407944034430919 ± 0.0002115191708762627 | 1.721334613786117 ± 0.034072724341845204 | 2.5 ± 0.025 | 0.5216082244298185
1 | 1 | 2 | 75 | 0.356 ± 0.00356 | 0.07407944034430919 ± 0.0002115191708762627 | 1.721334613786117 ± 0.034072724341845204 | 2.5 ± 0.025 | 0.5216082244298185
1 | 1 | 2 | 80 | 0.356 ± 0.00356 | 0.07407944034430919 ± 0.0002115191708762627 | 1.721334613786117 ± 0.034072724341845204 | 2.5 ± 0.025 | 0.5216082244298185
1 | 1 | 2 | 85 | 0.356 ± 0.00356 | 0.07407944034430919 ± 0.0002115191708762627 | 1.721334613786117 ± 0.034072724341845204 | 2.5 ± 0.025 | 0.5216082244298185
1 | 1 | 2 | 90 | 0.356 ± 0.00356 | 0.07407944034430919 ± 0.0002115191708762627 | 1.721334613786117 ± 0.034072724341845204 | 2.5 ± 0.025 | 0.5216082244298185
1 | 1 | 2 | 95 | 0.356 ± 0.00356 | 0.07407944034430919 ± 0.0002115191708762627 | 1.721334613786117 ± 0.034072724341845204 | 2.5 ± 0.025 | 0.5216082244298185
1 | 1 | 2 | 100 | 0.356 ± 0.00356 | 0.07407944034430919 ± 0.0002115191708762627 | 1.721334613786117 ± 0.034072724341845204 | 2.5 ± 0.025 | 0.5216082244298185
1 | 1 | 2 | 150 | 0.356 ± 0.00356 | 0.07407944034430919 ± 0.0002115191708762627 | 1.721334613786117 ± 0.034072724341845204 | 2.5 ± 0.025 | 0.5216082244298185
1 | 1 | 2 | 200 | 0.356 ± 0.00356 | 0.07407944034430919 ± 0.0002115191708762627 | 1.721334613786117 ± 0.034072724341845204 | 2.5 ± 0.025 | 0.5216082244298185
