Otimização para log em ATLAS - Limites: eps_0_mg_0_a2_1
Configuração: down | up | strategy | migrad | mg ± error | eps ± error | a1 ± error | a2 ± error | χ²/ndof
========================================================================================================================
0.91 | 1.0899999999999999 | 0 | 60 | 0.35719027428145617 ± 0.013633225983124045 | 0.07425962493549094 ± 0.0068985525256080775 | 1.6945449113736843 ± 0.04243702525642919 | 2.724988947848493 ± 0.4019544817694174 | 0.536885187619797
0.91 | 1.0899999999999999 | 0 | 65 | 0.35711943627182596 ± 0.014246104761219841 | 0.07421415088884106 ± 0.007209924874849099 | 1.6932998881191004 ± 0.0435707943198531 | 2.7234046840620003 ± 0.34748069469248777 | 0.535710949006929
0.91 | 1.0899999999999999 | 0 | 70 | 0.35711943627182596 ± 0.014246104761219841 | 0.07421415088884106 ± 0.007209924874849099 | 1.6932998881191004 ± 0.0435707943198531 | 2.7234046840620003 ± 0.34748069469248777 | 0.535710949006929
0.91 | 1.0899999999999999 | 0 | 75 | 0.35685331286554206 ± 0.014536220265670032 | 0.07408849215865401 ± 0.007363897464717503 | 1.6903881905937694 ± 0.04694636504542687 | 2.7074599045000753 ± 0.2773910214500659 | 0.5318967305866424
0.91 | 1.0899999999999999 | 0 | 80 | 0.35685331286554206 ± 0.014536220265670032 | 0.07408849215865401 ± 0.007363897464717503 | 1.6903881905937694 ± 0.04694636504542687 | 2.7074599045000753 ± 0.2773910214500659 | 0.5318967305866424
0.91 | 1.0899999999999999 | 0 | 85 | 0.35685331286554206 ± 0.014536220265670032 | 0.07408849215865401 ± 0.007363897464717503 | 1.6903881905937694 ± 0.04694636504542687 | 2.7074599045000753 ± 0.2773910214500659 | 0.5318967305866424
0.91 | 1.0899999999999999 | 0 | 90 | 0.3566104690585486 ± 0.004103581507397035 | 0.07402800577955729 ± 0.002060328359103075 | 1.6917349895276805 ± 0.1996589619073828 | 2.7018480634610733 ± 0.36798036335397266 | 0.5260471141417961
0.91 | 1.0899999999999999 | 0 | 95 | 0.3566104690585486 ± 0.004103581507397035 | 0.07402800577955729 ± 0.002060328359103075 | 1.6917349895276805 ± 0.1996589619073828 | 2.7018480634610733 ± 0.36798036335397266 | 0.5260471141417961
0.91 | 1.0899999999999999 | 0 | 100 | 0.3557836124922447 ± 0.013788756914548563 | 0.07371444294690566 ± 0.007022306913706874 | 1.6998280277434459 ± 0.06419975148123687 | 2.61817269134135 ± 0.2432642428637224 | 0.5145935419774639
0.91 | 1.0899999999999999 | 1 | 60 | 0.3571902751523141 ± 0.013633403779603431 | 0.07425962439285756 ± 0.006898642535003303 | 1.6945448344220708 ± 0.04243723219294571 | 2.724988916354497 ± 0.4019488284355148 | 0.5368852400375461
0.91 | 1.0899999999999999 | 1 | 65 | 0.3571902751523141 ± 0.013633403779603431 | 0.07425962439285756 ± 0.006898642535003303 | 1.6945448344220708 ± 0.04243723219294571 | 2.724988916354497 ± 0.4019488284355148 | 0.5368852400375461
0.91 | 1.0899999999999999 | 1 | 70 | 0.3571902751523141 ± 0.013633403779603431 | 0.07425962439285756 ± 0.006898642535003303 | 1.6945448344220708 ± 0.04243723219294571 | 2.724988916354497 ± 0.4019488284355148 | 0.5368852400375461
0.91 | 1.0899999999999999 | 1 | 75 | 0.3571194293243172 ± 0.014246906818138448 | 0.07421414622588218 ± 0.007210327107424523 | 1.6932996694447826 ± 0.04356816359950547 | 2.723403987082702 ± 0.34737053108077465 | 0.535710946801498
0.91 | 1.0899999999999999 | 1 | 80 | 0.3571194293243172 ± 0.014246906818138448 | 0.07421414622588218 ± 0.007210327107424523 | 1.6932996694447826 ± 0.04356816359950547 | 2.723403987082702 ± 0.34737053108077465 | 0.535710946801498
0.91 | 1.0899999999999999 | 1 | 85 | 0.3568532820991685 ± 0.014533758432962805 | 0.07408848214224173 ± 0.007362649301476905 | 1.6903877675297612 ± 0.0469442936297183 | 2.70745639706199 ± 0.2773856983168783 | 0.5318964528323823
0.91 | 1.0899999999999999 | 1 | 90 | 0.3568532820991685 ± 0.014533758432962805 | 0.07408848214224173 ± 0.007362649301476905 | 1.6903877675297612 ± 0.0469442936297183 | 2.70745639706199 ± 0.2773856983168783 | 0.5318964528323823
0.91 | 1.0899999999999999 | 1 | 95 | 0.3568532820991685 ± 0.014533758432962805 | 0.07408848214224173 ± 0.007362649301476905 | 1.6903877675297612 ± 0.0469442936297183 | 2.70745639706199 ± 0.2773856983168783 | 0.5318964528323823
0.91 | 1.0899999999999999 | 1 | 100 | 0.35661055231741046 ± 0.00410181822141153 | 0.07402804189535568 ± 0.0020594086100451004 | 1.6917353980781373 ± 0.19965685634758867 | 2.701852505744019 ± 0.36814820033721296 | 0.5260482717534228
0.91 | 1.0899999999999999 | 2 | 80 | 0.3577689387641342 ± 0.011595622987206115 | 0.07452132957785056 ± 0.0058520860869232545 | 1.6755694203401186 ± 0.040902062495084664 | 2.7223199371517204 ± 0.3235626722539273 | 0.5735026117826345
0.91 | 1.0899999999999999 | 2 | 85 | 0.3577689387641342 ± 0.011595622987206115 | 0.07452132957785056 ± 0.0058520860869232545 | 1.6755694203401186 ± 0.040902062495084664 | 2.7223199371517204 ± 0.3235626722539273 | 0.5735026117826345
0.91 | 1.0899999999999999 | 2 | 90 | 0.3577689387641342 ± 0.011595622987206115 | 0.07452132957785056 ± 0.0058520860869232545 | 1.6755694203401186 ± 0.040902062495084664 | 2.7223199371517204 ± 0.3235626722539273 | 0.5735026117826345
0.91 | 1.0899999999999999 | 2 | 95 | 0.35769201419722113 ± 0.0027240661729726317 | 0.07454481627361823 ± 0.0013209099443674836 | 1.695063076437004 ± 0.15279713868427253 | 2.7217107396075657 ± 0.41048165673091574 | 0.5495080154637441
0.91 | 1.0899999999999999 | 2 | 100 | 0.35769201419722113 ± 0.0027240661729726317 | 0.07454481627361823 ± 0.0013209099443674836 | 1.695063076437004 ± 0.15279713868427253 | 2.7217107396075657 ± 0.41048165673091574 | 0.5495080154637441
0.92 | 1.08 | 0 | 60 | 0.35696643006129986 ± 0.014036546742349804 | 0.07419221091863144 ± 0.007106198081070145 | 1.6993953817870109 ± 0.042959425803882394 | 2.69987816783938 ± 0.35943919095866317 | 0.5346080043876702
0.92 | 1.08 | 0 | 65 | 0.35696643006129986 ± 0.014036546742349804 | 0.07419221091863144 ± 0.007106198081070145 | 1.6993953817870109 ± 0.042959425803882394 | 2.69987816783938 ± 0.35943919095866317 | 0.5346080043876702
0.92 | 1.08 | 0 | 70 | 0.35696643006129986 ± 0.014036546742349804 | 0.07419221091863144 ± 0.007106198081070145 | 1.6993953817870109 ± 0.042959425803882394 | 2.69987816783938 ± 0.35943919095866317 | 0.5346080043876702
0.92 | 1.08 | 0 | 75 | 0.35696643006129986 ± 0.014036546742349804 | 0.07419221091863144 ± 0.007106198081070145 | 1.6993953817870109 ± 0.042959425803882394 | 2.69987816783938 ± 0.35943919095866317 | 0.5346080043876702
0.92 | 1.08 | 0 | 80 | 0.3568859400229507 ± 0.014835656494422342 | 0.074137517708709 ± 0.007511834350661196 | 1.6976446134915555 ± 0.043923091103574737 | 2.699300528650772 ± 0.3289038993203173 | 0.5331122765011301
0.92 | 1.08 | 0 | 85 | 0.3568859400229507 ± 0.014835656494422342 | 0.074137517708709 ± 0.007511834350661196 | 1.6976446134915555 ± 0.043923091103574737 | 2.699300528650772 ± 0.3289038993203173 | 0.5331122765011301
0.92 | 1.08 | 0 | 90 | 0.3566249704974047 ± 0.014604699517445262 | 0.07400848502426058 ± 0.0074013744601868926 | 1.6926019108917447 ± 0.04600760645483598 | 2.6868168957709906 ± 0.32599498803864324 | 0.5284151925414187
0.92 | 1.08 | 0 | 95 | 0.3566249704974047 ± 0.014604699517445262 | 0.07400848502426058 ± 0.0074013744601868926 | 1.6926019108917447 ± 0.04600760645483598 | 2.6868168957709906 ± 0.32599498803864324 | 0.5284151925414187
0.92 | 1.08 | 0 | 100 | 0.3565133034251544 ± 0.011812361266354574 | 0.07399920691601644 ± 0.005995809141191691 | 1.6939877498824027 ± 0.05888745029830975 | 2.687223407506941 ± 0.2780067992139197 | 0.524142298896349
0.92 | 1.08 | 1 | 60 | 0.3573988529045897 ± 0.01246829716800878 | 0.07451763247129499 ± 0.006323734594798518 | 1.7043726942639437 ± 0.0767683809175946 | 2.6487442715167315 ± 0.3698648200306822 | 0.5483738319187716
0.92 | 1.08 | 1 | 65 | 0.35696642915391424 ± 0.01403609718164546 | 0.07419220922442978 ± 0.007105970529402094 | 1.699395043772391 ± 0.04295891527192354 | 2.6998781943565997 ± 0.3594359715806523 | 0.5346078286490015
0.92 | 1.08 | 1 | 70 | 0.35696642915391424 ± 0.01403609718164546 | 0.07419220922442978 ± 0.007105970529402094 | 1.699395043772391 ± 0.04295891527192354 | 2.6998781943565997 ± 0.3594359715806523 | 0.5346078286490015
0.92 | 1.08 | 1 | 75 | 0.35696642915391424 ± 0.01403609718164546 | 0.07419220922442978 ± 0.007105970529402094 | 1.699395043772391 ± 0.04295891527192354 | 2.6998781943565997 ± 0.3594359715806523 | 0.5346078286490015
0.92 | 1.08 | 1 | 80 | 0.35696642915391424 ± 0.01403609718164546 | 0.07419220922442978 ± 0.007105970529402094 | 1.699395043772391 ± 0.04295891527192354 | 2.6998781943565997 ± 0.3594359715806523 | 0.5346078286490015
0.92 | 1.08 | 1 | 85 | 0.3568859364450042 ± 0.014834571225361066 | 0.07413751473250123 ± 0.007511284215375036 | 1.69764424916227 ± 0.043921807366276024 | 2.6993004186514087 ± 0.328902039423393 | 0.5331121107540113
0.92 | 1.08 | 1 | 90 | 0.3568859364450042 ± 0.014834571225361066 | 0.07413751473250123 ± 0.007511284215375036 | 1.69764424916227 ± 0.043921807366276024 | 2.6993004186514087 ± 0.328902039423393 | 0.5331121107540113
0.92 | 1.08 | 1 | 95 | 0.35662495437853264 ± 0.014606737047135112 | 0.07400847853853335 ± 0.007402408656593767 | 1.6926016577463914 ± 0.046010104273279694 | 2.686815914319455 ± 0.3259962725266885 | 0.5284149431265542
0.92 | 1.08 | 1 | 100 | 0.35662495437853264 ± 0.014606737047135112 | 0.07400847853853335 ± 0.007402408656593767 | 1.6926016577463914 ± 0.046010104273279694 | 2.686815914319455 ± 0.3259962725266885 | 0.5284149431265542
0.92 | 1.08 | 2 | 95 | 0.3573379955509533 ± 0.004603772281076813 | 0.07471803246287302 ± 0.002401083606650145 | 1.7406924807015767 ± 0.0995337040530755 | 2.4832587214559694 ± 0.2126573628297581 | 0.6118210362979672
0.92 | 1.08 | 2 | 100 | 0.3573379955509533 ± 0.004603772281076813 | 0.07471803246287302 ± 0.002401083606650145 | 1.7406924807015767 ± 0.0995337040530755 | 2.4832587214559694 ± 0.2126573628297581 | 0.6118210362979672
0.93 | 1.0699999999999998 | 0 | 60 | 0.35744362107034233 ± 0.01210911212332887 | 0.07450087648941352 ± 0.0061227129817589656 | 1.7011829341032925 ± 0.0496440701588074 | 2.6745465515259434 ± 0.3421579845267224 | 0.5472867033632766
0.93 | 1.0699999999999998 | 0 | 65 | 0.3574403408196759 ± 0.012863253422662866 | 0.07448396843003266 ± 0.006499096631267365 | 1.7006233605181018 ± 0.04200315695403521 | 2.674511136309746 ± 0.34657972911079504 | 0.5468554656159712
0.93 | 1.0699999999999998 | 0 | 70 | 0.3574403408196759 ± 0.012863253422662866 | 0.07448396843003266 ± 0.006499096631267365 | 1.7006233605181018 ± 0.04200315695403521 | 2.674511136309746 ± 0.34657972911079504 | 0.5468554656159712
0.93 | 1.0699999999999998 | 1 | 60 | 0.3574436210701933 ± 0.01210855540275787 | 0.07450087648969647 ± 0.006122432444918759 | 1.7011829341226452 ± 0.04964361840468088 | 2.6745465514118236 ± 0.34215797445178664 | 0.5472867033780824
0.93 | 1.0699999999999998 | 1 | 65 | 0.3574403408199253 ± 0.012863599169245673 | 0.07448396843057199 ± 0.006499271415428008 | 1.7006233605442251 ± 0.042003530704671055 | 2.6745111361921228 ± 0.3465797299244793 | 0.5468554656323313
0.93 | 1.0699999999999998 | 1 | 70 | 0.3574403408199253 ± 0.012863599169245673 | 0.07448396843057199 ± 0.006499271415428008 | 1.7006233605442251 ± 0.042003530704671055 | 2.6745111361921228 ± 0.3465797299244793 | 0.5468554656323313
0.93 | 1.0699999999999998 | 1 | 75 | 0.3574403408199253 ± 0.012863599169245673 | 0.07448396843057199 ± 0.006499271415428008 | 1.7006233605442251 ± 0.042003530704671055 | 2.6745111361921228 ± 0.3465797299244793 | 0.5468554656323313
0.93 | 1.0699999999999998 | 2 | 75 | 0.3573043465177793 ± 0.013457446014161318 | 0.07475386205084784 ± 0.006986684442209347 | 1.7240020084782401 ± 0.16756802476228438 | 2.4828086287058224 ± 0.224955714120052 | 0.5657005901790373
0.93 | 1.0699999999999998 | 2 | 80 | 0.3573043465177793 ± 0.013457446014161318 | 0.07475386205084784 ± 0.006986684442209347 | 1.7240020084782401 ± 0.16756802476228438 | 2.4828086287058224 ± 0.224955714120052 | 0.5657005901790373
0.93 | 1.0699999999999998 | 2 | 85 | 0.3573043465177793 ± 0.013457446014161318 | 0.07475386205084784 ± 0.006986684442209347 | 1.7240020084782401 ± 0.16756802476228438 | 2.4828086287058224 ± 0.224955714120052 | 0.5657005901790373
0.93 | 1.0699999999999998 | 2 | 90 | 0.35728227861681194 ± 0.012159849015071746 | 0.07476065558549107 ± 0.006185903866842323 | 1.7258317410261155 ± 0.1305568066045729 | 2.4901800688185163 ± 0.2450301390706746 | 0.5640580171705817
0.93 | 1.0699999999999998 | 2 | 95 | 0.35728227861681194 ± 0.012159849015071746 | 0.07476065558549107 ± 0.006185903866842323 | 1.7258317410261155 ± 0.1305568066045729 | 2.4901800688185163 ± 0.2450301390706746 | 0.5640580171705817
0.93 | 1.0699999999999998 | 2 | 100 | 0.35402218907211597 ± 0.009426171137746533 | 0.07336647520036019 ± 0.004787439179769739 | 1.7226521677229327 ± 0.05054346522239758 | 2.373574012719747 ± 0.3227907640657026 | 0.5299573793688025
0.94 | 1.06 | 0 | 60 | 0.35739414788610446 ± 0.012112241554781914 | 0.07452601649742038 ± 0.006124939662997592 | 1.7049110322056378 ± 0.05411317289930962 | 2.6469756563278573 ± 0.29431850519007563 | 0.5487145923110387
0.94 | 1.06 | 0 | 65 | 0.3573895387740842 ± 0.012921926768940946 | 0.07450687054344839 ± 0.006528144805342518 | 1.7042924238131214 ± 0.04325903188761119 | 2.6472889361756717 ± 0.29859003897530245 | 0.5482250149850024
0.94 | 1.06 | 0 | 70 | 0.3573895387740842 ± 0.012921926768940946 | 0.07450687054344839 ± 0.006528144805342518 | 1.7042924238131214 ± 0.04325903188761119 | 2.6472889361756717 ± 0.29859003897530245 | 0.5482250149850024
0.94 | 1.06 | 0 | 75 | 0.35608458277331995 ± 0.014056449498759128 | 0.07379895562108296 ± 0.007129751344462267 | 1.6906149591316122 ± 0.04419992989540621 | 2.641222359345296 ± 0.1951435937979782 | 0.526246293527497
0.94 | 1.06 | 0 | 80 | 0.35608458277331995 ± 0.014056449498759128 | 0.07379895562108296 ± 0.007129751344462267 | 1.6906149591316122 ± 0.04419992989540621 | 2.641222359345296 ± 0.1951435937979782 | 0.526246293527497
0.94 | 1.06 | 0 | 85 | 0.35608458277331995 ± 0.014056449498759128 | 0.07379895562108296 ± 0.007129751344462267 | 1.6906149591316122 ± 0.04419992989540621 | 2.641222359345296 ± 0.1951435937979782 | 0.526246293527497
0.94 | 1.06 | 0 | 90 | 0.35363983495902657 ± 0.021916965411438925 | 0.07263232456483854 ± 0.011220035448057965 | 1.6935683209922159 ± 0.06089452901585319 | 2.5667654983501733 ± 0.18489730013669092 | 0.49405936788742477
0.94 | 1.06 | 0 | 95 | 0.35363983495902657 ± 0.021916965411438925 | 0.07263232456483854 ± 0.011220035448057965 | 1.6935683209922159 ± 0.06089452901585319 | 2.5667654983501733 ± 0.18489730013669092 | 0.49405936788742477
0.94 | 1.06 | 0 | 100 | 0.35363983495902657 ± 0.021916965411438925 | 0.07263232456483854 ± 0.011220035448057965 | 1.6935683209922159 ± 0.06089452901585319 | 2.5667654983501733 ± 0.18489730013669092 | 0.49405936788742477
0.94 | 1.06 | 1 | 60 | 0.3573941480461422 ± 0.012112045693795169 | 0.0745260164328167 ± 0.0061248398332319175 | 1.704911021104597 ± 0.05411268960255058 | 2.6469757256697517 ± 0.29431815293294483 | 0.5487145884896814
0.94 | 1.06 | 1 | 65 | 0.3573941480461422 ± 0.012112045693795169 | 0.0745260164328167 ± 0.0061248398332319175 | 1.704911021104597 ± 0.05411268960255058 | 2.6469757256697517 ± 0.29431815293294483 | 0.5487145884896814
0.94 | 1.06 | 1 | 70 | 0.35738953884403457 ± 0.012921955503908601 | 0.07450687044526215 ± 0.006528175705610084 | 1.7042924166839246 ± 0.043279692812777944 | 2.6472890003748413 ± 0.2985682919005024 | 0.5482250107560427
0.94 | 1.06 | 1 | 75 | 0.35738953884403457 ± 0.012921955503908601 | 0.07450687044526215 ± 0.006528175705610084 | 1.7042924166839246 ± 0.043279692812777944 | 2.6472890003748413 ± 0.2985682919005024 | 0.5482250107560427
0.94 | 1.06 | 1 | 80 | 0.3560843719131967 ± 0.014056622585733697 | 0.07379885138565587 ± 0.007129844989461435 | 1.6906131740286519 ± 0.04420043193433683 | 2.6412209802975015 ± 0.19514262446583452 | 0.5262432180902052
0.94 | 1.06 | 1 | 85 | 0.3560843719131967 ± 0.014056622585733697 | 0.07379885138565587 ± 0.007129844989461435 | 1.6906131740286519 ± 0.04420043193433683 | 2.6412209802975015 ± 0.19514262446583452 | 0.5262432180902052
0.94 | 1.06 | 1 | 90 | 0.3560843719131967 ± 0.014056622585733697 | 0.07379885138565587 ± 0.007129844989461435 | 1.6906131740286519 ± 0.04420043193433683 | 2.6412209802975015 ± 0.19514262446583452 | 0.5262432180902052
0.94 | 1.06 | 1 | 95 | 0.3536392885758735 ± 0.02192918056531231 | 0.07263205284786808 ± 0.011226319739071159 | 1.6935668683461769 ± 0.06091211778108322 | 2.5667575238747933 ± 0.18490183951307304 | 0.49405200141551553
0.94 | 1.06 | 1 | 100 | 0.3536392885758735 ± 0.02192918056531231 | 0.07263205284786808 ± 0.011226319739071159 | 1.6935668683461769 ± 0.06091211778108322 | 2.5667575238747933 ± 0.18490183951307304 | 0.49405200141551553
0.94 | 1.06 | 2 | 100 | 0.35762723012955117 ± 0.013225503897180205 | 0.07459698079001696 ± 0.0066727503273723045 | 1.6972832345617603 ± 0.042647897194687354 | 2.647188128684773 ± 0.23817122884887265 | 0.5571532118304852
0.95 | 1.05 | 0 | 60 | 0.35735220471131146 ± 0.012599615441663329 | 0.07454283662592756 ± 0.006365096173742557 | 1.7087594540714524 ± 0.0441031721249723 | 2.622271348518543 ± 0.19751870307807828 | 0.5499865608592388
0.95 | 1.05 | 0 | 65 | 0.35735220471131146 ± 0.012599615441663329 | 0.07454283662592756 ± 0.006365096173742557 | 1.7087594540714524 ± 0.0441031721249723 | 2.622271348518543 ± 0.19751870307807828 | 0.5499865608592388
0.95 | 1.05 | 0 | 70 | 0.35729894970701975 ± 0.011729579521907967 | 0.07452561861934602 ± 0.005926818843806084 | 1.7073649335990433 ± 0.04286122757685848 | 2.624103724713476 ± 0.16969355136365483 | 0.5491702394291972
0.95 | 1.05 | 0 | 75 | 0.35729894970701975 ± 0.011729579521907967 | 0.07452561861934602 ± 0.005926818843806084 | 1.7073649335990433 ± 0.04286122757685848 | 2.624103724713476 ± 0.16969355136365483 | 0.5491702394291972
0.95 | 1.05 | 0 | 80 | 0.35729894970701975 ± 0.011729579521907967 | 0.07452561861934602 ± 0.005926818843806084 | 1.7073649335990433 ± 0.04286122757685848 | 2.624103724713476 ± 0.16969355136365483 | 0.5491702394291972
0.95 | 1.05 | 0 | 85 | 0.35692698078220214 ± 0.012986508486124978 | 0.07432875202989092 ± 0.006569682342667464 | 1.7052571942241117 ± 0.04706163644319255 | 2.6100494755150394 ± 0.21606322551745283 | 0.5411366643469031
0.95 | 1.05 | 0 | 90 | 0.35692698078220214 ± 0.012986508486124978 | 0.07432875202989092 ± 0.006569682342667464 | 1.7052571942241117 ± 0.04706163644319255 | 2.6100494755150394 ± 0.21606322551745283 | 0.5411366643469031
0.95 | 1.05 | 0 | 95 | 0.35692698078220214 ± 0.012986508486124978 | 0.07432875202989092 ± 0.006569682342667464 | 1.7052571942241117 ± 0.04706163644319255 | 2.6100494755150394 ± 0.21606322551745283 | 0.5411366643469031
0.95 | 1.05 | 0 | 100 | 0.3567207982785634 ± 0.01431745608861967 | 0.07423632751076321 ± 0.007248620962495587 | 1.7067622156210391 ± 0.05005400522364455 | 2.59296347759768 ± 0.16487047577132086 | 0.5392280264755978
0.95 | 1.05 | 1 | 60 | 0.3573865505117896 ± 0.013034671867320703 | 0.0745405890720574 ± 0.00658158885822491 | 1.7047076600606257 ± 0.04318702631986904 | 2.6211609827051343 ± 0.24528299571322276 | 0.5512351388434433
0.95 | 1.05 | 1 | 65 | 0.3573522047167437 ± 0.012599456759956214 | 0.07454283662347991 ± 0.006364993825524445 | 1.7087594537633615 ± 0.04407000846906733 | 2.6222713506175737 ± 0.1983344773310216 | 0.5499865607551546
0.95 | 1.05 | 1 | 70 | 0.3573522047167437 ± 0.012599456759956214 | 0.07454283662347991 ± 0.006364993825524445 | 1.7087594537633615 ± 0.04407000846906733 | 2.6222713506175737 ± 0.1983344773310216 | 0.5499865607551546
0.95 | 1.05 | 1 | 75 | 0.35729895414622637 ± 0.01172973685470407 | 0.07452562014133889 ± 0.005926898345680924 | 1.7073650989204394 ± 0.04286117088538013 | 2.6241037046588698 ± 0.16968388985897165 | 0.5491702467764902
0.95 | 1.05 | 1 | 80 | 0.35729895414622637 ± 0.01172973685470407 | 0.07452562014133889 ± 0.005926898345680924 | 1.7073650989204394 ± 0.04286117088538013 | 2.6241037046588698 ± 0.16968388985897165 | 0.5491702467764902
0.95 | 1.05 | 1 | 85 | 0.35729895414622637 ± 0.01172973685470407 | 0.07452562014133889 ± 0.005926898345680924 | 1.7073650989204394 ± 0.04286117088538013 | 2.6241037046588698 ± 0.16968388985897165 | 0.5491702467764902
0.95 | 1.05 | 1 | 90 | 0.3569270655328731 ± 0.012986137755491563 | 0.0743288012549206 ± 0.00656949382511353 | 1.7052566219845033 ± 0.04706230332750745 | 2.610054926400174 ± 0.21610803354142494 | 0.541137855733777
0.95 | 1.05 | 1 | 95 | 0.3569270655328731 ± 0.012986137755491563 | 0.0743288012549206 ± 0.00656949382511353 | 1.7052566219845033 ± 0.04706230332750745 | 2.610054926400174 ± 0.21610803354142494 | 0.541137855733777
0.95 | 1.05 | 1 | 100 | 0.3567213164440148 ± 0.01431415039021742 | 0.07423655972203981 ± 0.007246896968000884 | 1.7067565704012915 ± 0.05003169355721268 | 2.5930023890870904 ± 0.16484140492276134 | 0.539232034085237
0.95 | 1.05 | 2 | 95 | 0.35788048982537934 ± 0.004819520356582445 | 0.07446257069905914 ± 0.002416116262804282 | 1.6368347984877707 ± 0.03654662570783382 | 2.5731973516533406 ± 0.07825137892901868 | 1.000645702175941
0.95 | 1.05 | 2 | 100 | 0.35788048982537934 ± 0.004819520356582445 | 0.07446257069905914 ± 0.002416116262804282 | 1.6368347984877707 ± 0.03654662570783382 | 2.5731973516533406 ± 0.07825137892901868 | 1.000645702175941
0.95 | 1.05 | 2 | 150 | 0.3570313990477166 ± 0.0033332327769553015 | 0.07473872055559783 ± 0.0016478878542348534 | 1.7340560199728983 ± 0.18337061847073927 | 2.433392152094245 ± 0.15227352166502595 | 0.565521745803636
0.96 | 1.04 | 0 | 60 | 0.3571236661030002 ± 0.0120005144023588 | 0.0746538154942393 ± 0.006106418775331463 | 1.7241840647505133 ± 0.12949993323216125 | 2.5077504305264777 ± 0.101819443213508 | 0.5581855869421375
0.96 | 1.04 | 0 | 65 | 0.3571236661030002 ± 0.0120005144023588 | 0.0746538154942393 ± 0.006106418775331463 | 1.7241840647505133 ± 0.12949993323216125 | 2.5077504305264777 ± 0.101819443213508 | 0.5581855869421375
0.96 | 1.04 | 0 | 70 | 0.35711463120999914 ± 0.013404280877679722 | 0.07460884306544022 ± 0.006812169576377294 | 1.7234156867516568 ± 0.08450124301192156 | 2.516568256719807 ± 0.13874505769320677 | 0.5566744434984322
0.96 | 1.04 | 0 | 75 | 0.35711463120999914 ± 0.013404280877679722 | 0.07460884306544022 ± 0.006812169576377294 | 1.7234156867516568 ± 0.08450124301192156 | 2.516568256719807 ± 0.13874505769320677 | 0.5566744434984322
0.96 | 1.04 | 0 | 80 | 0.3570220782034946 ± 0.015057040819055822 | 0.07441099193591615 ± 0.007611525373690248 | 1.7127338712218148 ± 0.04753503013605201 | 2.584440261261901 ± 0.15544780877509812 | 0.5479612962977574
0.96 | 1.04 | 0 | 85 | 0.3570220782034946 ± 0.015057040819055822 | 0.07441099193591615 ± 0.007611525373690248 | 1.7127338712218148 ± 0.04753503013605201 | 2.584440261261901 ± 0.15544780877509812 | 0.5479612962977574
0.96 | 1.04 | 0 | 90 | 0.3570220782034946 ± 0.015057040819055822 | 0.07441099193591615 ± 0.007611525373690248 | 1.7127338712218148 ± 0.04753503013605201 | 2.584440261261901 ± 0.15544780877509812 | 0.5479612962977574
0.96 | 1.04 | 0 | 95 | 0.356948512245373 ± 0.013342461026773724 | 0.07435163367081066 ± 0.006744296671888523 | 1.7056540740945703 ± 0.04259695784381313 | 2.5984108053562935 ± 0.18349445850286328 | 0.5435834494024451
0.96 | 1.04 | 0 | 100 | 0.356948512245373 ± 0.013342461026773724 | 0.07435163367081066 ± 0.006744296671888523 | 1.7056540740945703 ± 0.04259695784381313 | 2.5984108053562935 ± 0.18349445850286328 | 0.5435834494024451
0.96 | 1.04 | 0 | 150 | 0.3547526422703086 ± 0.010888022565547401 | 0.07368328592129815 ± 0.005535451865057338 | 1.7350788875450875 ± 0.040273244646488585 | 2.400559151602755 ± 0.1994246647731608 | 0.5194259460745967
0.96 | 1.04 | 0 | 200 | 0.3539282579435729 ± 0.009718679461514123 | 0.07321081084364486 ± 0.00495771921114511 | 1.7316903743459304 ± 0.0488095275541884 | 2.454710458926316 ± 0.16633777284723705 | 0.505470541574257
0.96 | 1.04 | 1 | 60 | 0.3571683716382118 ± 0.0027032759961818044 | 0.07463948110327524 ± 0.0013136104216639915 | 1.7106691356333388 ± 0.12652956381002162 | 2.4502570797344503 ± 0.1748707982179245 | 0.5980831072865476
0.96 | 1.04 | 1 | 65 | 0.35712366603673606 ± 0.012000942015502152 | 0.07465381552447929 ± 0.006106627481744329 | 1.724184063595954 ± 0.12950027172327824 | 2.507750409203393 ± 0.10181844012316921 | 0.5581855897488909
0.96 | 1.04 | 1 | 70 | 0.35712366603673606 ± 0.012000942015502152 | 0.07465381552447929 ± 0.006106627481744329 | 1.724184063595954 ± 0.12950027172327824 | 2.507750409203393 ± 0.10181844012316921 | 0.5581855897488909
0.96 | 1.04 | 1 | 75 | 0.35711463132687016 ± 0.013404275514733112 | 0.07460884371932686 ± 0.006812162053514095 | 1.7234157247760091 ± 0.08450148337762378 | 2.516568067499932 ± 0.13874383448871885 | 0.5566744641898025
0.96 | 1.04 | 1 | 80 | 0.35711463132687016 ± 0.013404275514733112 | 0.07460884371932686 ± 0.006812162053514095 | 1.7234157247760091 ± 0.08450148337762378 | 2.516568067499932 ± 0.13874383448871885 | 0.5566744641898025
0.96 | 1.04 | 1 | 85 | 0.35711463132687016 ± 0.013404275514733112 | 0.07460884371932686 ± 0.006812162053514095 | 1.7234157247760091 ± 0.08450148337762378 | 2.516568067499932 ± 0.13874383448871885 | 0.5566744641898025
0.96 | 1.04 | 1 | 90 | 0.3570220795474225 ± 0.015057307878700946 | 0.07441099516064065 ± 0.007611661053725823 | 1.7127340720005273 ± 0.047535599477392734 | 2.5844395886695475 ± 0.1554487314881705 | 0.5479612877924979
0.96 | 1.04 | 1 | 95 | 0.3570220795474225 ± 0.015057307878700946 | 0.07441099516064065 ± 0.007611661053725823 | 1.7127340720005273 ± 0.047535599477392734 | 2.5844395886695475 ± 0.1554487314881705 | 0.5479612877924979
0.96 | 1.04 | 1 | 100 | 0.35694851266710864 ± 0.013342810936462937 | 0.07435162582579351 ± 0.00674447544758899 | 1.7056539689849868 ± 0.04260005870450735 | 2.598411172239249 ± 0.18352643979501626 | 0.5435837457034111
0.96 | 1.04 | 1 | 150 | 0.35640568396166655 ± 0.011877605032017522 | 0.07418663157416955 ± 0.006060795455578103 | 1.714222754060167 ± 0.13032146067641526 | 2.56195969962778 ± 0.11847760976819233 | 0.5340336083551799
0.96 | 1.04 | 2 | 80 | 0.356794636675925 ± 0.006652869589242005 | 0.07497709001322854 ± 0.0033664647124335163 | 1.7478859447126456 ± 0.03689236157183879 | 2.408408710147551 ± 0.033941655562738315 | 0.7538989310286621
0.96 | 1.04 | 2 | 85 | 0.356794636675925 ± 0.006652869589242005 | 0.07497709001322854 ± 0.0033664647124335163 | 1.7478859447126456 ± 0.03689236157183879 | 2.408408710147551 ± 0.033941655562738315 | 0.7538989310286621
0.96 | 1.04 | 2 | 90 | 0.3569621364820265 ± 0.007193654950733546 | 0.07489294201635122 ± 0.003630163497101619 | 1.7200782227315843 ± 0.03814091057754615 | 2.4244167227392985 ± 0.10473895057858118 | 0.6978188680521284
0.96 | 1.04 | 2 | 95 | 0.3569621364820265 ± 0.007193654950733546 | 0.07489294201635122 ± 0.003630163497101619 | 1.7200782227315843 ± 0.03814091057754615 | 2.4244167227392985 ± 0.10473895057858118 | 0.6978188680521284
0.96 | 1.04 | 2 | 100 | 0.357143229123684 ± 0.010599513560239403 | 0.07479591365684052 ± 0.0053460571444716755 | 1.7371409744167499 ± 0.05943834562246763 | 2.468442140030811 ± 0.14941260472455298 | 0.5736593689446017
0.97 | 1.03 | 0 | 60 | 0.3572440087086462 ± 0.0027524996804992267 | 0.0745976421322338 ± 0.0013345730221254167 | 1.715151935690562 ± 0.15653377077606667 | 2.5711414268626784 ± 0.14505209952593234 | 0.5536565309309642
0.97 | 1.03 | 0 | 65 | 0.3572538173199146 ± 0.01264681890066679 | 0.07458289927389476 ± 0.006386016244240086 | 1.7146844389373228 ± 0.043735390981938606 | 2.571689063783653 ± 0.10165344662135989 | 0.5529565273368638
0.97 | 1.03 | 0 | 70 | 0.3572538173199146 ± 0.01264681890066679 | 0.07458289927389476 ± 0.006386016244240086 | 1.7146844389373228 ± 0.043735390981938606 | 2.571689063783653 ± 0.10165344662135989 | 0.5529565273368638
0.97 | 1.03 | 0 | 75 | 0.3572538173199146 ± 0.01264681890066679 | 0.07458289927389476 ± 0.006386016244240086 | 1.7146844389373228 ± 0.043735390981938606 | 2.571689063783653 ± 0.10165344662135989 | 0.5529565273368638
0.97 | 1.03 | 0 | 80 | 0.3565638275719533 ± 0.015267169838874899 | 0.07419437713487134 ± 0.007723674293060429 | 1.7082454536923453 ± 0.0461277697575476 | 2.5632322647169663 ± 0.11362526475804113 | 0.5412645220452857
0.97 | 1.03 | 0 | 85 | 0.3565638275719533 ± 0.015267169838874899 | 0.07419437713487134 ± 0.007723674293060429 | 1.7082454536923453 ± 0.0461277697575476 | 2.5632322647169663 ± 0.11362526475804113 | 0.5412645220452857
0.97 | 1.03 | 0 | 90 | 0.3565638275719533 ± 0.015267169838874899 | 0.07419437713487134 ± 0.007723674293060429 | 1.7082454536923453 ± 0.0461277697575476 | 2.5632322647169663 ± 0.11362526475804113 | 0.5412645220452857
0.97 | 1.03 | 0 | 95 | 0.355504587536253 ± 0.0027927618762409565 | 0.07381954833770951 ± 0.0013592167430416778 | 1.7175047010507933 ± 0.16681919292949415 | 2.5353058804802853 ± 0.12551374620753974 | 0.5216679416649282
0.97 | 1.03 | 0 | 100 | 0.355504587536253 ± 0.0027927618762409565 | 0.07381954833770951 ± 0.0013592167430416778 | 1.7175047010507933 ± 0.16681919292949415 | 2.5353058804802853 ± 0.12551374620753974 | 0.5216679416649282
0.97 | 1.03 | 1 | 60 | 0.3572440087102275 ± 0.002752499323868993 | 0.07459764213174172 ± 0.0013345731968790369 | 1.7151519352691902 ± 0.15653375940100786 | 2.5711414273478637 ± 0.1450520070552197 | 0.5536565309365277
0.97 | 1.03 | 1 | 65 | 0.3572440087102275 ± 0.002752499323868993 | 0.07459764213174172 ± 0.0013345731968790369 | 1.7151519352691902 ± 0.15653375940100786 | 2.5711414273478637 ± 0.1450520070552197 | 0.5536565309365277
0.97 | 1.03 | 1 | 70 | 0.3572538173208154 ± 0.012646916311597024 | 0.07458289927379398 ± 0.006386065685918791 | 1.714684438938871 ± 0.04373551335730672 | 2.5716890643046386 ± 0.10165345081793165 | 0.5529565273078213
0.97 | 1.03 | 1 | 75 | 0.3572538173208154 ± 0.012646916311597024 | 0.07458289927379398 ± 0.006386065685918791 | 1.714684438938871 ± 0.04373551335730672 | 2.5716890643046386 ± 0.10165345081793165 | 0.5529565273078213
0.97 | 1.03 | 1 | 80 | 0.35656382756526306 ± 0.015269254446924391 | 0.07419437713793588 ± 0.007724730230342034 | 1.7082454550302115 ± 0.046130276903820974 | 2.563232266606354 ± 0.11362527981826753 | 0.541264519923639
0.97 | 1.03 | 1 | 85 | 0.35656382756526306 ± 0.015269254446924391 | 0.07419437713793588 ± 0.007724730230342034 | 1.7082454550302115 ± 0.046130276903820974 | 2.563232266606354 ± 0.11362527981826753 | 0.541264519923639
0.97 | 1.03 | 1 | 90 | 0.35656382756526306 ± 0.015269254446924391 | 0.07419437713793588 ± 0.007724730230342034 | 1.7082454550302115 ± 0.046130276903820974 | 2.563232266606354 ± 0.11362527981826753 | 0.541264519923639
0.97 | 1.03 | 1 | 95 | 0.35550458387997275 ± 0.0027927592490497137 | 0.07381954687893146 ± 0.0013592186809070752 | 1.7175047191188713 ± 0.16681928041477098 | 2.535305729929035 ± 0.1255144261023129 | 0.5216678994502497
0.97 | 1.03 | 1 | 100 | 0.35550458387997275 ± 0.0027927592490497137 | 0.07381954687893146 ± 0.0013592186809070752 | 1.7175047191188713 ± 0.16681928041477098 | 2.535305729929035 ± 0.1255144261023129 | 0.5216678994502497
0.97 | 1.03 | 2 | 150 | 0.35733455740384606 ± 0.012732554821260096 | 0.07461653772808334 ± 0.00642647482368111 | 1.712836380264353 ± 0.04343894001425626 | 2.5709901668860855 ± 0.12868400765124766 | 0.5550916336695634
0.97 | 1.03 | 2 | 200 | 0.357007595039736 ± 0.012943109811271648 | 0.07451808438500439 ± 0.006548884379695942 | 1.7178432761089064 ± 0.060276460605880426 | 2.5345418352911593 ± 0.12349334178574556 | 0.5512941785234534
0.98 | 1.02 | 0 | 60 | 0.3570216811641368 ± 0.012310262383407244 | 0.07469948734916719 ± 0.006210065797737693 | 1.7309015362279236 ± 0.04270628473259692 | 2.451489163712875 ± 0.05990482004955089 | 0.5626834475587046
0.98 | 1.02 | 0 | 65 | 0.3569029527615224 ± 0.011070299042528086 | 0.0746225912558831 ± 0.005587670535940537 | 1.7264691004490567 ± 0.055854795416752395 | 2.4720953126675096 ± 0.07029930412506502 | 0.5595653541613237
0.98 | 1.02 | 0 | 70 | 0.3569029527615224 ± 0.011070299042528086 | 0.0746225912558831 ± 0.005587670535940537 | 1.7264691004490567 ± 0.055854795416752395 | 2.4720953126675096 ± 0.07029930412506502 | 0.5595653541613237
0.98 | 1.02 | 0 | 75 | 0.3569029527615224 ± 0.011070299042528086 | 0.0746225912558831 ± 0.005587670535940537 | 1.7264691004490567 ± 0.055854795416752395 | 2.4720953126675096 ± 0.07029930412506502 | 0.5595653541613237
0.98 | 1.02 | 0 | 80 | 0.3569029527615224 ± 0.011070299042528086 | 0.0746225912558831 ± 0.005587670535940537 | 1.7264691004490567 ± 0.055854795416752395 | 2.4720953126675096 ± 0.07029930412506502 | 0.5595653541613237
0.98 | 1.02 | 0 | 85 | 0.3568637290773921 ± 0.010682401281984725 | 0.0745946901811822 ± 0.00539090634904788 | 1.7251250115364365 ± 0.057027108731456805 | 2.48196459605818 ± 0.06018673836680466 | 0.5592279788383081
0.98 | 1.02 | 0 | 90 | 0.3568637290773921 ± 0.010682401281984725 | 0.0745946901811822 ± 0.00539090634904788 | 1.7251250115364365 ± 0.057027108731456805 | 2.48196459605818 ± 0.06018673836680466 | 0.5592279788383081
0.98 | 1.02 | 0 | 95 | 0.35648038845931657 ± 0.012225379367598896 | 0.0742388175478265 ± 0.006184344594640917 | 1.7073670668337158 ± 0.04744947587523613 | 2.5296945679583223 ± 0.08837422534478412 | 0.5465151392272489
0.98 | 1.02 | 0 | 100 | 0.35648038845931657 ± 0.012225379367598896 | 0.0742388175478265 ± 0.006184344594640917 | 1.7073670668337158 ± 0.04744947587523613 | 2.5296945679583223 ± 0.08837422534478412 | 0.5465151392272489
0.98 | 1.02 | 1 | 60 | 0.35702168115712246 ± 0.012310411611411165 | 0.07469948735069074 ± 0.006210141296553244 | 1.7309015355485224 ± 0.04270645095585721 | 2.4514891633904896 ± 0.059904809642907786 | 0.5626834475859398
0.98 | 1.02 | 1 | 65 | 0.35702168115712246 ± 0.012310411611411165 | 0.07469948735069074 ± 0.006210141296553244 | 1.7309015355485224 ± 0.04270645095585721 | 2.4514891633904896 ± 0.059904809642907786 | 0.5626834475859398
0.98 | 1.02 | 1 | 70 | 0.3569029524549722 ± 0.011070906898474652 | 0.07462259107010542 ± 0.005587981768420213 | 1.7264691038846418 ± 0.0558553724416967 | 2.472095355807104 ± 0.07029920247312327 | 0.5595653431506215
0.98 | 1.02 | 1 | 75 | 0.3569029524549722 ± 0.011070906898474652 | 0.07462259107010542 ± 0.005587981768420213 | 1.7264691038846418 ± 0.0558553724416967 | 2.472095355807104 ± 0.07029920247312327 | 0.5595653431506215
0.98 | 1.02 | 1 | 80 | 0.3569029524549722 ± 0.011070906898474652 | 0.07462259107010542 ± 0.005587981768420213 | 1.7264691038846418 ± 0.0558553724416967 | 2.472095355807104 ± 0.07029920247312327 | 0.5595653431506215
0.98 | 1.02 | 1 | 85 | 0.356863729378463 ± 0.010682492714389903 | 0.07459469046676173 ± 0.005390952383215607 | 1.7251250379757987 ± 0.057027114201475965 | 2.481964485707102 ± 0.06018655980591414 | 0.559227976490111
0.98 | 1.02 | 1 | 90 | 0.356863729378463 ± 0.010682492714389903 | 0.07459469046676173 ± 0.005390952383215607 | 1.7251250379757987 ± 0.057027114201475965 | 2.481964485707102 ± 0.06018655980591414 | 0.559227976490111
0.98 | 1.02 | 1 | 95 | 0.35648038661557174 ± 0.012224699696720227 | 0.07423881694271645 ± 0.0061840005012053926 | 1.707366959817166 ± 0.04744885334968286 | 2.529694865782923 ± 0.08837400423965036 | 0.5465151948388679
0.98 | 1.02 | 1 | 100 | 0.35648038661557174 ± 0.012224699696720227 | 0.07423881694271645 ± 0.0061840005012053926 | 1.707366959817166 ± 0.04744885334968286 | 2.529694865782923 ± 0.08837400423965036 | 0.5465151948388679
0.98 | 1.02 | 1 | 150 | 0.35422058952329133 ± 0.00269493859081524 | 0.07315820679378816 ± 0.001322988898513325 | 1.7101871096801442 ± 0.1372421638315074 | 2.4790197655616044 ± 0.050974333111787784 | 0.5013561565793223
0.98 | 1.02 | 2 | 80 | 0.3572093203308049 ± 0.0017876406307993228 | 0.07479212645822557 ± 0.0008795506202753694 | 1.7383551975953184 ± 0.010909775729181889 | 2.5263114348732674 ± 0.07438657629711853 | 0.5960478223454863
0.98 | 1.02 | 2 | 85 | 0.3572093203308049 ± 0.0017876406307993228 | 0.07479212645822557 ± 0.0008795506202753694 | 1.7383551975953184 ± 0.010909775729181889 | 2.5263114348732674 ± 0.07438657629711853 | 0.5960478223454863
0.98 | 1.02 | 2 | 90 | 0.3572093203308049 ± 0.0017876406307993228 | 0.07479212645822557 ± 0.0008795506202753694 | 1.7383551975953184 ± 0.010909775729181889 | 2.5263114348732674 ± 0.07438657629711853 | 0.5960478223454863
0.98 | 1.02 | 2 | 95 | 0.35728683098500397 ± 0.0031486555431177047 | 0.07474759687456768 ± 0.001562380897814325 | 1.7369029809716992 ± 0.18768251340816128 | 2.5154221771081327 ± 0.0667313384167938 | 0.5750019137457785
0.98 | 1.02 | 2 | 100 | 0.35728683098500397 ± 0.0031486555431177047 | 0.07474759687456768 ± 0.001562380897814325 | 1.7369029809716992 ± 0.18768251340816128 | 2.5154221771081327 ± 0.0667313384167938 | 0.5750019137457785
0.98 | 1.02 | 2 | 150 | 0.3556341717301431 ± 0.010334537306156088 | 0.07402802680163405 ± 0.005240524685161031 | 1.7239897955766725 ± 0.040336995539476755 | 2.4525030356455155 ± 0.09265328789876048 | 0.5362386352260563
0.98 | 1.02 | 2 | 200 | 0.355576964900085 ± 0.002593015218900939 | 0.07379648763302754 ± 0.0012694886623254723 | 1.710513329701974 ± 0.09467418314098718 | 2.547327830730397 ± 0.05084024343520066 | 0.518877097963478
0.99 | 1.01 | 0 | 60 | 0.3571368552323934 ± 0.014415403145913058 | 0.07463672018159768 ± 0.007280046084702282 | 1.7359632616188112 ± 0.04455943182439659 | 2.5247171962759896 ± 0.04428740586625102 | 0.5727258373142569
0.99 | 1.01 | 0 | 65 | 0.3571368552323934 ± 0.014415403145913058 | 0.07463672018159768 ± 0.007280046084702282 | 1.7359632616188112 ± 0.04455943182439659 | 2.5247171962759896 ± 0.04428740586625102 | 0.5727258373142569
0.99 | 1.01 | 0 | 70 | 0.3571368552323934 ± 0.014415403145913058 | 0.07463672018159768 ± 0.007280046084702282 | 1.7359632616188112 ± 0.04455943182439659 | 2.5247171962759896 ± 0.04428740586625102 | 0.5727258373142569
0.99 | 1.01 | 0 | 75 | 0.3571400425445161 ± 0.013727217157283787 | 0.07463342208737768 ± 0.006935527841224026 | 1.724407919727784 ± 0.05295982465215561 | 2.507421302565334 ± 0.03486520428904072 | 0.5586433709140244
0.99 | 1.01 | 0 | 80 | 0.3571400425445161 ± 0.013727217157283787 | 0.07463342208737768 ± 0.006935527841224026 | 1.724407919727784 ± 0.05295982465215561 | 2.507421302565334 ± 0.03486520428904072 | 0.5586433709140244
0.99 | 1.01 | 0 | 85 | 0.3571400425445161 ± 0.013727217157283787 | 0.07463342208737768 ± 0.006935527841224026 | 1.724407919727784 ± 0.05295982465215561 | 2.507421302565334 ± 0.03486520428904072 | 0.5586433709140244
0.99 | 1.01 | 0 | 90 | 0.35712609522144007 ± 0.0036880486392019403 | 0.07463564112817801 ± 0.0018381381592353589 | 1.7233800226159608 ± 0.18960774545449863 | 2.5183719058111746 ± 0.03846223125569792 | 0.5569604650870579
0.99 | 1.01 | 0 | 95 | 0.35712609522144007 ± 0.0036880486392019403 | 0.07463564112817801 ± 0.0018381381592353589 | 1.7233800226159608 ± 0.18960774545449863 | 2.5183719058111746 ± 0.03846223125569792 | 0.5569604650870579
0.99 | 1.01 | 0 | 100 | 0.3571135371255117 ± 0.01251471205714115 | 0.07459870183130544 ± 0.00631689916945216 | 1.7186251316628673 ± 0.04299188309128967 | 2.5219674168681956 ± 0.02549744447693736 | 0.5556518229311297
0.99 | 1.01 | 0 | 150 | 0.35588647851847577 ± 0.01032353192717608 | 0.07410780144954653 ± 0.00523203381174795 | 1.7203802460720246 ± 0.0399048569762474 | 2.4763349635333083 ± 0.026165862334174506 | 0.5394988339695466
0.99 | 1.01 | 1 | 60 | 0.3571368552796721 ± 0.014415872657165128 | 0.07463672018143466 ± 0.007280283498236361 | 1.735963195471226 ± 0.044560136189519865 | 2.5247171406732773 ± 0.04428907731448306 | 0.5727256856930911
0.99 | 1.01 | 1 | 65 | 0.3571368552796721 ± 0.014415872657165128 | 0.07463672018143466 ± 0.007280283498236361 | 1.735963195471226 ± 0.044560136189519865 | 2.5247171406732773 ± 0.04428907731448306 | 0.5727256856930911
0.99 | 1.01 | 1 | 70 | 0.3571368552796721 ± 0.014415872657165128 | 0.07463672018143466 ± 0.007280283498236361 | 1.735963195471226 ± 0.044560136189519865 | 2.5247171406732773 ± 0.04428907731448306 | 0.5727256856930911
0.99 | 1.01 | 1 | 75 | 0.3571368552796721 ± 0.014415872657165128 | 0.07463672018143466 ± 0.007280283498236361 | 1.735963195471226 ± 0.044560136189519865 | 2.5247171406732773 ± 0.04428907731448306 | 0.5727256856930911
0.99 | 1.01 | 1 | 80 | 0.3571400424799551 ± 0.013727330782378469 | 0.07463342210923204 ± 0.006935585780733065 | 1.7244079235313021 ± 0.0529600500427058 | 2.5074212089650367 ± 0.034865521112461995 | 0.5586433854468719
0.99 | 1.01 | 1 | 85 | 0.3571400424799551 ± 0.013727330782378469 | 0.07463342210923204 ± 0.006935585780733065 | 1.7244079235313021 ± 0.0529600500427058 | 2.5074212089650367 ± 0.034865521112461995 | 0.5586433854468719
0.99 | 1.01 | 1 | 90 | 0.3571260951444842 ± 0.003545735605653349 | 0.07463564116281214 ± 0.001761763971934058 | 1.7233800126431857 ± 0.18913288004387777 | 2.518371833892735 ± 0.03853261841630906 | 0.5569604666665178
0.99 | 1.01 | 1 | 95 | 0.3571260951444842 ± 0.003545735605653349 | 0.07463564116281214 ± 0.001761763971934058 | 1.7233800126431857 ± 0.18913288004387777 | 2.518371833892735 ± 0.03853261841630906 | 0.5569604666665178
0.99 | 1.01 | 1 | 100 | 0.3571260951444842 ± 0.003545735605653349 | 0.07463564116281214 ± 0.001761763971934058 | 1.7233800126431857 ± 0.18913288004387777 | 2.518371833892735 ± 0.03853261841630906 | 0.5569604666665178
0.99 | 1.01 | 1 | 150 | 0.35588663908919566 ± 0.010324542806101945 | 0.0741078334769261 ± 0.005232540225510964 | 1.7203789440283055 ± 0.039908485179720316 | 2.4763398822294596 ± 0.0261317938264356 | 0.5394931830437707
0.99 | 1.01 | 2 | 70 | 0.3574552745036585 ± 0.004704342081019005 | 0.07460500875906088 ± 0.002374577978361184 | 1.7412549399822481 ± 0.04121289437313402 | 2.5020910798746208 ± 0.02678563239771936 | 0.7475607166803583
0.99 | 1.01 | 2 | 75 | 0.3574552745036585 ± 0.004704342081019005 | 0.07460500875906088 ± 0.002374577978361184 | 1.7412549399822481 ± 0.04121289437313402 | 2.5020910798746208 ± 0.02678563239771936 | 0.7475607166803583
0.99 | 1.01 | 2 | 80 | 0.3571698774846684 ± 0.0031124150708832306 | 0.07473265816379542 ± 0.0015368405940042295 | 1.7403234990187462 ± 0.1858008316542279 | 2.5020427746789635 ± 0.03435418079956887 | 0.5774927412488033
0.99 | 1.01 | 2 | 85 | 0.3571698774846684 ± 0.0031124150708832306 | 0.07473265816379542 ± 0.0015368405940042295 | 1.7403234990187462 ± 0.1858008316542279 | 2.5020427746789635 ± 0.03435418079956887 | 0.5774927412488033
0.99 | 1.01 | 2 | 90 | 0.3572159026286555 ± 0.012448882975060457 | 0.07470017302009889 ± 0.006314863478356117 | 1.7244521660039813 ± 0.09336298130859741 | 2.5015109662873343 ± 0.02672034918709576 | 0.5606865065430692
0.99 | 1.01 | 2 | 95 | 0.3572159026286555 ± 0.012448882975060457 | 0.07470017302009889 ± 0.006314863478356117 | 1.7244521660039813 ± 0.09336298130859741 | 2.5015109662873343 ± 0.02672034918709576 | 0.5606865065430692
0.99 | 1.01 | 2 | 100 | 0.35713521610077675 ± 0.002777571832634388 | 0.07467669868889468 ± 0.0013474587499977028 | 1.7238417223156517 ± 0.15966171469023155 | 2.48810951458896 ± 0.028020446790753217 | 0.5604661752812466
0.99 | 1.01 | 2 | 150 | 0.3568776217623377 ± 0.010989079227089424 | 0.07459308345016104 ± 0.0055491336642587 | 1.724877704355335 ± 0.04431521974732062 | 2.481245196384874 ± 0.03652926768372833 | 0.5580238990553236
0.99 | 1.01 | 2 | 200 | 0.3566938015486703 ± 0.013658912699670584 | 0.07435795578021248 ± 0.006902844063778615 | 1.7158259502214133 ± 0.04262019235931932 | 2.524746950501277 ± 0.0401101166614386 | 0.5459476155331221
