Otimização para pl em ATLAS - Limites: mg=1, eps=0, a1=1, a2=0
Configuração: down | up | strategy | migrad | mg ± error | eps ± error | a1 ± error | a2 ± error | χ²/ndof
========================================================================================================================
0.9 | 1.1 | 0 | 70 | 0.4114979875000739 ± 0.012132832309147551 | 0.07271673655128612 ± 0.005280764390989707 | 1.6620900121628177 ± 0.2827959866866234 | 1.4151084845687294 ± 0.5436846259159988 | 0.5031366098921434
0.9 | 1.1 | 1 | 70 | 0.41149799483641014 ± 0.012133662021619612 | 0.07271673828309798 ± 0.005281177260454347 | 1.6620899864718333 ± 0.2827999610327564 | 1.4151089076617585 ± 0.5436931948007794 | 0.5031366787873315
0.9 | 1.1 | 2 | 70 | 0.4196208756607677 ± 0.014793993281015855 | 0.0752908873276818 ± 0.005721679375347721 | 1.63356601338009 ± 0.06859055369894107 | 1.7391599537543043 ± 0.5781281166008968 | 0.6014950843343156
0.9 | 1.1 | 2 | 90 | 0.4155689303037412 ± 0.015091284521359022 | 0.07359430485067327 ± 0.006977844075416126 | 1.6281639990968657 ± 0.24590780950022573 | 1.7458424645599555 ± 0.7296133215273004 | 0.5232827737302104
0.9 | 1.1 | 2 | 100 | 0.4155689303037412 ± 0.015091284521359022 | 0.07359430485067327 ± 0.006977844075416126 | 1.6281639990968657 ± 0.24590780950022573 | 1.7458424645599555 ± 0.7296133215273004 | 0.5232827737302104
0.91 | 1.0899999999999999 | 0 | 70 | 0.412556008943396 ± 0.011436341440278663 | 0.07295090398372023 ± 0.004394549067220635 | 1.6510182172130596 ± 0.208118821195039 | 1.4937268877359513 ± 0.34196253741231286 | 0.506316127813819
0.91 | 1.0899999999999999 | 1 | 70 | 0.4125560120305217 ± 0.011435855133060446 | 0.07295090463515368 ± 0.004394354242213722 | 1.6510182099003115 ± 0.2081190399048134 | 1.493726964627537 ± 0.34196127433929524 | 0.5063162294935339
0.91 | 1.0899999999999999 | 2 | 70 | 0.41988110447977045 ± 0.01469193717627082 | 0.07528057062361211 ± 0.005649202451440932 | 1.6236928811481957 ± 0.05877574261006768 | 1.7895635752420607 ± 0.5310732746617692 | 0.6054587184532826
0.91 | 1.0899999999999999 | 2 | 90 | 0.4198852182727714 ± 0.014848585327268793 | 0.07526397673588517 ± 0.0058134216078065655 | 1.6236574037144706 ± 0.06077385051074158 | 1.789536142684941 ± 0.510302098626117 | 0.6046976427551264
0.91 | 1.0899999999999999 | 2 | 100 | 0.4163973016208631 ± 0.01442668864602717 | 0.07382549760918551 ± 0.005929123298201915 | 1.6190528031055813 ± 0.20643546424286163 | 1.8223649136890725 ± 0.6759437145358715 | 0.5240224631371331
0.92 | 1.08 | 0 | 70 | 0.41378686113872376 ± 0.01166465050796947 | 0.07321521518322606 ± 0.00439840694253363 | 1.6382067644314935 ± 0.16491706817615404 | 1.5943111979176965 ± 0.295099806314603 | 0.5111889252424466
0.92 | 1.08 | 1 | 70 | 0.413786862534409 ± 0.011664558802606084 | 0.07321521553765079 ± 0.004398370418209623 | 1.6382067632121604 ± 0.1649171584066078 | 1.5943112744451644 ± 0.2950990239965492 | 0.5111889366678761
0.92 | 1.08 | 2 | 70 | 0.42021154147295703 ± 0.014511394452071197 | 0.07526709026726863 ± 0.005572766997772775 | 1.6116254089207034 ± 0.05186606312201403 | 1.860126930370217 ± 0.508622610741878 | 0.6106508429951903
0.93 | 1.0699999999999998 | 0 | 70 | 0.41509766595924275 ± 0.005975856516611505 | 0.07350283405508974 ± 0.0021754582180830316 | 1.6212496065366688 ± 0.031112702483413912 | 1.7510486694848548 ± 0.3057273925717781 | 0.523750311517446
0.93 | 1.0699999999999998 | 1 | 70 | 0.41509766595924275 ± 0.005975856516611505 | 0.07350283405508974 ± 0.0021754582180830316 | 1.6212496065366688 ± 0.031112702483413912 | 1.7510486694848548 ± 0.3057273925717781 | 0.523750311517446
0.93 | 1.0699999999999998 | 2 | 70 | 0.41779913498810317 ± 0.04193378988552651 | 0.0741611097525702 ± 0.011873005751117226 | 1.5974053076131893 ± 0.1583051045794457 | 1.9797755692275298 ± 1.1598258052457144 | 0.5621306054513036
0.94 | 1.06 | 0 | 70 | 0.41731773906736563 ± 0.016938021913373374 | 0.07408324533528021 ± 0.006855813325122292 | 1.607884151975258 ± 0.1110471574497115 | 1.8864513865786334 ± 0.4208761972867154 | 0.5413130438110213
0.94 | 1.06 | 0 | 90 | 0.4168607472074551 ± 0.011958347426658328 | 0.0738817849706213 ± 0.004653747066100303 | 1.6074188960153517 ± 0.12193380948641597 | 1.864306580983532 ± 0.3117090488059339 | 0.5339959036517141
0.94 | 1.06 | 1 | 70 | 0.41731773906736563 ± 0.016938021935509 | 0.07408324533528021 ± 0.006855816916876202 | 1.607884151975258 ± 0.1110545218374982 | 1.8864513865786334 ± 0.4208918418737403 | 0.5413130438110213
0.94 | 1.06 | 1 | 90 | 0.4168607488113562 ± 0.011958609918976237 | 0.07388178539198716 ± 0.004653927734207832 | 1.6074188996285816 ± 0.12197047642993497 | 1.8643067311444794 ± 0.3117714339961671 | 0.5339958979996159
0.94 | 1.06 | 2 | 70 | 0.41844739365353495 ± 0.018472382416349853 | 0.07440790900302814 ± 0.007608638048573028 | 1.6020780666035168 ± 0.12660782080612765 | 1.9772216219445486 ± 0.5482485576699296 | 0.5617811783018513
0.95 | 1.05 | 0 | 70 | 0.4186268761112013 ± 0.01635988966347013 | 0.0743589602791773 ± 0.006960758781198816 | 1.5916138438431593 ± 0.08911561384708389 | 2.01684188297187 ± 0.4313662943570832 | 0.5599857622950828
0.95 | 1.05 | 0 | 90 | 0.41828592657587177 ± 0.011463919675941542 | 0.07414424634167094 ± 0.004664144277947999 | 1.591237137051376 ± 0.14735580890122524 | 2.025389204161965 ± 0.38208167926739944 | 0.5485325161635826
0.95 | 1.05 | 1 | 70 | 0.4186268761112013 ± 0.01635988966347013 | 0.0743589602791773 ± 0.006960758781198816 | 1.5916138438431593 ± 0.08911561384708389 | 2.01684188297187 ± 0.4313662943570832 | 0.5599857622950828
0.95 | 1.05 | 1 | 90 | 0.41828592657587177 ± 0.011465753598215833 | 0.07414424634167094 ± 0.004666823720260762 | 1.591237137051376 ± 0.1476384366635568 | 2.025389204161965 ± 0.38343380964836005 | 0.5485325161635826
0.95 | 1.05 | 2 | 70 | 0.4193185485613885 ± 0.016592368331214774 | 0.07461281979631952 ± 0.007066050026818552 | 1.590580530407381 ± 0.03355293837497397 | 2.04316381259362 ± 0.4611964985051986 | 0.5767511147699035
0.95 | 1.05 | 2 | 90 | 0.4182072182253753 ± 0.029547846869990402 | 0.07417553058659215 ± 0.008422638865682857 | 1.590080570740272 ± 0.10452214291042128 | 2.0308675765080615 ± 0.5154806296433483 | 0.5512477496085872
0.95 | 1.05 | 2 | 100 | 0.41639186067999 ± 0.027729795490034986 | 0.07352659206976414 ± 0.02545873722506826 | 1.59069982494291 ± 0.10157829583280087 | 1.977862681707942 ± 1.3453696155237895 | 0.5200761296590406
0.96 | 1.04 | 0 | 70 | 0.41972951518647283 ± 0.013528831738898739 | 0.07430946759176663 ± 0.006080956556610896 | 1.5593170710736521 ± 0.0641803843689478 | 2.2898475516659516 ± 0.5785896217788489 | 0.5720215485691026
0.96 | 1.04 | 0 | 90 | 0.41914894679005915 ± 0.011464034681174962 | 0.07400109313231337 ± 0.00508618012927656 | 1.5510009632977064 ± 0.06686140552088382 | 2.289271581853897 ± 0.5535502407879037 | 0.56397915408379
0.96 | 1.04 | 0 | 100 | 0.41349861945854144 ± 0.0034636198154211206 | 0.07117381484229751 ± 0.002392610519914857 | 1.4877177918270286 ± 0.06504105250713299 | 2.52703001423229 ± 1.3550675312761362 | 0.5000201074045214
0.96 | 1.04 | 1 | 70 | 0.4197295583010508 ± 0.013528129990621668 | 0.07430948890082253 ± 0.006080519634938485 | 1.559318285560202 ± 0.06418432615294634 | 2.289845352128129 ± 0.5785934765028605 | 0.572021765145187
0.96 | 1.04 | 1 | 90 | 0.4191488753072081 ± 0.011464123870676773 | 0.07400105766194189 ± 0.005086220190976694 | 1.5509994140830212 ± 0.06686432842090129 | 2.289272204005521 ± 0.553538631180631 | 0.5639790927527341
0.96 | 1.04 | 1 | 100 | 0.413494447192979 ± 0.0034576377907163114 | 0.07117159853158818 ± 0.002389899566276063 | 1.4876638631030439 ± 0.06515479802152346 | 2.527231765392221 ± 1.3562194036097874 | 0.5000199654673559
0.96 | 1.04 | 2 | 70 | 0.41876565189596576 ± 0.0059087310625794975 | 0.07419900593062742 ± 0.0022477924819381623 | 1.576987205019707 ± 0.08545218453448211 | 2.1603889844711333 ± 0.28029436762787924 | 0.5624102672558225
0.96 | 1.04 | 2 | 90 | 0.41792169203348695 ± 0.005875837391592809 | 0.07386676869485685 ± 0.0022402167011537325 | 1.576765239088045 ± 0.08977368702790856 | 2.1488717691634838 ± 0.2837940351441484 | 0.5424991097869867
0.96 | 1.04 | 2 | 100 | 0.4171572393280236 ± 0.005862242624783437 | 0.07357823220676124 ± 0.002237720854592826 | 1.5767587771405487 ± 0.09101013313315454 | 2.1321796287131454 ± 0.28358074563663854 | 0.5265707185467953
0.97 | 1.03 | 0 | 70 | 0.4214193979538178 ± 0.003152866366863294 | 0.0749159071913978 ± 0.0014185504455460965 | 1.5619466874919417 ± 0.08699315284875542 | 2.3255584973427474 ± 1.0657813543779942 | 0.606509178530923
0.97 | 1.03 | 0 | 90 | 0.4140359186749105 ± 0.005746442600689544 | 0.07188695127923536 ± 0.0021383838815681347 | 1.5213567268832677 ± 0.06874741788296879 | 2.3018823656814456 ± 0.6896648445965692 | 0.5007862240709667
0.97 | 1.03 | 1 | 70 | 0.4214193979538178 ± 0.003152866366863294 | 0.0749159071913978 ± 0.0014185504455460965 | 1.5619466874919417 ± 0.08699315284875542 | 2.3255584973427474 ± 1.0657813543779942 | 0.606509178530923
0.97 | 1.03 | 1 | 90 | 0.4140359186749105 ± 0.005746442600689544 | 0.07188695127923536 ± 0.0021383838815681347 | 1.5213567268832677 ± 0.06874741788296879 | 2.3018823656814456 ± 0.6896648445965692 | 0.5007862240709667
0.97 | 1.03 | 2 | 70 | 0.42112147276048584 ± 0.018223165698699362 | 0.0749477857221641 ± 0.0050855754030857785 | 1.5612801441697277 ± 0.06379604400269145 | 2.2364106317903296 ± 0.3473208599894506 | 0.6123932867292926
0.97 | 1.03 | 2 | 90 | 0.4150017487301824 ± 0.0028966831539743165 | 0.07242375485480018 ± 0.0015790983507436376 | 1.562015447234497 ± 0.060853559044345085 | 2.1710238030858044 ± 1.1041106596636912 | 0.5210672476131729
0.97 | 1.03 | 2 | 100 | 0.4150017487301824 ± 0.0028966831539743165 | 0.07242375485480018 ± 0.0015790983507436376 | 1.562015447234497 ± 0.060853559044345085 | 2.1710238030858044 ± 1.1041106596636912 | 0.5210672476131729
0.98 | 1.02 | 0 | 70 | 0.4204326994939389 ± 0.010680255072102851 | 0.07445438252744732 ± 0.007680432004603673 | 1.5414197447089717 ± 0.03342495953547342 | 2.351773484250647 ± 0.46101584057046086 | 0.5996385483048718
0.98 | 1.02 | 0 | 90 | 0.42064904196192326 ± 0.012201704790342494 | 0.07452572508017978 ± 0.005971317063821553 | 1.5438962546378094 ± 0.03961527858283265 | 2.3634630559299508 ± 0.38523668887051893 | 0.5977901598875974
0.98 | 1.02 | 0 | 100 | 0.4185030624062507 ± 0.0034891847372692797 | 0.0733519860549083 ± 0.0019350740797389027 | 1.5271656679590007 ± 0.034498326843868665 | 2.576538273193756 ± 1.5638666527845355 | 0.5667480783697726
0.98 | 1.02 | 0 | 150 | 0.41505405964513586 ± 0.0025425461192078447 | 0.07164282216366143 ± 0.0010599872739694431 | 1.4868430031463153 ± 0.05999091940465451 | 2.6807739995971165 ± 0.23001434283997782 | 0.5124305695712514
0.98 | 1.02 | 1 | 70 | 0.4215707069701234 ± 0.012880925106999591 | 0.07487521563918648 ± 0.0047882616254155425 | 1.547140092680062 ± 0.0545499938827142 | 2.389262434285516 ± 0.3181978787734996 | 0.6143256300874
0.98 | 1.02 | 1 | 90 | 0.42064899957877144 ± 0.012201607657224028 | 0.07452570768438119 ± 0.005971469239479555 | 1.5438959101627654 ± 0.039614557799227734 | 2.3634622861211128 ± 0.3852433870648671 | 0.5977896325031203
0.98 | 1.02 | 1 | 100 | 0.4185126276202257 ± 0.00348247848212882 | 0.07335705709374252 ± 0.0019269997355148268 | 1.5272790190333398 ± 0.03494083487103439 | 2.575780250531238 ± 1.563909015676046 | 0.566843190095491
0.98 | 1.02 | 1 | 150 | 0.4145497928865984 ± 0.0026291352819100278 | 0.071433938168947 ± 0.0011077421228446493 | 1.4870354949868896 ± 0.0536729226556949 | 2.7087269759000208 ± 0.2364496778377308 | 0.5013402074689592
0.98 | 1.02 | 2 | 70 | 0.4210980813746138 ± 0.012096670974391405 | 0.07442014045017144 ± 0.007210013656192843 | 1.5236565407170783 ± 0.03330465453623044 | 2.510758875408247 ± 0.6167626911432141 | 0.6131693405747499
0.98 | 1.02 | 2 | 90 | 0.4197717459384921 ± 0.011772774824868909 | 0.07354342654720304 ± 0.0038069647944529005 | 1.4926844479006338 ± 0.04188228697407714 | 2.7263038613830046 ± 0.6207897707113489 | 0.6026961548762725
0.98 | 1.02 | 2 | 100 | 0.4196382397416764 ± 0.0032551692255835263 | 0.07352140589212829 ± 0.0015447463746649313 | 1.492950007881974 ± 0.05207232358180425 | 2.737803293202816 ± 1.5951691372170562 | 0.5989582822611758
0.98 | 1.02 | 2 | 150 | 0.4174868880053544 ± 0.003928524242162251 | 0.07255246592952747 ± 0.001646990873666311 | 1.4909388792122327 ± 0.051499749668461936 | 2.767749232486327 ± 0.2708556317130496 | 0.570383261502019
0.98 | 1.02 | 2 | 200 | 0.41497105445007954 ± 0.002295588238800078 | 0.0717707538794956 ± 0.0011825720129707376 | 1.505686912570055 ± 0.05048939621864612 | 2.5860534216712843 ± 0.43089680928862234 | 0.5049567619146103
0.99 | 1.01 | 0 | 70 | 0.42184734381212374 ± 0.006658776393507759 | 0.07476703966702906 ± 0.002340140633302056 | 1.5321541699240235 ± 0.01588947332137214 | 2.513293461598537 ± 0.2511437862836369 | 0.6243708957022994
0.99 | 1.01 | 0 | 90 | 0.41859155547336985 ± 0.0024555422332754595 | 0.07339390817052528 ± 0.0018721331337627231 | 1.512827385926598 ± 0.020152607817843227 | 2.492474671962682 ± 1.4700339634169517 | 0.5707148255213556
0.99 | 1.01 | 0 | 100 | 0.41859155547336985 ± 0.0024555422332754595 | 0.07339390817052528 ± 0.0018721331337627231 | 1.512827385926598 ± 0.020152607817843227 | 2.492474671962682 ± 1.4700339634169517 | 0.5707148255213556
0.99 | 1.01 | 0 | 150 | 0.41735732970508327 ± 0.0015184579347370109 | 0.07273097960161529 ± 0.0010178681864762068 | 1.5030949572510501 ± 0.016123625519239404 | 2.6192709635742437 ± 0.47805366113358305 | 0.5424938325922272
0.99 | 1.01 | 0 | 200 | 0.41684317951394567 ± 0.008114954627127552 | 0.07253671705050863 ± 0.0015582502672043012 | 1.5023023215712652 ± 0.03004244024391811 | 2.6127306517231434 ± 0.49925439749431944 | 0.5315929681292595
0.99 | 1.01 | 0 | 250 | 0.41683219059733334 ± 0.0009255974864557925 | 0.07266448935661943 ± 0.0012650615601121455 | 1.517558795793865 ± 0.02240874426075601 | 2.530271295167112 ± 0.7389731140636925 | 0.5255654228634143
0.99 | 1.01 | 1 | 70 | 0.42184734381212374 ± 0.006658962762054271 | 0.07476703966702906 ± 0.0023406238352828316 | 1.5321541699240235 ± 0.015854495486007925 | 2.513293461598537 ± 0.25098366176050263 | 0.6243708957022994
0.99 | 1.01 | 1 | 90 | 0.41859158152227666 ± 0.002455610518584034 | 0.07339391104850958 ± 0.0018720529734383715 | 1.5128268883258793 ± 0.020150839003669763 | 2.492481948313271 ± 1.4700406858831423 | 0.5707146518260259
0.99 | 1.01 | 1 | 100 | 0.41859158152227666 ± 0.002455610518584034 | 0.07339391104850958 ± 0.0018720529734383715 | 1.5128268883258793 ± 0.020150839003669763 | 2.492481948313271 ± 1.4700406858831423 | 0.5707146518260259
0.99 | 1.01 | 1 | 150 | 0.4173572834575734 ± 0.0015182811980140598 | 0.07273094621812684 ± 0.001017096606243071 | 1.5030943635073164 ± 0.01618474277601345 | 2.6192771703148394 ± 0.4775498490615038 | 0.5424939744911943
0.99 | 1.01 | 1 | 200 | 0.4168431195108427 ± 0.008111572577949588 | 0.0725366454697956 ± 0.0015629117786544486 | 1.5023010228801026 ± 0.024980918289696508 | 2.6127006813737506 ± 0.504295242573915 | 0.5315961027235652
0.99 | 1.01 | 1 | 250 | 0.41679962480701876 ± 0.001202145593290016 | 0.07258289874650946 ± 0.0013507442330088404 | 1.5086374616464204 ± 0.019550862905695743 | 2.5695632773642227 ± 0.8020398982621956 | 0.5275928616198142
0.99 | 1.01 | 2 | 70 | 0.4223401828793994 ± 0.006138271125545047 | 0.0748261992275102 ± 0.004621355121386801 | 1.5202302255309081 ± 0.020752849612382218 | 2.6181587431727906 ± 0.7091063689631043 | 0.6438079970749295
0.99 | 1.01 | 2 | 90 | 0.4188243826385151 ± 0.002175824112163327 | 0.07354689860334089 ± 0.0013017010577481072 | 1.5244086480436287 ± 0.01666273487433023 | 2.4315695864341786 ± 0.5134358999737098 | 0.5797416750854945
0.99 | 1.01 | 2 | 100 | 0.4188243826385151 ± 0.002175824112163327 | 0.07354689860334089 ± 0.0013017010577481072 | 1.5244086480436287 ± 0.01666273487433023 | 2.4315695864341786 ± 0.5134358999737098 | 0.5797416750854945
0.99 | 1.01 | 2 | 150 | 0.41729517811000877 ± 0.0012382828067824536 | 0.07282512614015445 ± 0.001196282790740415 | 1.5146257162245735 ± 0.017247491457520914 | 2.53531953880879 ± 0.6305582537985064 | 0.5366925948252534
0.99 | 1.01 | 2 | 200 | 0.41693827876244854 ± 0.004898927006348225 | 0.07262425150925186 ± 0.0021340722577471846 | 1.5059181216801352 ± 0.021292330636107692 | 2.582811557420631 ± 1.3994162111296928 | 0.5311440391967862
0.99 | 1.01 | 2 | 250 | 0.41682737118904367 ± 0.008135348082604688 | 0.0725604449777133 ± 0.0019174105481587443 | 1.503593980892896 ± 0.029448953037055414 | 2.5980232784493125 ± 1.084263710787237 | 0.5300493788372433
