Otimização para pl em ATLAS - Limites: mg=0, eps=0, a1=1, a2=0
Configuração: down | up | strategy | migrad | mg ± error | eps ± error | a1 ± error | a2 ± error | χ²/ndof
========================================================================================================================
0.9 | 1.1 | 2 | 70 | 0.4196164216411323 ± 0.015052409115379525 | 0.07528997637243301 ± 0.005697403108653127 | 1.6336383475730374 ± 0.06859084809040483 | 1.738885537523083 ± 0.5781862798834265 | 0.6013990337426119
0.91 | 1.0899999999999999 | 0 | 70 | 0.4122662067231857 ± 0.015104166381354386 | 0.07289210682026123 ± 0.005534658425086782 | 1.651708267563546 ± 0.18047483797637442 | 1.479191695411366 ± 0.36463650819201404 | 0.5024069451075319
0.91 | 1.0899999999999999 | 1 | 70 | 0.4122662053131065 ± 0.015104218767872504 | 0.07289210633677175 ± 0.005534677556828778 | 1.6517082709083442 ± 0.1804749334206558 | 1.4791914223492977 ± 0.36463680438050033 | 0.5024070187540046
0.91 | 1.0899999999999999 | 2 | 70 | 0.41987620711765855 ± 0.014973072984848795 | 0.07527966523763097 ± 0.005607061715101237 | 1.6237790509452745 ± 0.05874097867144734 | 1.7891480991663973 ± 0.5302479556968067 | 0.6053503396574915
0.92 | 1.08 | 0 | 70 | 0.41338725924079883 ± 0.014917254107337413 | 0.0731239518743941 ± 0.005428766220051503 | 1.6383596009319346 ± 0.04438597932796262 | 1.5778397972532474 ± 0.35647730489822127 | 0.5075782339038495
0.92 | 1.08 | 1 | 70 | 0.41338725912007435 ± 0.01491777727553041 | 0.07312395183631695 ± 0.00542895763225074 | 1.638359600937817 ± 0.04438516760618905 | 1.577839749805499 ± 0.35648246533270794 | 0.5075782423880133
0.92 | 1.08 | 2 | 70 | 0.4202060069031471 ± 0.014778817101202274 | 0.07526626626806249 ± 0.005491276298376979 | 1.611733926887836 ± 0.05179302842132594 | 1.8594679130705705 ± 0.5062352636077189 | 0.6105413785835722
0.93 | 1.0699999999999998 | 0 | 70 | 0.41490447077850867 ± 0.014596068210011108 | 0.07343635109397997 ± 0.005332990426622753 | 1.6212731752997078 ± 0.03412486455417263 | 1.721796350962539 ± 0.3847146469769142 | 0.5176230423995476
0.93 | 1.0699999999999998 | 1 | 70 | 0.41490447077850867 ± 0.014596066504472562 | 0.07343635109397997 ± 0.005332981323171645 | 1.6212731752997078 ± 0.03410302109338992 | 1.721796350962539 ± 0.38467052389427525 | 0.5176230423995476
0.93 | 1.0699999999999998 | 2 | 70 | 0.4126283431876201 ± 0.006330111964049373 | 0.07221205542540533 ± 0.0018996589904134735 | 1.5975004435401656 ± 0.16810302053805526 | 1.9569313289397754 ± 0.8873890366329359 | 0.5201194978548651
0.94 | 1.06 | 0 | 70 | 0.4171698360637305 ± 0.014307156460880835 | 0.07404768412914224 ± 0.005264378713289169 | 1.607737133033086 ± 0.03738385437369718 | 1.8756598394502157 ± 0.3635088824573763 | 0.5420101850857585
0.94 | 1.06 | 0 | 90 | 0.41636208904429484 ± 0.015106997308861963 | 0.07374031565857088 ± 0.005610909843467975 | 1.606001047563324 ± 0.03883730962376497 | 1.8334579562019655 ± 0.3574544519193524 | 0.5332524530254966
0.94 | 1.06 | 1 | 70 | 0.4171698360637305 ± 0.014307157342047678 | 0.07404768412914224 ± 0.005264381484392483 | 1.607737133033086 ± 0.03739581982042672 | 1.8756598394502157 ± 0.36352691968280887 | 0.5420101850857585
0.94 | 1.06 | 1 | 90 | 0.41636209109359956 ± 0.015107149979997014 | 0.07374031631317965 ± 0.005610966190294958 | 1.6060010581893753 ± 0.038837393884378235 | 1.8334579991924924 ± 0.357456248064085 | 0.5332524679249521
0.94 | 1.06 | 2 | 70 | 0.4115815707506289 ± 0.015183253074327009 | 0.07181516139986986 ± 0.005236255300257292 | 1.6020917569743336 ± 0.1367205026164091 | 1.9479886092882162 ± 0.7070674585744097 | 0.5044094169898615
0.95 | 1.05 | 0 | 70 | 0.4185463485273783 ± 0.014129739755300397 | 0.07433720145263155 ± 0.005236437629737081 | 1.5913275575441577 ± 0.08694457989175941 | 2.011813181305097 ± 0.3689378428871436 | 0.5603324849806243
0.95 | 1.05 | 0 | 90 | 0.4177787751708561 ± 0.015098188277147142 | 0.07402727668571525 ± 0.005655098458727662 | 1.5883216735874337 ± 0.08223507343333636 | 1.9746692221972575 ± 0.3721552540187897 | 0.5508233536464796
0.95 | 1.05 | 1 | 70 | 0.4185463485273783 ± 0.014129739755300397 | 0.07433720145263155 ± 0.005236437629737081 | 1.5913275575441577 ± 0.08694457989175941 | 2.011813181305097 ± 0.3689378428871436 | 0.5603324849806243
0.95 | 1.05 | 1 | 90 | 0.4177787751708561 ± 0.015098188277147142 | 0.07402727668571525 ± 0.005655098458727662 | 1.5883216735874337 ± 0.08223507343333636 | 1.9746692221972575 ± 0.3721552540187897 | 0.5508233536464796
0.95 | 1.05 | 2 | 70 | 0.4133829904677497 ± 0.013337158010009858 | 0.07237682212505818 ± 0.004839368751278503 | 1.5907699618249198 ± 0.033705031557884846 | 2.023204822606564 ± 0.47348514247297796 | 0.5162084652383775
0.96 | 1.04 | 0 | 70 | 0.41973110696324345 ± 0.01428425497254856 | 0.07431044993205697 ± 0.005534607514851666 | 1.5593649340812326 ± 0.06423518500374137 | 2.2898725117300938 ± 0.571403937147641 | 0.572062816063701
0.96 | 1.04 | 0 | 90 | 0.41914239352057 ± 0.01621542665241038 | 0.07399861482692664 ± 0.00648329293093425 | 1.5509736279836839 ± 0.06635760513849054 | 2.2890867067993 ± 0.5569988740184822 | 0.5638829007394894
0.96 | 1.04 | 1 | 70 | 0.419731150571388 ± 0.014283444033493261 | 0.07431047143006603 ± 0.005534304813877254 | 1.5593661583066487 ± 0.06423914171840162 | 2.2898702908013795 ± 0.5714122516887493 | 0.5720630338150106
0.96 | 1.04 | 1 | 90 | 0.4191423170443359 ± 0.016215220724629564 | 0.07399857701625456 ± 0.0064831883886920915 | 1.5509719735713272 ± 0.06636104158510248 | 2.2890874103891936 ± 0.5569878584983743 | 0.5638828193585449
0.96 | 1.04 | 2 | 70 | 0.4156331118020918 ± 0.012839485978392007 | 0.07304574974673902 ± 0.004753001452070117 | 1.577265057614503 ± 0.0798523127233075 | 2.135705491114848 ± 0.39432614274088473 | 0.5317210238495533
0.97 | 1.03 | 0 | 70 | 0.42142022821020336 ± 0.003185325681425599 | 0.07491641164787458 ± 0.0014178592708155827 | 1.5619451266763005 ± 0.08766315030412575 | 2.3254662061741307 ± 1.0612915842895032 | 0.6065198775791066
0.97 | 1.03 | 1 | 70 | 0.42142022821020336 ± 0.003185325681425599 | 0.07491641164787458 ± 0.0014178592708155827 | 1.5619451266763005 ± 0.08766315030412575 | 2.3254662061741307 ± 1.0612915842895032 | 0.6065198775791066
0.97 | 1.03 | 2 | 70 | 0.42111199577914926 ± 0.014031843858135513 | 0.07494500578160646 ± 0.00524406826339196 | 1.5613128275319403 ± 0.06370671728966304 | 2.235615621107942 ± 0.35257003212876825 | 0.6122537642245811
0.97 | 1.03 | 2 | 90 | 0.4201546449265005 ± 0.01768567506922881 | 0.07446921657139245 ± 0.006873730672335489 | 1.5613127866739656 ± 0.054755102768868524 | 2.2356542975801883 ± 0.4052725399480467 | 0.5900129047118527
0.98 | 1.02 | 0 | 70 | 0.42065872659008274 ± 0.01408877945351765 | 0.07454835720805364 ± 0.005316407046051391 | 1.5438592103610749 ± 0.037293242791860304 | 2.3552299220163717 ± 0.3667456232447618 | 0.6007668907867783
0.98 | 1.02 | 0 | 90 | 0.4171833328378637 ± 0.024151158998910342 | 0.07265989256661294 ± 0.009856292271060232 | 1.5070092216213662 ± 0.04228837873878766 | 2.56261966493768 ± 0.45594568390233864 | 0.5570599762781293
0.98 | 1.02 | 0 | 100 | 0.41475286649040355 ± 0.01848843062096523 | 0.07151996799979768 ± 0.007193261344901519 | 1.4866752486341843 ± 0.05772089104875677 | 2.651690653965555 ± 0.3414034608266509 | 0.5160486276059179
0.98 | 1.02 | 1 | 70 | 0.42157078520741476 ± 0.01430905032135711 | 0.0748750429687696 ± 0.005396784828925562 | 1.5471415748356299 ± 0.05460208074699302 | 2.3891819548982673 ± 0.3375189864184584 | 0.6142960419356143
0.98 | 1.02 | 1 | 90 | 0.4171843180070776 ± 0.024157002429586762 | 0.07266039538659884 ± 0.00985954543709954 | 1.5070222731034728 ± 0.04223342018188392 | 2.5625781481354903 ± 0.45622935274941545 | 0.5570672027029636
0.98 | 1.02 | 1 | 100 | 0.41475342430361833 ± 0.018490390351402944 | 0.0715202011965922 ± 0.007194021373357585 | 1.4866755598597197 ± 0.05772734749577513 | 2.651677771812105 ± 0.34142376862607704 | 0.5160620812004764
0.98 | 1.02 | 2 | 70 | 0.4210785332219343 ± 0.016556477024150577 | 0.0744073833830042 ± 0.006728632095937499 | 1.5232179341106644 ± 0.03265178007985381 | 2.5136104175800704 ± 0.623090465866013 | 0.6129280192859944
0.98 | 1.02 | 2 | 90 | 0.4198423024426315 ± 0.017442172910092806 | 0.07358034752570401 ± 0.007316778698055 | 1.4934196508328201 ± 0.031447154681094935 | 2.723397349857444 ± 0.7076010720345447 | 0.6033972763470077
0.98 | 1.02 | 2 | 100 | 0.41975446751512974 ± 0.0033715054104089355 | 0.07357200994553646 ± 0.0015689773277352884 | 1.4934989877699165 ± 0.040982126080771564 | 2.7314852219494954 ± 1.6005821675576328 | 0.6006327079462829
0.98 | 1.02 | 2 | 150 | 0.4187086703695799 ± 0.015205828755925799 | 0.07302134083136906 ± 0.005882865883699872 | 1.4866625907993687 ± 0.052694495897393834 | 2.8194276266364917 ± 0.3279787571811115 | 0.5929888657507861
0.99 | 1.01 | 0 | 70 | 0.42184579431493585 ± 0.014979229559216163 | 0.07476507236748836 ± 0.005687889951215428 | 1.5321556509056329 ± 0.017968609880388398 | 2.5145636243895564 ± 0.331299525872067 | 0.6243795230940216
0.99 | 1.01 | 1 | 70 | 0.42184579431493585 ± 0.014979229559216163 | 0.07476507236748836 ± 0.005687889951215428 | 1.5321556509056329 ± 0.017968609880388398 | 2.5145636243895564 ± 0.331299525872067 | 0.6243795230940216
0.99 | 1.01 | 2 | 70 | 0.421266716513817 ± 0.017844851095239957 | 0.07427175815391529 ± 0.007075677234893588 | 1.5108845796115296 ± 0.024987649829975256 | 2.6446620617929097 ± 0.453771075042169 | 0.6282195995908497
0.99 | 1.01 | 2 | 90 | 0.418315337556395 ± 0.02064616911272151 | 0.07300520221643327 ± 0.007998065939997176 | 1.5030100139886242 ± 0.02898696977312054 | 2.646487421635547 ± 0.3548055366432109 | 0.5873742350311351
0.99 | 1.01 | 2 | 100 | 0.4149105671519424 ± 0.012542420375952658 | 0.07207257063958619 ± 0.004798804133736146 | 1.5288136940423815 ± 0.028661413748579 | 2.5184186912793765 ± 0.681577489930527 | 0.5163873278721792
