Otimização para log em TOTEM - Limites: mg=0, eps=0, a1=1, a2=0
Configuração: down | up | strategy | migrad | mg ± error | eps ± error | a1 ± error | a2 ± error | χ²/ndof
========================================================================================================================
0.9 | 1.1 | 0 | 70 | 0.38327873850323063 ± 0.006397841902916846 | 0.08768586397876232 ± 0.0029110271718625655 | 1.5625293068253625 ± 0.028942106873071083 | 3.599064219616541 ± 0.12906079758413846 | 0.6616305587744693
0.9 | 1.1 | 0 | 90 | 0.3828848082437275 ± 0.004460731740291097 | 0.08776406157811525 ± 0.001985989551045264 | 1.5882825316646603 ± 0.015911360984818712 | 3.468529172806467 ± 0.07621671052305316 | 0.5871380098328651
0.9 | 1.1 | 0 | 100 | 0.3828848082437275 ± 0.004460731740291097 | 0.08776406157811525 ± 0.001985989551045264 | 1.5882825316646603 ± 0.015911360984818712 | 3.468529172806467 ± 0.07621671052305316 | 0.5871380098328651
0.9 | 1.1 | 1 | 70 | 0.38327873843476196 ± 0.006397436562736291 | 0.08768586401086281 ± 0.0029108374197378928 | 1.5625293130255877 ± 0.02894179647842965 | 3.599064195015913 ± 0.12905957587557942 | 0.661630535016801
0.9 | 1.1 | 1 | 90 | 0.38288480821888465 ± 0.004459659680589767 | 0.08776406159748174 ± 0.0019855106239922288 | 1.58828253458082 ± 0.015911258762830283 | 3.468529162181397 ± 0.07621644531184599 | 0.5871379990190466
0.9 | 1.1 | 1 | 100 | 0.38288480821888465 ± 0.004459659680589767 | 0.08776406159748174 ± 0.0019855106239922288 | 1.58828253458082 ± 0.015911258762830283 | 3.468529162181397 ± 0.07621644531184599 | 0.5871379990190466
0.91 | 1.0899999999999999 | 0 | 70 | 0.38328001861787886 ± 0.006381356618955184 | 0.08768507681817109 ± 0.0028882187549636768 | 1.562423398388277 ± 0.026209117290221018 | 3.599252633360399 ± 0.1177026929460353 | 0.661980261384854
0.91 | 1.0899999999999999 | 0 | 90 | 0.3829686101162907 ± 0.004877785434655795 | 0.087742755855635 ± 0.002171222852539092 | 1.5825435295685424 ± 0.01573099600370509 | 3.497340422941689 ± 0.07530827123085579 | 0.598468940642079
0.91 | 1.0899999999999999 | 0 | 100 | 0.3827981944892815 ± 0.003941646758726195 | 0.0877743004481315 ± 0.0017467016542895815 | 1.5921580323563171 ± 0.011327557356240248 | 3.4559092019990985 ± 0.058837191780724864 | 0.5810344428829085
0.91 | 1.0899999999999999 | 0 | 150 | 0.3824862707366995 ± 0.007955473739729959 | 0.08780194552864916 ± 0.003541206694560194 | 1.6109979841033195 ± 0.015160814652267818 | 3.37810802875481 ± 0.07304294641210503 | 0.50203521230775
0.91 | 1.0899999999999999 | 1 | 70 | 0.3832800185375949 ± 0.006381950100902213 | 0.0876850768557822 ± 0.0028884816750185736 | 1.5624234056698727 ± 0.02620933158213412 | 3.5992526044383397 ± 0.11770355980301458 | 0.6619802333815282
0.91 | 1.0899999999999999 | 1 | 90 | 0.3829686100765689 ± 0.00488898074377657 | 0.08774275588138143 ± 0.002176230060112913 | 1.5825435336780391 ± 0.015732166871066267 | 3.4973404071396015 ± 0.07531141174659403 | 0.5984689269333201
0.91 | 1.0899999999999999 | 1 | 100 | 0.3829686100765689 ± 0.00488898074377657 | 0.08774275588138143 ± 0.002176230060112913 | 1.5825435336780391 ± 0.015732166871066267 | 3.4973404071396015 ± 0.07531141174659403 | 0.5984689269333201
0.91 | 1.0899999999999999 | 1 | 150 | 0.3824862706915217 ± 0.00795916161295113 | 0.08780194553900027 ± 0.0035428497020079516 | 1.6109979877480758 ± 0.015161206953399953 | 3.3781080290108743 ± 0.07304392771618114 | 0.5020351932210365
0.91 | 1.0899999999999999 | 2 | 200 | 0.3926204365123733 ± 0.004030742931403737 | 0.09236992294413642 ± 0.0017214088681493818 | 1.6228686249904012 ± 0.0034131535261895385 | 3.37474653246981 ± 0.03493253288779701 | 0.718933763837653
0.91 | 1.0899999999999999 | 2 | 250 | 0.3919236052477957 ± 0.008305535130147774 | 0.09195855326048157 ± 0.003602893269298003 | 1.6154216216669062 ± 0.018523136171777477 | 3.3857550211360956 ± 0.08646915083567201 | 0.6794177674995591
0.92 | 1.08 | 0 | 70 | 0.383281926701744 ± 0.00639576114517099 | 0.08768394794573754 ± 0.0028783177886714086 | 1.562267711214676 ± 0.023046307882219508 | 3.5995818080100106 ± 0.10463815981790059 | 0.6624949073531452
0.92 | 1.08 | 0 | 90 | 0.3829882072692437 ± 0.004557785863657775 | 0.08773270246091756 ± 0.002020830603837453 | 1.5803603138208608 ± 0.012210981189601622 | 3.5063420854055476 ± 0.06181631326861753 | 0.609258165064472
0.92 | 1.08 | 0 | 100 | 0.3829882072692437 ± 0.004557785863657775 | 0.08773270246091756 ± 0.002020830603837453 | 1.5803603138208608 ± 0.012210981189601622 | 3.5063420854055476 ± 0.06181631326861753 | 0.609258165064472
0.92 | 1.08 | 0 | 150 | 0.38257206838353464 ± 0.009298328335898266 | 0.08776242407865933 ± 0.004133709343762752 | 1.603168249297569 ± 0.014013798364661656 | 3.416390820286591 ± 0.06883906063378263 | 0.521182107061561
0.92 | 1.08 | 1 | 70 | 0.3833140600971685 ± 0.006386461739042089 | 0.08766982078773164 ± 0.0028461426459208943 | 1.5623437190213467 ± 0.01783661551524185 | 3.55988529271096 ± 0.08328368739956526 | 0.6998229909292012
0.92 | 1.08 | 1 | 90 | 0.38328714310794004 ± 0.012737989234974373 | 0.08768066017188492 ± 0.0058737484679264335 | 1.56253253629815 ± 0.040966271775557006 | 3.598535461030118 ± 0.18288772302027753 | 0.6603556264516934
0.92 | 1.08 | 1 | 100 | 0.3829882072364162 ± 0.004547760398450467 | 0.08773270248780372 ± 0.0020163665159094748 | 1.5803603183729145 ± 0.012210530510416095 | 3.506342066269244 ± 0.061815650594393215 | 0.60925814522215
0.92 | 1.08 | 1 | 150 | 0.3825720673374235 ± 0.009310558639728425 | 0.08776242398401694 ± 0.004139157173343743 | 1.6031683037114368 ± 0.014015227226171323 | 3.4163905477883705 ± 0.06884294836346079 | 0.5211819678354799
0.92 | 1.08 | 1 | 200 | 0.38235808993171266 ± 0.006957900667438408 | 0.08774033941918513 ± 0.003069892998665752 | 1.6097898132014212 ± 0.003991102171170602 | 3.390629973258406 ± 0.03391621709524827 | 0.5004911156096251
0.93 | 1.0699999999999998 | 0 | 70 | 0.38328544786252405 ± 0.0064117704094692855 | 0.08768200836126613 ± 0.0028680946185063298 | 1.5619752328367333 ± 0.019297835580071254 | 3.6003997294458427 ± 0.08934287648080684 | 0.6635057992617917
0.93 | 1.0699999999999998 | 0 | 90 | 0.38301954684154566 ± 0.004288727549445066 | 0.08771699198254033 ± 0.001896231237893439 | 1.5770632778168323 ± 0.0088946968994571 | 3.520491717185074 ± 0.049997637368897264 | 0.6242363104001906
0.93 | 1.0699999999999998 | 0 | 100 | 0.38301954684154566 ± 0.004288727549445066 | 0.08771699198254033 ± 0.001896231237893439 | 1.5770632778168323 ± 0.0088946968994571 | 3.520491717185074 ± 0.049997637368897264 | 0.6242363104001906
0.93 | 1.0699999999999998 | 0 | 150 | 0.3826537395740565 ± 0.006044964028382843 | 0.08771550575269282 ± 0.002668408433077093 | 1.5933875168589633 ± 0.004805396334541023 | 3.4678871484033107 ± 0.037864057339765285 | 0.5498117767274361
0.93 | 1.0699999999999998 | 0 | 200 | 0.3825422225630319 ± 0.008645818860298814 | 0.0876773526548417 ± 0.003813040920973463 | 1.5953663670827885 ± 0.009552740470282428 | 3.4573748638043367 ± 0.03161782152138665 | 0.5404607582679264
0.93 | 1.0699999999999998 | 0 | 250 | 0.38201325331962355 ± 0.007550458961968055 | 0.08743085514780556 ± 0.003339494815691226 | 1.5941112792252332 ± 0.004874788672294295 | 3.458715336357251 ± 0.038084118382420325 | 0.5344268469479991
0.93 | 1.0699999999999998 | 1 | 70 | 0.38331537981530756 ± 0.006900803404052686 | 0.08766885116750385 ± 0.0030672746920930526 | 1.562068151864638 ± 0.01564009072448136 | 3.565232790054573 ± 0.07454430388729837 | 0.6927955477495357
0.93 | 1.0699999999999998 | 1 | 90 | 0.3832901929388989 ± 0.011494698340937767 | 0.087678916105424 ± 0.005246517109451496 | 1.5621850874598124 ± 0.03323746841741282 | 3.6000700864412236 ± 0.1497249012083268 | 0.661654057536998
0.93 | 1.0699999999999998 | 1 | 100 | 0.38301954686122497 ± 0.004289597397193536 | 0.08771699198328328 ± 0.0018966155965701099 | 1.5770632771798463 ± 0.00889470491517097 | 3.5204917206252873 ± 0.04999764455744402 | 0.6242363095447231
0.93 | 1.0699999999999998 | 1 | 150 | 0.38274045459752665 ± 0.009076562421570072 | 0.08771617405443981 ± 0.004018200233498634 | 1.5910621214726024 ± 0.010014176120092921 | 3.468004684702716 ± 0.053849254458062365 | 0.5576439438518066
0.93 | 1.0699999999999998 | 1 | 200 | 0.3825477522000789 ± 0.0069800610239882386 | 0.08768241932904983 ± 0.0030785535245643047 | 1.5953469795094055 ± 0.004151863858940175 | 3.456207883396357 ± 0.031696188924870715 | 0.5409856337212421
0.93 | 1.0699999999999998 | 1 | 250 | 0.38242507398890996 ± 0.000346394209545391 | 0.08762206607567365 ± 0.0001530540143368996 | 1.5952354363962618 ± 0.10497316466211792 | 3.46023366539703 ± 0.12465725988537435 | 0.5393774538048559
0.93 | 1.0699999999999998 | 2 | 200 | 0.34364669196449366 ± 0.0003577940504304928 | 0.06730464576588127 ± 0.00018597201195218855 | 1.3990170026947408 ± 0.028235421408037364 | 4.330121481135116 ± 0.13162079288107623 | 0.7281562486968176
0.93 | 1.0699999999999998 | 2 | 250 | 0.3345752484647229 ± 0.014731179407643924 | 0.06270512614315388 ± 0.008908727921732381 | 1.4137943425286295 ± 0.1829320553931546 | 4.268116914124984 ± 0.5414107276888461 | 0.6787481675966831
0.94 | 1.06 | 0 | 70 | 0.38329432001965047 ± 0.006525700645705105 | 0.08767753297388871 ± 0.002901175331735148 | 1.5612238276032138 ± 0.014774167315323772 | 3.603004776170264 ± 0.07136318040269342 | 0.6662291506860201
0.94 | 1.06 | 0 | 90 | 0.3831189431699938 ± 0.005088149552673449 | 0.08768746677066092 ± 0.0022480571550815946 | 1.5700088624980482 ± 0.007961067436908498 | 3.556491528926395 ± 0.04675158559159809 | 0.6379992557590585
0.94 | 1.06 | 0 | 100 | 0.3831189431699938 ± 0.005088149552673449 | 0.08768746677066092 ± 0.0022480571550815946 | 1.5700088624980482 ± 0.007961067436908498 | 3.556491528926395 ± 0.04675158559159809 | 0.6379992557590585
0.94 | 1.06 | 0 | 150 | 0.3828466963247712 ± 0.010091990236170623 | 0.08765444435015794 ± 0.0044534339122536785 | 1.579860853812778 ± 0.010429891432687466 | 3.5210851334726807 ± 0.03812797763571466 | 0.5925709938623469
0.94 | 1.06 | 0 | 200 | 0.382758201388678 ± 0.008268306527148517 | 0.08762506468803793 ± 0.003646101673336676 | 1.5804249239562513 ± 0.006480157759740424 | 3.5209732127474043 ± 0.03175241785700383 | 0.5887619517755545
0.94 | 1.06 | 0 | 250 | 0.38220831478186 ± 0.00036098813965520365 | 0.08736075402960043 ± 0.0001603856677357364 | 1.5796989621835924 ± 0.16927921808143742 | 3.516084237588889 ± 0.12778852120895723 | 0.5838310028007752
0.94 | 1.06 | 1 | 70 | 0.38332210885033946 ± 0.007944972261469207 | 0.0876652934810088 ± 0.003521888371182374 | 1.5613174949618764 ± 0.013104511169490629 | 3.5734310364761828 ± 0.06474962072769616 | 0.6873631284875016
0.94 | 1.06 | 1 | 90 | 0.3832981799829921 ± 0.010189655409751974 | 0.08767482080034855 ± 0.004587243727496716 | 1.56135466845613 ± 0.0239260926418835 | 3.603701007151781 ± 0.10997981160142449 | 0.6648149025809228
0.94 | 1.06 | 1 | 100 | 0.38311894317374257 ± 0.005076383632855745 | 0.08768746677140209 ± 0.00224285416096638 | 1.5700088624304764 ± 0.007960927690569664 | 3.5564915268156154 ± 0.046751544047032426 | 0.637999258395967
0.94 | 1.06 | 1 | 150 | 0.38284669630326473 ± 0.010116161347871884 | 0.08765444430723524 ± 0.004464061026639033 | 1.5798608550035707 ± 0.010356802730483339 | 3.5210850955848803 ± 0.038077127545978466 | 0.5925709962296933
0.94 | 1.06 | 1 | 200 | 0.3827581858642212 ± 0.008273359212439699 | 0.08762505888604806 ± 0.0036483307678671965 | 1.5804248612918392 ± 0.006476809824874641 | 3.5209727632369074 ± 0.03175289885614763 | 0.5887619218722447
0.94 | 1.06 | 1 | 250 | 0.38261423384582194 ± 0.0077526047865959895 | 0.08755547726542584 ± 0.0034220161421526715 | 1.5798461535012762 ± 0.004822225886905285 | 3.521378360595759 ± 0.0348149393281209 | 0.5878825095830736
0.94 | 1.06 | 2 | 200 | 0.3496121121294281 ± 0.00016084474426938597 | 0.07036315824218117 ± 8.050097597915293e-05 | 1.4016495974364234 ± 0.17823271330676993 | 4.32328130420857 ± 0.0607632341921155 | 0.7799923433255449
0.94 | 1.06 | 2 | 250 | 0.34074805230111493 ± 0.0002937915734334734 | 0.06582905806871085 ± 0.00015235346435788551 | 1.4020458629453831 ± 0.1465922138892266 | 4.310823060255949 ± 0.12288391722502535 | 0.7003831594752885
0.95 | 1.05 | 0 | 70 | 0.3833241227200653 ± 0.007377668308390548 | 0.08766345527784461 ± 0.003263604804556184 | 1.558761206304359 ± 0.009932416621179496 | 3.6131480351559677 ± 0.053398523379501524 | 0.6751975559959947
0.95 | 1.05 | 0 | 90 | 0.38320710058880886 ± 0.005955213322462508 | 0.08765156062616057 ± 0.0026274957452675834 | 1.562314424049912 ± 0.005439442338302181 | 3.597865364351856 ± 0.039279502665606134 | 0.6612778836880493
0.95 | 1.05 | 0 | 100 | 0.3831461660956402 ± 0.005201196058128449 | 0.08764180668757261 ± 0.00229355971125569 | 1.5637532249409818 ± 0.003453918887783569 | 3.5897764833580545 ± 0.03483198856010469 | 0.6577561831167257
0.95 | 1.05 | 0 | 150 | 0.38299876060804067 ± 0.006876224042250187 | 0.08758928933336989 ± 0.0030315902859656585 | 1.565549991965845 ± 0.003536033492877899 | 3.5861182304642862 ± 0.03139505140758937 | 0.6438115910855882
0.95 | 1.05 | 0 | 200 | 0.38284767313260787 ± 0.0076437634046575016 | 0.08751573667422176 ± 0.003373154565574698 | 1.5650127767472743 ± 0.004860652217509864 | 3.58895045827397 ± 0.0343434772891697 | 0.6420916896839698
0.95 | 1.05 | 0 | 250 | 0.3819805104156965 ± 0.007619299086035192 | 0.08712505218272303 ± 0.0033898925819785936 | 1.5630959589566558 ± 0.012297729507998234 | 3.612107325518134 ± 0.05744790687771336 | 0.6370038696327279
0.95 | 1.05 | 1 | 70 | 0.3833487411552459 ± 0.03147840945174475 | 0.08765251391300238 ± 0.013975277665775582 | 1.5587876526339077 ± 0.017443101988177445 | 3.5949954076349284 ± 0.08228632542634602 | 0.6855156506966358
0.95 | 1.05 | 1 | 90 | 0.38332431088912283 ± 0.00939631999513951 | 0.08766218465452888 ± 0.004172509177686958 | 1.5588159307624703 ± 0.013711545088746058 | 3.615024253532202 ± 0.06815392502303702 | 0.6747172311679662
0.95 | 1.05 | 1 | 100 | 0.3832071003937684 ± 0.005963736026490761 | 0.08765156052701066 ± 0.002631259524286103 | 1.5623144345342008 ± 0.005439472466277295 | 3.597865177423115 ± 0.039279459003136084 | 0.6612778443129675
0.95 | 1.05 | 1 | 150 | 0.3830256781244173 ± 0.007406432040523656 | 0.08759750455589459 ± 0.0032649489089161183 | 1.565505324595294 ± 0.003959591726884759 | 3.583975401912584 ± 0.03159531665044257 | 0.6442572067193886
0.95 | 1.05 | 1 | 200 | 0.3829491812935207 ± 0.00907112159576342 | 0.08756044401584948 ± 0.00400048473213563 | 1.5653731041472472 ± 0.007698437240846068 | 3.586019399789253 ± 0.032963205849802814 | 0.6428276125474578
0.95 | 1.05 | 1 | 250 | 0.3819792354449604 ± 0.007633246227845055 | 0.08712453481585657 ± 0.0033963190315474674 | 1.5631005101091344 ± 0.01246675529456498 | 3.6121511404070348 ± 0.05768521617098761 | 0.6370060595793855
0.95 | 1.05 | 2 | 150 | 0.36775763535636397 ± 0.0007075874183529014 | 0.07925841612292449 ± 0.0003319517619758072 | 1.4190964502603263 ± 0.011344380595901704 | 4.224539698262844 ± 0.05654322249526653 | 0.9857250259955832
0.95 | 1.05 | 2 | 200 | 0.3426556720938292 ± 0.0006898934166464128 | 0.06725232259058118 ± 0.0003648012008849863 | 1.448478623248679 ± 0.026930744153847885 | 4.084834616763637 ± 0.12526379747821081 | 0.5579236237836696
0.96 | 1.04 | 0 | 70 | 0.3834096237829762 ± 0.008370037868661934 | 0.08762525882137967 ± 0.003687248823262514 | 1.5506102478851824 ± 0.007172723122347069 | 3.655836598045763 ± 0.03151197855020797 | 0.7088895674184507
0.96 | 1.04 | 0 | 90 | 0.3834143563632659 ± 0.008544981322620212 | 0.0876224511974278 ± 0.0037638792267311273 | 1.5506124004028063 ± 0.005517206513665607 | 3.649710079145074 ± 0.03145662895444013 | 0.707974853526482
0.96 | 1.04 | 0 | 100 | 0.38277255917853453 ± 0.005694444703039092 | 0.08734552281130079 ± 0.002514101490788111 | 1.5504890572633854 ± 0.0020298505796967348 | 3.648152824753071 ± 0.0317205261092522 | 0.696543988179351
0.96 | 1.04 | 0 | 150 | 0.379239769717154 ± 0.006005589490739656 | 0.0856911161309941 ± 0.002693924147750466 | 1.5418381726521884 ± 0.009423364618711738 | 3.6859622470665547 ± 0.0517421788939784 | 0.6512436790710884
0.96 | 1.04 | 0 | 200 | 0.37587594958017234 ± 0.006575893399439743 | 0.08403612035952437 ± 0.003014518847735041 | 1.5273934099761353 ± 0.01788812571164533 | 3.7483885442711684 ± 0.08494539955575355 | 0.6359205176445979
0.96 | 1.04 | 0 | 250 | 0.36884261100613663 ± 0.007687917380371516 | 0.08051192225248795 ± 0.0037676506411403743 | 1.4968127247727963 ± 0.038004813191694464 | 3.877207886442028 ± 0.18113693408611528 | 0.6214388456380779
0.96 | 1.04 | 1 | 70 | 0.3834435353831316 ± 0.00022520269914338777 | 0.08760983117087653 ± 9.917855885768003e-05 | 1.5505817549371388 ± 0.1043252154356672 | 3.6574839165226423 ± 0.07349904663542701 | 0.7393514332096255
0.96 | 1.04 | 1 | 90 | 0.3834143563661258 ± 0.008550964246324176 | 0.08762245119746294 ± 0.0037665147006194326 | 1.5506124002674266 ± 0.005517207729740292 | 3.6497100796131465 ± 0.03145668497759579 | 0.7079748541248869
0.96 | 1.04 | 1 | 100 | 0.3827725592040118 ± 0.005694091933815032 | 0.08734552279331645 ± 0.0025139456308319844 | 1.5504890566192264 ± 0.0020298530759770284 | 3.648152821974841 ± 0.03172051410486825 | 0.6965439808337412
0.96 | 1.04 | 1 | 150 | 0.379239782542709 ± 0.006003948716901635 | 0.08569112193372079 ± 0.002693163038864703 | 1.5418381841917785 ± 0.009414021868323741 | 3.685962186443395 ± 0.0517072800004117 | 0.6512438928626931
0.96 | 1.04 | 1 | 200 | 0.3758760515724885 ± 0.006583737794858088 | 0.0840361699600826 ± 0.003018123370232867 | 1.5273938358088135 ± 0.017889789444667015 | 3.7483869099571114 ± 0.08495236507810475 | 0.6359206962130439
0.96 | 1.04 | 1 | 250 | 0.3690756025747004 ± 0.007121976604171028 | 0.08063032144677157 ± 0.0034745654280806853 | 1.4976738860483032 ± 0.03608620317114819 | 3.8746093243344593 ± 0.17065479172617729 | 0.622235559514476
0.97 | 1.03 | 0 | 70 | 0.38369653642638346 ± 0.00034361709031916794 | 0.0874956147092471 ± 0.00015166117199791234 | 1.5301519604773606 ± 0.05160410864266041 | 3.7314161421497327 ± 0.12159439572403227 | 0.8720477126897626
0.97 | 1.03 | 0 | 90 | 0.38362594156271174 ± 0.00042438456494320277 | 0.08751280536664105 ± 0.00018982340138314053 | 1.5305756010721556 ± 0.05092130019381391 | 3.737441644214178 ± 0.12628703288715928 | 0.7993707745604217
0.97 | 1.03 | 0 | 100 | 0.38362594156271174 ± 0.00042438456494320277 | 0.08751280536664105 ± 0.00018982340138314053 | 1.5305756010721556 ± 0.05092130019381391 | 3.737441644214178 ± 0.12628703288715928 | 0.7993707745604217
0.97 | 1.03 | 0 | 150 | 0.38339271969696115 ± 0.0070242711090750575 | 0.08747366809722223 ± 0.003096129982340133 | 1.5357146795454861 ± 0.003392068725046049 | 3.715953633494006 ± 0.0312862859547426 | 0.7690646179620063
0.97 | 1.03 | 0 | 200 | 0.38325591201605397 ± 0.0003676101962591592 | 0.08740509615707671 ± 0.00016346742904751305 | 1.535590409003479 ± 0.08167637329647504 | 3.718230495473225 ± 0.1259146526647303 | 0.7667289713632821
0.97 | 1.03 | 0 | 250 | 0.3762635143478616 ± 0.0037157615097021656 | 0.08431222145898683 ± 0.0016795133033121884 | 1.5337906078494585 ± 0.0028689239440625736 | 3.741293016442473 ± 0.03388859234338899 | 0.6542012030119965
0.97 | 1.03 | 1 | 70 | 0.3836965363701948 ± 0.00034361839494742363 | 0.08749561473602836 ± 0.0001516604495279128 | 1.5301519639888959 ± 0.051604123465440854 | 3.7314161244685895 ± 0.12159448942288674 | 0.8720476378312477
0.97 | 1.03 | 1 | 90 | 0.3836464352294139 ± 0.009518146687390096 | 0.08751865296944475 ± 0.004219246474197707 | 1.529422494882996 ± 0.012093911793917944 | 3.740885398103836 ± 0.06255899095261548 | 0.8020157776434276
0.97 | 1.03 | 1 | 100 | 0.38362594149868473 ± 0.0004243861630514907 | 0.08751280538803786 ± 0.00018982204256194084 | 1.5305756051392696 ± 0.05092131609092709 | 3.7374416380137383 ± 0.12628709546823055 | 0.7993707552820744
0.97 | 1.03 | 1 | 150 | 0.38339271701114286 ± 0.007028230234458028 | 0.08747366722911294 ± 0.0030978757857265315 | 1.535714687946792 ± 0.003392080704344047 | 3.715953859520192 ± 0.031286290847459194 | 0.769064561096738
0.97 | 1.03 | 1 | 200 | 0.38325586091356556 ± 0.0003711480785079208 | 0.08740507266531664 ± 0.00016513418010007704 | 1.5355903458605378 ± 0.0818152950542872 | 3.718231466188945 ± 0.1260253127056397 | 0.7667284132208114
0.97 | 1.03 | 1 | 250 | 0.38033649013255294 ± 0.000341398713373118 | 0.08609674496032202 ± 0.000152508364853185 | 1.534785191182461 ± 0.08888280805278248 | 3.7195762749587096 ± 0.12430643692256642 | 0.7044364893653989
0.98 | 1.02 | 0 | 70 | 0.38397232922640917 ± 0.0006923117107802099 | 0.08737438010519012 ± 0.00031300751479988113 | 1.5013095811594246 ± 0.03930957505300037 | 3.853954953916169 ± 0.12538479162871424 | 0.9510910235896379
0.98 | 1.02 | 0 | 90 | 0.38371242572670633 ± 0.0087882391225245 | 0.08741721419165324 ± 0.004044409820658401 | 1.5131436389448218 ± 0.033976363359468964 | 3.8397868426508306 ± 0.15793207333055656 | 0.9018960721857843
0.98 | 1.02 | 0 | 100 | 0.38368716276720655 ± 0.006539497588262827 | 0.0874197801270956 ± 0.0029043768465174613 | 1.5142588487487152 ± 0.012276775953164898 | 3.833998246926202 ± 0.06498615707650912 | 0.8953685150308159
0.98 | 1.02 | 0 | 150 | 0.3835796017617548 ± 0.005910519871173155 | 0.08739948413029015 ± 0.0026052604298428604 | 1.5201173156153513 ± 0.0021791896246462494 | 3.769393829776358 ± 0.03262474610885782 | 0.8475331303412308
0.98 | 1.02 | 0 | 200 | 0.38352156780878355 ± 0.008581461446276705 | 0.08738147887430324 ± 0.0037824195244904662 | 1.5207996287861696 ± 0.004564812520355788 | 3.777583720842313 ± 0.0312368663744385 | 0.8380382480307584
0.98 | 1.02 | 0 | 250 | 0.3804309808620456 ± 0.008393825670564016 | 0.08602174578945095 ± 0.0037467721496627854 | 1.5203102105478712 ± 0.03753694984379241 | 3.7978535632380637 ± 0.04319765763869592 | 0.7731846427570085
0.98 | 1.02 | 1 | 70 | 0.38397232911937745 ± 0.0006923123500888033 | 0.08737438015434236 ± 0.0003130088294313766 | 1.501309594145893 ± 0.03930956922674589 | 3.853954887629028 ± 0.12538471873084128 | 0.951090972064419
0.98 | 1.02 | 1 | 90 | 0.38371242655565835 ± 0.008789329333827854 | 0.08741721411658078 ± 0.00404491998835392 | 1.5131436087994234 ± 0.033978447755020236 | 3.8397869609062925 ± 0.1579455242508586 | 0.9018962035545888
0.98 | 1.02 | 1 | 100 | 0.38371242655565835 ± 0.008789329333827854 | 0.08741721411658078 ± 0.00404491998835392 | 1.5131436087994234 ± 0.033978447755020236 | 3.8397869609062925 ± 0.1579455242508586 | 0.9018962035545888
0.98 | 1.02 | 1 | 150 | 0.3835796114781844 ± 0.005909839401183755 | 0.08739948312487336 ± 0.0026049621946404996 | 1.5201171649190635 ± 0.0021811258593706917 | 3.7693928344359966 ± 0.03262901044159301 | 0.8475335753596909
0.98 | 1.02 | 1 | 200 | 0.3835215679175866 ± 0.008581118861892136 | 0.08738147897321778 ± 0.003782268490381292 | 1.5207996310377625 ± 0.004564701862131648 | 3.777583588357156 ± 0.031236850802876744 | 0.8380382415642906
0.98 | 1.02 | 1 | 250 | 0.3804295015080464 ± 0.008813866408955663 | 0.0860211985503511 ± 0.003941464865589923 | 1.5203621005069825 ± 0.04603584323488907 | 3.79788611271739 ± 0.05170467859513836 | 0.7731410468765435
0.98 | 1.02 | 2 | 200 | 0.383118709080075 ± 0.011449536001399373 | 0.08718382712172873 ± 0.005065922483610379 | 1.5190529346371997 ± 0.008174326883257588 | 3.7847951486368303 ± 0.045847280391068265 | 0.8360696333727002
0.98 | 1.02 | 2 | 250 | 0.3824699823952703 ± 0.008673005315135322 | 0.08690841040937132 ± 0.00383741973341857 | 1.5202626453736483 ± 0.004147599032419236 | 3.7755440073472735 ± 0.03384138957320703 | 0.8143543439898355
0.99 | 1.01 | 0 | 70 | 0.38391966250088433 ± 0.008104012384940152 | 0.08739391229603696 ± 0.0035740018297910335 | 1.5037850211008126 ± 0.0052334458948520846 | 3.849400975872651 ± 0.03955140492779849 | 0.9312892288253383
0.99 | 1.01 | 0 | 90 | 0.38388076251000386 ± 0.007734308073901038 | 0.08739038382509129 ± 0.003407192360639514 | 1.505505212306645 ± 0.002876801699077114 | 3.8376355624051506 ± 0.03246893629550172 | 0.9221093883100535
0.99 | 1.01 | 0 | 100 | 0.3838652173740805 ± 0.00658533430368635 | 0.08739033984294542 ± 0.002901009579842655 | 1.5057636879368212 ± 0.0022355087292158515 | 3.8378540828856025 ± 0.03148830109549324 | 0.9209691294788355
0.99 | 1.01 | 0 | 150 | 0.38380594514456023 ± 0.012958641817289123 | 0.0873586009787047 ± 0.005709019323304143 | 1.5058532703389373 ± 0.018592422252935448 | 3.8403255933780365 ± 0.0316797245190962 | 0.9179905254403877
0.99 | 1.01 | 0 | 200 | 0.37237427341020446 ± 0.0003450389542278673 | 0.08227463413379436 ± 0.00015938473801531056 | 1.5054586179825649 ± 0.023357528505668745 | 3.900256914421847 ± 0.12681083576593294 | 0.7345309211441152
0.99 | 1.01 | 0 | 250 | 0.36408779224965837 ± 0.00031016858881648097 | 0.07836243775788619 ± 0.0001463909807860859 | 1.5056784083477912 ± 0.02174625013901066 | 3.839525885319088 ± 0.1156774648526397 | 0.5171310382561445
0.99 | 1.01 | 1 | 90 | 0.38391900435223214 ± 0.02048350368117415 | 0.08739013858824216 ± 0.009058707794762809 | 1.5042178074242991 ± 0.0251715476109744 | 3.846140574564773 ± 0.056386356973706385 | 0.9297547350919348
0.99 | 1.01 | 1 | 100 | 0.3838807625687394 ± 0.0077326554083131365 | 0.08739038383082383 ± 0.00340646179014671 | 1.505505210671329 ± 0.0028706324161588137 | 3.837635580499978 ± 0.03246338210574135 | 0.9221093936759613
0.99 | 1.01 | 1 | 150 | 0.38384152794862747 ± 0.008861565320153714 | 0.08737901855673903 ± 0.003903625159582633 | 1.5058905781044842 ± 0.004395122379169614 | 3.841283013625884 ± 0.03116718806119269 | 0.9184689559779368
0.99 | 1.01 | 1 | 200 | 0.37992022824976907 ± 0.004125309488441651 | 0.08562834882849503 ± 0.001843962841733501 | 1.501869130314036 ± 0.004361776610280366 | 3.863629094167592 ± 0.03676658370084637 | 0.8543609895417523
0.99 | 1.01 | 1 | 250 | 0.36628609898951475 ± 0.003946391955255086 | 0.07941411201462449 ± 0.0018471957568909644 | 1.5052259597816453 ± 0.0016269926147242098 | 3.8292927777858923 ± 0.03240221127388595 | 0.5669965949177952
0.99 | 1.01 | 2 | 150 | 0.38379120838178227 ± 0.009187370322398402 | 0.08729361272947846 ± 0.004073201725109915 | 1.4993443335201266 ± 0.02211910352107138 | 3.868678040963007 ± 0.06163220151713864 | 0.9505160854621741
0.99 | 1.01 | 2 | 200 | 0.3831316770748648 ± 0.005322795822105486 | 0.08707659175713522 ± 0.0023509372146667522 | 1.505782176725839 ± 0.001612109304865994 | 3.8419633720577213 ± 0.031388071912978356 | 0.904527573850297
0.99 | 1.01 | 2 | 250 | 0.382810839812468 ± 0.0076760310703082755 | 0.08692120557466976 ± 0.0033941557202539175 | 1.5053816614542808 ± 0.0033655343788556724 | 3.8431761758251994 ± 0.03322668335495635 | 0.8938233958047466
