Otimização para log em ATLAS - Limites: mg=1, eps=0, a1=1, a2=0
Configuração: down | up | strategy | migrad | mg ± error | eps ± error | a1 ± error | a2 ± error | χ²/ndof
========================================================================================================================
0.9 | 1.1 | 0 | 70 | 0.3593942214117633 ± 0.011786359153695164 | 0.07337889193489347 ± 0.005936044844438763 | 1.5010093828843423 ± 0.027099353515498636 | 3.943935362964863 ± 0.3240042614697605 | 0.6837549627848177
0.9 | 1.1 | 0 | 90 | 0.35921458686844754 ± 0.009654361100686737 | 0.07332305561655786 ± 0.004828917524449947 | 1.5074909884991095 ± 0.027629922286267372 | 3.981228341662818 ± 0.2880286623936316 | 0.6640829472263308
0.9 | 1.1 | 0 | 100 | 0.35901211305140646 ± 0.011041225146303402 | 0.07324776921581881 ± 0.0055402623210412515 | 1.5102853744617641 ± 0.028350737645499557 | 3.9302958677520157 ± 0.2664192251518933 | 0.6526373764695085
0.9 | 1.1 | 0 | 150 | 0.35492364060675585 ± 0.010626244441867716 | 0.07090721689319135 ± 0.005463592729451972 | 1.4768035903709984 ± 0.05350555216257802 | 4.119580205951093 ± 0.459315018065163 | 0.5927991347767061
0.9 | 1.1 | 1 | 70 | 0.35939422125225573 ± 0.011785838636943297 | 0.07337889201458149 ± 0.00593577157213905 | 1.5010093937511066 ± 0.027099328272920165 | 3.9439352437833284 ± 0.32400235757349044 | 0.6837549561681221
0.9 | 1.1 | 1 | 90 | 0.35921458716888144 ± 0.009654442560659199 | 0.07332305565627133 ± 0.004828959541930958 | 1.507490983708428 ± 0.027629934188270977 | 3.9812284401739437 ± 0.2880290007533226 | 0.6640829568382755
0.9 | 1.1 | 1 | 100 | 0.35901211295268926 ± 0.01104092699986381 | 0.07324776922696083 ± 0.005540106945846797 | 1.51028537437625 ± 0.02835072461337007 | 3.930295848315016 ± 0.266417879672864 | 0.6526373808650376
0.9 | 1.1 | 1 | 150 | 0.3549235315513962 ± 0.010625550985460669 | 0.07090715590503095 ± 0.00546322247548096 | 1.4768030521667117 ± 0.05350609039548604 | 4.119585095934525 ± 0.45931840127179324 | 0.5927972203146675
0.9 | 1.1 | 2 | 150 | 0.35423276152823924 ± 0.011810192982998152 | 0.07083002997421099 ± 0.006043134243432566 | 1.5102978272191092 ± 0.044484993738662215 | 3.901172160169293 ± 0.2699624350450843 | 0.5259944923603077
0.9 | 1.1 | 2 | 200 | 0.3528361351425241 ± 0.011820527329876207 | 0.06999158004377246 ± 0.006147984879561305 | 1.497749937828289 ± 0.04339028689002877 | 3.9686731934726347 ± 0.4064026648249078 | 0.5096180508978089
0.91 | 1.0899999999999999 | 0 | 70 | 0.35948708993716505 ± 0.01159802150833908 | 0.07332090130818299 ± 0.005865371097188522 | 1.4889372608937443 ± 0.02352030214055223 | 4.01298836910563 ± 0.31008808567652124 | 0.7062241365260594
0.91 | 1.0899999999999999 | 0 | 90 | 0.3593547189398081 ± 0.009536976469946612 | 0.073259220783148 ± 0.004789343290349585 | 1.4937585079652531 ± 0.027393838854241626 | 4.076150678780513 ± 0.286178479154458 | 0.6862580013771654
0.91 | 1.0899999999999999 | 0 | 100 | 0.35912264051883785 ± 0.010720502482866295 | 0.07317611474559516 ± 0.00540116049857154 | 1.4965185548011017 ± 0.026306302421902794 | 4.020947223520865 ± 0.2647546249230795 | 0.6744562951490758
0.91 | 1.0899999999999999 | 0 | 150 | 0.3563698144718151 ± 0.010611422136244747 | 0.0716193171441937 ± 0.005430602761831553 | 1.4728543623747015 ± 0.041707901933788816 | 4.117884135623655 ± 0.39098603716601543 | 0.63965730543695
0.91 | 1.0899999999999999 | 1 | 70 | 0.3594870898319091 ± 0.011597862679547016 | 0.07332090135679788 ± 0.005865286143286398 | 1.4889372757401669 ± 0.023520279375658704 | 4.012988294601929 ± 0.31008752342120904 | 0.7062241039786334
0.91 | 1.0899999999999999 | 1 | 90 | 0.35935471874596614 ± 0.009537404188176946 | 0.07325922076962657 ± 0.004789565916022159 | 1.4937585170527452 ± 0.027393847375125402 | 4.076150602995645 ± 0.2861798336257694 | 0.6862579803123088
0.91 | 1.0899999999999999 | 1 | 100 | 0.3591226403755495 ± 0.010720934818064631 | 0.07317611461103846 ± 0.00540138778504391 | 1.4965185541181423 ± 0.026306314785245366 | 4.020947261789516 ± 0.264756690728602 | 0.6744562844561328
0.91 | 1.0899999999999999 | 1 | 150 | 0.35832978990090053 ± 0.012677311243054545 | 0.07267197659905382 ± 0.0064919546708787435 | 1.488339932158428 ± 0.032613486859497165 | 4.079025510861936 ± 0.34418645579709733 | 0.661076072428358
0.91 | 1.0899999999999999 | 2 | 70 | 0.3596593232919155 ± 0.00611183831720058 | 0.07354722416499188 ± 0.0030270393551194864 | 1.4883628232704178 ± 0.018748559736874615 | 4.050263092362128 ± 0.29582630106655894 | 0.7855275277121367
0.91 | 1.0899999999999999 | 2 | 90 | 0.3512614376464072 ± 0.0018337923335570994 | 0.0686467417107178 ± 0.000977563312694541 | 1.4918674392462958 ± 0.16594078830922776 | 4.25597404292693 ± 0.27624727044839503 | 0.7623776973292585
0.91 | 1.0899999999999999 | 2 | 100 | 0.34707876989249253 ± 0.001816497802666045 | 0.06652335344091181 ± 0.0009880694904045757 | 1.4919358812916443 ± 0.19523655622573743 | 4.2151322939795834 ± 0.26533571007870704 | 0.6455508412105644
0.92 | 1.08 | 0 | 70 | 0.35960759773556034 ± 0.012383574234744177 | 0.07324629036014078 ± 0.006341277657189424 | 1.4763848548575258 ± 0.022255198942839338 | 4.10831602006256 ± 0.3081271077739354 | 0.725316268638984
0.92 | 1.08 | 0 | 90 | 0.3593549885272552 ± 0.009586973028790302 | 0.0731619903487198 ± 0.004837125338383814 | 1.4823863482227375 ± 0.02497332948801123 | 4.133021645613211 ± 0.2637329303855453 | 0.7027197779723288
0.92 | 1.08 | 0 | 100 | 0.3592114567842413 ± 0.012657636656877858 | 0.07305595803730547 ± 0.0064958362892348475 | 1.4823054404203961 ± 0.032849166180610956 | 4.127043861187257 ± 0.2762278444400777 | 0.6951277908561245
0.92 | 1.08 | 0 | 150 | 0.35455064338719006 ± 0.010841588559589832 | 0.07041462428445878 ± 0.0058270576544206575 | 1.4565717646385248 ± 0.1872232947550827 | 4.407960539190723 ± 0.7641930905509421 | 0.6391288238885524
0.92 | 1.08 | 1 | 70 | 0.3596075977278375 ± 0.012383933092365351 | 0.07324629034897526 ± 0.00634147514012188 | 1.476384867116007 ± 0.022255186965867813 | 4.108316042634961 ± 0.30812864431075615 | 0.725316223485721
0.92 | 1.08 | 1 | 90 | 0.3593549878811802 ± 0.009587354307412033 | 0.07316199006310772 ± 0.004837326396224081 | 1.482386356881902 ± 0.02497333853662853 | 4.133021494258931 ± 0.2637344129916338 | 0.7027197301922656
0.92 | 1.08 | 1 | 100 | 0.3593549878811802 ± 0.009587354307412033 | 0.07316199006310772 ± 0.004837326396224081 | 1.482386356881902 ± 0.02497333853662853 | 4.133021494258931 ± 0.2637344129916338 | 0.7027197301922656
0.92 | 1.08 | 1 | 150 | 0.35455050336408434 ± 0.010841425909969227 | 0.07041454474496693 ± 0.00582686509888816 | 1.4565691165535393 ± 0.18720614775315625 | 4.407966679551709 ± 0.7640497462062835 | 0.6391279421092441
0.92 | 1.08 | 2 | 90 | 0.3565811597676349 ± 0.011827673201572853 | 0.07172657752975692 ± 0.006095535692118321 | 1.4828338591865973 ± 0.04798771400992785 | 4.135400551837819 ± 0.26835030712350444 | 0.6211871715336604
0.92 | 1.08 | 2 | 100 | 0.3549945494120103 ± 0.011087633717463408 | 0.07097850396832302 ± 0.005715550814086553 | 1.4828334910419363 ± 0.029318822499714514 | 4.08409604523175 ± 0.26824814927793017 | 0.5824773261303785
0.93 | 1.0699999999999998 | 0 | 70 | 0.3597536830693278 ± 0.012886901953753943 | 0.07315388724683812 ± 0.0067261990779927585 | 1.4633170395214312 ± 0.028641822372538872 | 4.253749660226696 ± 0.3187731643063324 | 0.7421400921901089
0.93 | 1.0699999999999998 | 0 | 90 | 0.35939110009737796 ± 0.010180638040287904 | 0.07304952054098135 ± 0.005195782774006707 | 1.4690885780037686 ± 0.025473617242346758 | 4.213868069921079 ± 0.2608335635101824 | 0.7233155503020782
0.93 | 1.0699999999999998 | 0 | 100 | 0.35939110009737796 ± 0.010180638040287904 | 0.07304952054098135 ± 0.005195782774006707 | 1.4690885780037686 ± 0.025473617242346758 | 4.213868069921079 ± 0.2608335635101824 | 0.7233155503020782
0.93 | 1.0699999999999998 | 0 | 150 | 0.35829582151469547 ± 0.013573224450986382 | 0.07239000792481992 ± 0.007177719988418849 | 1.4622633680014223 ± 0.03990699859397051 | 4.276609407864007 ± 0.348396866711747 | 0.7008746657192406
0.93 | 1.0699999999999998 | 1 | 70 | 0.35975368305752364 ± 0.012887072864197213 | 0.0731538872229569 ± 0.006726299550467451 | 1.4633170534347928 ± 0.028641873302006515 | 4.25374983130272 ± 0.3187735561447418 | 0.7421400491539756
0.93 | 1.0699999999999998 | 1 | 90 | 0.3597313256556253 ± 0.011392392060795925 | 0.07313332873830071 ± 0.005879848600822572 | 1.4644223690152873 ± 0.036662120422428 | 4.289473922322285 ± 0.3162900087308724 | 0.7392605943861109
0.93 | 1.0699999999999998 | 1 | 100 | 0.35939110221868203 ± 0.010180997239601669 | 0.07304952105563166 ± 0.0051959783375013805 | 1.46908858225123 ± 0.025473739462243072 | 4.213868731790112 ± 0.2608351318808598 | 0.7233155440944182
0.93 | 1.0699999999999998 | 1 | 150 | 0.3582958291001067 ± 0.013575356473807448 | 0.07239000822366486 ± 0.00717899512924088 | 1.4622666073776562 ± 0.03992516906542698 | 4.2766111251148 ± 0.3484016166632465 | 0.7008700131324266
0.93 | 1.0699999999999998 | 2 | 90 | 0.35801293633682757 ± 0.002447455911176094 | 0.07223559824286425 ± 0.0012885726513559717 | 1.4686603875915105 ± 0.11161445869980602 | 4.321531159009486 ± 1.1240819913142135 | 0.6938033141057047
0.93 | 1.0699999999999998 | 2 | 100 | 0.3558872395555247 ± 0.0024421586474794033 | 0.07116602425039292 ± 0.00130025185067561 | 1.46868098978305 ± 0.12028608446372568 | 4.3292996188871795 ± 1.177215922719165 | 0.6444619274780464
0.93 | 1.0699999999999998 | 2 | 150 | 0.35053591707133736 ± 0.011414268516228593 | 0.06849161714078689 ± 0.006081440834416059 | 1.469109847564295 ± 0.19048843818625882 | 4.23982638464106 ± 0.2709395581979062 | 0.5109094692604518
0.94 | 1.06 | 0 | 70 | 0.3597772727972732 ± 0.009518874203597871 | 0.07313608045056912 ± 0.004889888987904627 | 1.4500511208129683 ± 0.017384390645311165 | 4.2507491701303985 ± 0.28337348179220334 | 0.7858310058113673
0.94 | 1.06 | 0 | 90 | 0.3597592068813051 ± 0.009075188847700755 | 0.07306914742112992 ± 0.004656685657796199 | 1.4523309175563088 ± 0.02673149123575269 | 4.357199978340457 ± 0.2828666344873267 | 0.7638713214123253
0.94 | 1.06 | 0 | 100 | 0.3594712174935402 ± 0.00955069626053795 | 0.0729721773329857 ± 0.004912915968389578 | 1.455324375876093 ± 0.023117230861604332 | 4.299231195554746 ± 0.2580836650483387 | 0.7503429795797638
0.94 | 1.06 | 0 | 150 | 0.35776007556289124 ± 0.010994857721402906 | 0.07199275905944513 ± 0.005791709458576452 | 1.4426966482664336 ± 0.03268938844157809 | 4.366247845638779 ± 0.3510653655055125 | 0.7226057086958533
0.94 | 1.06 | 0 | 200 | 0.3472263013621509 ± 0.008470276657311343 | 0.06643837852656645 ± 0.00476372786245123 | 1.4322732334281056 ± 0.1446714269803031 | 4.426004277527304 ± 0.6685718933284688 | 0.5041201890188951
0.94 | 1.06 | 1 | 70 | 0.3597772727446072 ± 0.009518695163181018 | 0.07313608045806987 ± 0.004889788933899068 | 1.4500511362783433 ± 0.017384368403266293 | 4.250749192705647 ± 0.28337290775349294 | 0.7858309347516902
0.94 | 1.06 | 1 | 90 | 0.35975920682670215 ± 0.009074996582974837 | 0.07306914743904899 ± 0.004656579397104452 | 1.4523309270136266 ± 0.026731499019310156 | 4.3571999118761475 ± 0.28286599890115016 | 0.7638712954582518
0.94 | 1.06 | 1 | 100 | 0.35947121733054754 ± 0.009550589295396178 | 0.0729721772771752 ± 0.004912856410490565 | 1.4553243754305918 ± 0.023117227580650046 | 4.299231276884217 ± 0.2580831913475923 | 0.7503429809773969
0.94 | 1.06 | 1 | 150 | 0.3577600760132783 ± 0.0109948178397061 | 0.07199275921171197 ± 0.005791685885097011 | 1.4426966350931252 ± 0.032689400284808046 | 4.366248020509656 ± 0.35106538362668904 | 0.7226057478667082
0.94 | 1.06 | 1 | 200 | 0.34722633879868425 ± 0.008470418616733366 | 0.06643840062658703 ± 0.004763807418075171 | 1.432273376448939 ± 0.1446707983849287 | 4.426002747237459 ± 0.668561397153608 | 0.5041203711709586
0.94 | 1.06 | 2 | 70 | 0.3607162366856708 ± 0.005544283051969079 | 0.07306980487007579 ± 0.0029040138379379152 | 1.3942599121075734 ± 0.11260781829971578 | 4.849374757476788 ± 0.6704707057940531 | 0.9652748071750304
0.94 | 1.06 | 2 | 90 | 0.35900398807333356 ± 0.0046342632139527995 | 0.07220130528764374 ± 0.0024098809232716454 | 1.4084672661464464 ± 0.10447529511151232 | 4.702621121658876 ± 0.6858396355937864 | 0.8394762946382165
0.94 | 1.06 | 2 | 100 | 0.3431432893519242 ± 0.003999867544434016 | 0.06426164818496115 ± 0.002243471570711855 | 1.4114127158906005 ± 0.05383237138200425 | 4.2451940285717376 ± 0.4442785315870555 | 0.5293828663834595
0.95 | 1.05 | 0 | 70 | 0.3599716798983359 ± 0.008444337163626137 | 0.07301574602644396 ± 0.0043876212969743275 | 1.430198673806132 ± 0.027609107596193283 | 4.448561250270795 ± 0.32077589823313646 | 0.8163073371202737
0.95 | 1.05 | 0 | 90 | 0.35974318350590123 ± 0.0071017197782616 | 0.07297455577121395 ± 0.0036339547145495493 | 1.4399192229850155 ± 0.022021157090764798 | 4.438699282756224 ± 0.26323992300642773 | 0.7920486797889736
0.95 | 1.05 | 0 | 100 | 0.3595995776027455 ± 0.009768498461964509 | 0.07291418241436377 ± 0.005143138872724741 | 1.4416355325969907 ± 0.02189805304495085 | 4.377767863385451 ± 0.258051655097201 | 0.7798059149572062
0.95 | 1.05 | 0 | 150 | 0.3491049390786918 ± 0.0030719194714139697 | 0.06704058923366117 ± 0.00190716381617041 | 1.401184994999711 ± 0.08773209732577825 | 4.8277696457386465 ± 1.94724512673905 | 0.6808160737201647
0.95 | 1.05 | 0 | 200 | 0.3442849222588453 ± 0.0039839882155143225 | 0.0641687034938451 ± 0.002375203241335978 | 1.3611346313314483 ± 0.09699479576048042 | 4.953037717062715 ± 0.6581858995225544 | 0.6414261347156518
0.95 | 1.05 | 1 | 70 | 0.35997168072701263 ± 0.00844459309972409 | 0.07301574549533985 ± 0.004387767733327495 | 1.4301986087851837 ± 0.02760921666828864 | 4.448562200889324 ± 0.32077699040318897 | 0.8163074237783666
0.95 | 1.05 | 1 | 90 | 0.3597431827552222 ± 0.007101522854825126 | 0.07297455557375825 ± 0.0036338470363997282 | 1.4399192322923424 ± 0.022021138283119912 | 4.438698957764068 ± 0.26323929181022493 | 0.792048614301359
0.95 | 1.05 | 1 | 100 | 0.3597431827552222 ± 0.007101522854825126 | 0.07297455557375825 ± 0.0036338470363997282 | 1.4399192322923424 ± 0.022021138283119912 | 4.438698957764068 ± 0.26323929181022493 | 0.792048614301359
0.95 | 1.05 | 1 | 150 | 0.35755828845861337 ± 0.002463110832310822 | 0.07168782403625608 ± 0.0013017242071968465 | 1.4379825408558522 ± 0.07245475036093862 | 4.531131399865648 ± 1.2858335821305131 | 0.748100455705682
0.95 | 1.05 | 1 | 200 | 0.3462216954334263 ± 0.004370092078373883 | 0.06530621906277817 ± 0.0023971111247120705 | 1.3696528216770858 ± 0.10116093266068216 | 4.951565164058894 ± 0.7534189224232949 | 0.666850118289159
0.95 | 1.05 | 2 | 150 | 0.34174391904512674 ± 0.004325150213410928 | 0.06344429041973494 ± 0.0022521520406192873 | 1.3847281900983708 ± 0.09481511355007777 | 4.319518236560288 ± 0.5294568413552754 | 0.6081001243383531
0.96 | 1.04 | 0 | 70 | 0.36004840673009736 ± 0.02314867095117598 | 0.0729705333921106 ± 0.010844232975156687 | 1.4277387340813226 ± 0.06802986350734841 | 4.508797251110404 ± 0.3200034997545535 | 0.8179454086169273
0.96 | 1.04 | 0 | 90 | 0.35930028418456333 ± 0.0077527832248909245 | 0.07262120886292392 ± 0.004098427992820763 | 1.4250256895342608 ± 0.020671416409541288 | 4.502007579244429 ± 0.27100116083379205 | 0.8045445534300449
0.96 | 1.04 | 0 | 100 | 0.35928027163897913 ± 0.021052840049964855 | 0.07255907570451962 ± 0.007221278049372444 | 1.4250876552397485 ± 0.079031713475468 | 4.5372138594008655 ± 0.30218552167571966 | 0.8007345296305738
0.96 | 1.04 | 0 | 150 | 0.34996740936652815 ± 0.010072108499510124 | 0.06746348633233663 ± 0.006153834764865727 | 1.3796185427648873 ± 0.08543400899029763 | 4.7168775019615214 ± 0.6756227098695271 | 0.6600126005118272
0.96 | 1.04 | 1 | 70 | 0.36004174805878736 ± 0.021829624984054274 | 0.0729944303272784 ± 0.008027962200213398 | 1.4277752435869726 ± 0.023392651988782487 | 4.473081577521088 ± 0.285151889958895 | 0.8196678015088422
0.96 | 1.04 | 1 | 90 | 0.35984900745324455 ± 0.007393876153929141 | 0.07290379037400192 ± 0.003880265088360971 | 1.4278991589644674 ± 0.024009907436187472 | 4.514165588799122 ± 0.2491418148681027 | 0.814766450181593
0.96 | 1.04 | 1 | 100 | 0.35930007334385244 ± 0.007752012586325102 | 0.0726211097375537 ± 0.0040979675721235205 | 1.4250247291243963 ± 0.020669423890527394 | 4.502007572030134 ± 0.2710041241206716 | 0.8045423918178138
0.96 | 1.04 | 1 | 150 | 0.34996717117445064 ± 0.010072191896979943 | 0.0674633373073619 ± 0.006153964406163345 | 1.379612594549637 ± 0.08542984336572546 | 4.716875707028623 ± 0.675697586894637 | 0.6600213798475054
0.96 | 1.04 | 2 | 90 | 0.35928180806833204 ± 0.00479033162907383 | 0.072866990532484 ± 0.0024249468711063033 | 1.4207714517659895 ± 0.013858853202012411 | 4.218982562639689 ± 0.2637455664577568 | 0.9896759026114244
0.96 | 1.04 | 2 | 100 | 0.3590916778202301 ± 0.006287995465536267 | 0.0724323170734339 ± 0.0032737558436133755 | 1.4135899140583714 ± 0.030623813130936206 | 4.598401490337009 ± 0.3405890862748262 | 0.8290925038052558
0.96 | 1.04 | 2 | 150 | 0.3466057800342801 ± 0.005778150036842428 | 0.06582436320843238 ± 0.0033496984762934577 | 1.3983445872029954 ± 0.06334135462654489 | 4.623533819268413 ± 0.6039902944839449 | 0.5563585410621231
0.97 | 1.03 | 0 | 70 | 0.36026300113085546 ± 0.01804689196169848 | 0.07284106985495191 ± 0.04134535148778499 | 1.399853325521584 ± 0.06998987111656707 | 4.694690203404029 ± 0.7689171787715644 | 0.8865411502619309
0.97 | 1.03 | 0 | 90 | 0.35988162578340505 ± 0.005309458864678901 | 0.0728413548591156 ± 0.002787468069170945 | 1.413912058275344 ± 0.01687713982657113 | 4.5574845584538375 ± 0.24410333520318936 | 0.8503988637025233
0.97 | 1.03 | 0 | 100 | 0.35991889775679803 ± 0.004756159155728246 | 0.0727960035690024 ± 0.002462938597912866 | 1.4139865346603757 ± 0.055934118288305856 | 4.5819165489993905 ± 0.240537830363974 | 0.8438731569598706
0.97 | 1.03 | 0 | 150 | 0.3529958671694877 ± 0.0024149586505609333 | 0.06905318619775239 ± 0.0013401245187966754 | 1.4050862706838225 ± 0.07293672580733579 | 4.783284616406291 ± 1.5906919404331858 | 0.7299410625162882
0.97 | 1.03 | 0 | 200 | 0.34903808639831974 ± 0.0031913726719111635 | 0.06730247656013398 ± 0.0017123939970889507 | 1.4128880611989 ± 0.0474782826564073 | 4.388418987961847 ± 0.2439286713668775 | 0.5858846099793572
0.97 | 1.03 | 0 | 250 | 0.3471051300600555 ± 0.002475447219369209 | 0.06620418938375286 ± 0.0013804375991445217 | 1.41099836343805 ± 0.0733651792026796 | 4.509907132923137 ± 0.30111989454523186 | 0.5367320541105605
0.97 | 1.03 | 1 | 70 | 0.3602629998202772 ± 0.01805049941671444 | 0.07284107033846955 ± 0.041328448073868145 | 1.3998534188097338 ± 0.06998816945451469 | 4.694689894778793 ± 0.7686745083987774 | 0.886540903127658
0.97 | 1.03 | 1 | 90 | 0.35988162368471516 ± 0.00530947438463511 | 0.07284135382538824 ± 0.002787477028208675 | 1.4139120941205439 ± 0.016877157139401855 | 4.55748347660433 ± 0.24410311562792075 | 0.8503986243656738
0.97 | 1.03 | 1 | 100 | 0.35988162368471516 ± 0.00530947438463511 | 0.07284135382538824 ± 0.002787477028208675 | 1.4139120941205439 ± 0.016877157139401855 | 4.55748347660433 ± 0.24410311562792075 | 0.8503986243656738
0.97 | 1.03 | 1 | 150 | 0.35299436374693816 ± 0.002414878430767764 | 0.06905237383937575 ± 0.00134004341327666 | 1.4050835504507115 ± 0.07297334003513312 | 4.78331742364949 ± 1.5901219107663014 | 0.7299268786501543
0.97 | 1.03 | 1 | 200 | 0.34905714243829944 ± 0.00246506130189883 | 0.06714676878569432 ± 0.0013933213582467056 | 1.403171369438394 ± 0.04436379157282999 | 4.504061243898617 ± 0.3753000888564354 | 0.6065192292856972
0.97 | 1.03 | 1 | 250 | 0.34762053102811125 ± 0.003876883070051379 | 0.0665230541007593 ± 0.0021712151669333515 | 1.411713067684109 ± 0.06302464701387678 | 4.474691989421138 ± 0.26678575861024767 | 0.5426226116064408
0.97 | 1.03 | 2 | 150 | 0.3583574211768194 ± 0.004610849935982347 | 0.07184615832436378 ± 0.002354458427241689 | 1.4068235307266026 ± 0.07869627438673854 | 4.557286324525048 ± 0.4250465559794883 | 0.86800801559383
0.97 | 1.03 | 2 | 200 | 0.35764572857711563 ± 0.01643024657611708 | 0.07164695009997583 ± 0.007035108090146902 | 1.4108679477180892 ± 0.06012816986098801 | 4.570758581602457 ± 0.2963641506226153 | 0.7839081498293871
0.97 | 1.03 | 2 | 250 | 0.35106959530200293 ± 0.0038093664697418927 | 0.06826491390719043 ± 0.0020299777730915136 | 1.413563599498489 ± 0.06485677512837518 | 4.503429657404867 ± 0.24913824058570766 | 0.6174674603082273
0.98 | 1.02 | 0 | 90 | 0.35985210416047964 ± 0.004445829287586411 | 0.07264588089630691 ± 0.0024740326930990015 | 1.400456862009584 ± 0.03881965134244658 | 4.623229998119554 ± 0.23769743857376507 | 0.8790701461634653
0.98 | 1.02 | 0 | 100 | 0.3598279850995613 ± 0.012555562693915306 | 0.07265194882059871 ± 0.005948262845151438 | 1.4004221515099073 ± 0.03725013666944488 | 4.6635591254105515 ± 0.262211393683484 | 0.8725636735165575
0.98 | 1.02 | 0 | 150 | 0.357155088533725 ± 0.00508862773611779 | 0.07127702619070395 ± 0.0028752677218706842 | 1.3971247971207965 ± 0.03341945479417874 | 4.763397301133465 ± 0.280847049205711 | 0.8194657281456272
0.98 | 1.02 | 0 | 200 | 0.3500092984572629 ± 0.0016524233885338857 | 0.06760140111155695 ± 0.0009219461552361755 | 1.39952417170156 ± 0.05122365036531573 | 4.6002401681225304 ± 0.25208438027644026 | 0.6199763581588981
0.98 | 1.02 | 0 | 250 | 0.34912678067429026 ± 0.0018143686624062239 | 0.06719442881983359 ± 0.0007552328324266444 | 1.4001224356586548 ± 0.04378620447529169 | 4.574114484399456 ± 0.23828389487375923 | 0.5961095275460379
0.98 | 1.02 | 1 | 90 | 0.3598520806759835 ± 0.004445794523274066 | 0.07264592258434024 ± 0.0024740259248035306 | 1.4004567689858338 ± 0.03881866466954631 | 4.623228243524514 ± 0.23769912232797122 | 0.8790628410793823
0.98 | 1.02 | 1 | 100 | 0.3598280409493182 ± 0.012554815091403326 | 0.07265196375996699 ± 0.005943844516431867 | 1.4004227812336127 ± 0.03725771627338215 | 4.663595757049914 ± 0.2621672581775168 | 0.8725621664158311
0.98 | 1.02 | 1 | 150 | 0.3571326144288681 ± 0.005117970781958137 | 0.07126501164957466 ± 0.002896419674351615 | 1.397238397860452 ± 0.03375695882338714 | 4.765085857865957 ± 0.2804573910307401 | 0.8191329949768442
0.98 | 1.02 | 1 | 200 | 0.35043963589380367 ± 0.002978918359383992 | 0.06787739539768753 ± 0.0016960994868316346 | 1.4000996840010607 ± 0.042837746165980795 | 4.57458490195594 ± 0.2396249524175089 | 0.6244970725867759
0.98 | 1.02 | 1 | 250 | 0.3492019451732901 ± 0.0009338075678006486 | 0.06721335587046198 ± 0.0005534144571115159 | 1.400455932878853 ± 0.04449098004336316 | 4.567863848123801 ± 0.23257361246983127 | 0.5994594400511372
0.98 | 1.02 | 2 | 100 | 0.3598299183480249 ± 0.004316549570962669 | 0.07249769318307445 ± 0.0023456056724652607 | 1.3857330029278618 ± 0.030569532364296492 | 4.732341466109915 ± 0.3771860058139388 | 0.9123642340331757
0.98 | 1.02 | 2 | 150 | 0.3594651608483032 ± 0.011986613952647968 | 0.07246523867523064 ± 0.004913620352451384 | 1.4004561065596643 ± 0.03883405367431303 | 4.673851776702949 ± 0.25353160202635444 | 0.86101803669628
0.98 | 1.02 | 2 | 200 | 0.3554614298247267 ± 0.010916647340790675 | 0.07040349549608384 ± 0.08485650479386898 | 1.3942567804947654 ± 0.04837971261434271 | 4.767851139162496 ± 1.8244096300952048 | 0.7820730646246303
0.98 | 1.02 | 2 | 250 | 0.3517377773229312 ± 0.0038524761040628075 | 0.0684546573578774 ± 0.0022123083737367343 | 1.3971464222937815 ± 0.05301223423243662 | 4.697173509605528 ± 0.33370959704292263 | 0.6675803312146392
0.99 | 1.01 | 0 | 100 | 0.3595585928686412 ± 0.004900357524627252 | 0.07236852676565719 ± 0.0019709243216526687 | 1.3821902076463037 ± 0.013850165296250938 | 4.749731416605648 ± 0.6837230619227483 | 0.9104830938233567
0.99 | 1.01 | 0 | 150 | 0.3595590148312872 ± 0.006653072174692715 | 0.07237991638680501 ± 0.0022238513432956152 | 1.3867299790766456 ± 0.005120185287900925 | 4.766656768050663 ± 0.495206120989924 | 0.8963120952584241
0.99 | 1.01 | 0 | 200 | 0.3595590148312872 ± 0.006653072174692715 | 0.07237991638680501 ± 0.0022238513432956152 | 1.3867299790766456 ± 0.005120185287900925 | 4.766656768050663 ± 0.495206120989924 | 0.8963120952584241
0.99 | 1.01 | 0 | 250 | 0.3595590148312872 ± 0.006653072174692715 | 0.07237991638680501 ± 0.0022238513432956152 | 1.3867299790766456 ± 0.005120185287900925 | 4.766656768050663 ± 0.495206120989924 | 0.8963120952584241
0.99 | 1.01 | 1 | 100 | 0.35955859287312397 ± 0.004900561546705262 | 0.07236852677736227 ± 0.001970851934773732 | 1.3821902004408928 ± 0.013853715323230875 | 4.749731488954558 ± 0.6837521234393217 | 0.9104831089327519
0.99 | 1.01 | 1 | 150 | 0.359559014838904 ± 0.006653235059730089 | 0.07237991629959382 ± 0.0022238601823455985 | 1.3867299790787415 ± 0.005120226713023479 | 4.766656907653482 ± 0.4951966673958377 | 0.8963120952242307
0.99 | 1.01 | 1 | 200 | 0.359380858634209 ± 0.004921378548188027 | 0.07230932822490505 ± 0.002451279467573614 | 1.3867286620948553 ± 0.022586798435723532 | 4.740435880445962 ± 0.25227365890927356 | 0.8917251507517163
0.99 | 1.01 | 1 | 250 | 0.3575248401803768 ± 0.002214954627259569 | 0.07146765917954045 ± 0.0012441732823290713 | 1.3867255677957782 ± 0.02001561513797756 | 4.699067428967817 ± 0.23766240470421893 | 0.8524836602752509
0.99 | 1.01 | 2 | 90 | 0.35792936860380675 ± 0.0019972231615443536 | 0.0715368469230134 ± 0.0011355636662645431 | 1.3837462496784265 ± 0.02583785735813582 | 4.894995944090253 ± 0.280470818722793 | 0.8855851465746936
0.99 | 1.01 | 2 | 100 | 0.35768128220936546 ± 0.005958059989996323 | 0.07143666769900336 ± 0.0024403304753099174 | 1.3852466457263166 ± 0.02544589042711487 | 4.734999396814639 ± 0.25223901696060486 | 0.8444167434092889
0.99 | 1.01 | 2 | 150 | 0.35495243763070167 ± 0.002699819126978392 | 0.06993929721545376 ± 0.0016618701195210668 | 1.3860915495998158 ± 0.018405252744456813 | 4.838285799786421 ± 0.38111287544630645 | 0.788706662353169
0.99 | 1.01 | 2 | 200 | 0.3533188233391807 ± 0.001535002103802835 | 0.06922277995915271 ± 0.0008834953649007822 | 1.3866844935197524 ± 0.023983617688405512 | 4.671332768858931 ± 0.23255122858866942 | 0.7259542501003353
0.99 | 1.01 | 2 | 250 | 0.3526400401940003 ± 0.0007333019136999686 | 0.06885034246486509 ± 0.0004649904361699253 | 1.3867278420699607 ± 0.026734389612769305 | 4.7117563998071095 ± 0.23240873893412678 | 0.7072787082386651
