           1   8.9999999999999997E-002  0.84356972529829966       0.94667235795951910        0.0000000000000000        2.2134535433606168     
           2   8.9999999999999997E-002  0.84356972529829966       0.94667235795951910        0.0000000000000000        4.8381649346541238     
           3   8.9999999999999997E-002  0.84356972529829966       0.94667235795951910        0.0000000000000000        7.0315749380807162     
           4   8.9999999999999997E-002  0.84356972529829966       0.94667235795951910        0.0000000000000000        8.6980027830512956     
           5   8.9999999999999997E-002  0.84356972529829966       0.94667235795951910        0.0000000000000000        10.206900005475244     
           6   8.9999999999999997E-002  0.84356972529829966       0.94667235795951910        0.0000000000000000        11.413476389607148     
           7   8.9999999999999997E-002  0.84356972529829966       0.94667235795951910        0.0000000000000000        11.883496877210666     
           8   8.9999999999999997E-002  0.84356972529829966       0.94667235795951910        0.0000000000000000        12.038456539884935     
           9   8.9999999999999997E-002  0.84356972529829966       0.94667235795951910        0.0000000000000000        12.046553807109552     
          10   8.9999999999999997E-002  0.84356972529829966       0.94667235795951910        0.0000000000000000        12.089324933303182     
          11   8.9999999999999997E-002  0.84356972529829966       0.94667235795951910        0.0000000000000000        12.237796120749003     
          12   8.9999999999999997E-002  0.84356972529829966       0.94667235795951910        0.0000000000000000        12.726463945735219     
          13   8.9999999999999997E-002  0.84356972529829966       0.94667235795951910        0.0000000000000000        13.242654134120542     
          14   8.9999999999999997E-002  0.84356972529829966       0.94667235795951910        0.0000000000000000        13.521226946329568     
          15   8.9999999999999997E-002  0.84356972529829966       0.94667235795951910        0.0000000000000000        14.121180105924594     
          16   8.9999999999999997E-002  0.84356972529829966       0.94667235795951910        0.0000000000000000        15.318890078332492     
          17   8.9999999999999997E-002  0.84356972529829966       0.94667235795951910        0.0000000000000000        16.462664093681965     
          18   8.9999999999999997E-002  0.84356972529829966       0.94667235795951910        0.0000000000000000        17.806614819133134     
          19   8.9999999999999997E-002  0.84356972529829966       0.94667235795951910        0.0000000000000000        19.549179562526206     
          20   8.9999999999999997E-002  0.84356972529829966       0.94667235795951910        0.0000000000000000        20.549463654491770     
          21   8.9999999999999997E-002  0.84356972529829966       0.94667235795951910        0.0000000000000000        21.113896838937915     
          22   8.9999999999999997E-002  0.84356972529829966       0.94667235795951910        0.0000000000000000        21.318386924475142     
          23   8.9999999999999997E-002  0.84356972529829966       0.94667235795951910        0.0000000000000000        21.362670275304851     
          24   8.9999999999999997E-002  0.84356972529829966       0.94667235795951910        0.0000000000000000        21.395769276031249     
          25   8.9999999999999997E-002  0.84356972529829966       0.94667235795951910        0.0000000000000000        21.604180540608816     
          26   8.9999999999999997E-002  0.84356972529829966       0.94667235795951910        0.0000000000000000        22.473690984398228     
          27   8.9999999999999997E-002  0.84356972529829966       0.94667235795951910        0.0000000000000000        24.037418496441404     
          28   8.9999999999999997E-002  0.84356972529829966       0.94667235795951910        0.0000000000000000        26.554676733739552     
          29   8.9999999999999997E-002  0.84356972529829966       0.94667235795951910        0.0000000000000000        30.519991657878691     
          30   8.9999999999999997E-002  0.84356972529829966       0.94667235795951910        0.0000000000000000        30.730194670274802     
          31   8.9999999999999997E-002  0.84356972529829966       0.94667235795951910        0.0000000000000000        31.864615578684127     
          32   8.9999999999999997E-002  0.84356972529829966       0.94667235795951910        0.0000000000000000        33.954095328487014     
          33   8.9999999999999997E-002  0.84356972529829966       0.94667235795951910        0.0000000000000000        36.782174999397142     
          34   8.9999999999999997E-002  0.84356972529829966       0.94667235795951910        0.0000000000000000        38.414915935519474     
          35   8.9999999999999997E-002  0.84356972529829966       0.94667235795951910        0.0000000000000000        39.332694533791006     
          36   8.9999999999999997E-002  0.84356972529829966       0.94667235795951910        0.0000000000000000        39.604971210752922     
          37   8.9999999999999997E-002  0.84356972529829966       0.94667235795951910        0.0000000000000000        39.610437031559307     
          38   8.9999999999999997E-002  0.84356972529829966       0.94667235795951910        0.0000000000000000        39.688157340132697     
          39   8.9999999999999997E-002  0.84356972529829966       0.94667235795951910        0.0000000000000000        40.292595153781548     
          40   8.9999999999999997E-002  0.84356972529829966       0.94667235795951910        0.0000000000000000        41.768964691057370     
          41   8.9999999999999997E-002  0.84356972529829966       0.94667235795951910        0.0000000000000000        44.772203481756662     
          42   8.9999999999999997E-002  0.84356972529829966       0.94667235795951910        0.0000000000000000        49.315558344529379     
          43   8.9999999999999997E-002  0.84356972529829966       0.94667235795951910        0.0000000000000000        53.840945938056215     
          44   8.9999999999999997E-002  0.84356972529829966       0.94667235795951910        0.0000000000000000        58.899702102761928     
          45   8.9999999999999997E-002  0.84356972529829966       0.94667235795951910        0.0000000000000000        63.763365524578028     
          46   8.9999999999999997E-002  0.84356972529829966       0.94667235795951910        0.0000000000000000        68.778338696460551     
          47   8.9999999999999997E-002  0.84356972529829966       0.94667235795951910        0.0000000000000000        74.010561350743316     
          48   8.9999999999999997E-002  0.84356972529829966       0.94667235795951910        0.0000000000000000        78.125953060790664     
          49   8.9999999999999997E-002  0.84356972529829966       0.94667235795951910        0.0000000000000000        81.571823377753148     
          50   8.9999999999999997E-002  0.84356972529829966       0.94667235795951910        0.0000000000000000        84.798235103289386     
          51   8.9999999999999997E-002  0.84356972529829966       0.94667235795951910        0.0000000000000000        86.639835927513786     
          52   8.9999999999999997E-002  0.84356972529829966       0.94667235795951910        0.0000000000000000        87.316976573723167     
          53   8.9999999999999997E-002  0.84356972529829966       0.94667235795951910        0.0000000000000000        87.474408942494648     
          54   8.9999999999999997E-002  0.84356972529829966       0.94667235795951910        0.0000000000000000        87.632722181284763     
          55   8.9999999999999997E-002  0.84356972529829966       0.94667235795951910        0.0000000000000000        88.442995669730024     
          56   8.9999999999999997E-002  0.84356972529829966       0.94667235795951910        0.0000000000000000        90.302401910609831     
          57   8.9999999999999997E-002  0.84356972529829966       0.94667235795951910        0.0000000000000000        93.701691746604382     
          58   8.9999999999999997E-002  0.84356972529829966       0.94667235795951910        0.0000000000000000        100.34657770079122     
          59   8.9999999999999997E-002  0.84356972529829966       0.94667235795951910        0.0000000000000000        107.80418937818476     
          60   8.9999999999999997E-002  0.84356972529829966       0.94667235795951910        0.0000000000000000        115.06883628136565     
          61   8.9999999999999997E-002  0.84356972529829966       0.94667235795951910        0.0000000000000000        121.80725994636948     
          62   8.9999999999999997E-002  0.84356972529829966       0.94667235795951910        0.0000000000000000        127.28846011805288     
          63   8.9999999999999997E-002  0.84356972529829966       0.94667235795951910        0.0000000000000000        131.88147732601249     
          64   8.9999999999999997E-002  0.84356972529829966       0.94667235795951910        0.0000000000000000        136.18306811302594     
          65   8.9999999999999997E-002  0.84356972529829966       0.94667235795951910        0.0000000000000000        140.75344631506718     
          66   8.9999999999999997E-002  0.84356972529829966       0.94667235795951910        0.0000000000000000        145.11264045660582     
          67   8.9999999999999997E-002  0.84356972529829966       0.94667235795951910        0.0000000000000000        149.04759623381813     
          68   8.9999999999999997E-002  0.84356972529829966       0.94667235795951910        0.0000000000000000        152.40727830343752     
          69   8.9999999999999997E-002  0.84356972529829966       0.94667235795951910        0.0000000000000000        154.60580599261408     
          70   8.9999999999999997E-002  0.84356972529829966       0.94667235795951910        0.0000000000000000        156.41137434109783     
          71   8.9999999999999997E-002  0.84356972529829966       0.94667235795951910        0.0000000000000000        158.13407854224928     
          72   8.9999999999999997E-002  0.84356972529829966       0.94667235795951910        0.0000000000000000        159.18557946287891     
          73   8.9999999999999997E-002  0.84356972529829966       0.94667235795951910        0.0000000000000000        159.94032036600061     
          74   8.9999999999999997E-002  0.84356972529829966       0.94667235795951910        0.0000000000000000        160.36691733495289     
          75   8.9999999999999997E-002  0.84356972529829966       0.94667235795951910        0.0000000000000000        160.62024120727182     
          76   8.9999999999999997E-002  0.84356972529829966       0.94667235795951910        0.0000000000000000        160.75797984410559     
          77   8.9999999999999997E-002  0.84356972529829966       0.94667235795951910        0.0000000000000000        160.79443508449151     
          78   8.9999999999999997E-002  0.84356972529829966       0.94667235795951910        0.0000000000000000        160.80083739246092     
          79   8.9999999999999997E-002  0.84356972529829966       0.94667235795951910        0.0000000000000000        160.87068677657399     
          80   8.9999999999999997E-002  0.84356972529829966       0.94667235795951910        0.0000000000000000        160.88990448442192     
          81   8.9999999999999997E-002  0.84356972529829966       0.94667235795951910        0.0000000000000000        161.02773483304975     
          82   8.9999999999999997E-002  0.84356972529829966       0.94667235795951910        0.0000000000000000        161.37050234124393     
          83   8.9999999999999997E-002  0.84356972529829966       0.94667235795951910        0.0000000000000000        161.76852573732370     
          84   8.9999999999999997E-002  0.84356972529829966       0.94667235795951910        0.0000000000000000        162.43368003350952     
          85   8.9999999999999997E-002  0.84356972529829966       0.94667235795951910        0.0000000000000000        163.35514451628711     
          86   8.9999999999999997E-002  0.84356972529829966       0.94667235795951910        0.0000000000000000        164.73246406669062     
          87   8.9999999999999997E-002  0.84356972529829966       0.94667235795951910        0.0000000000000000        165.88053753741499     
          88   8.9999999999999997E-002  0.84356972529829966       0.94667235795951910        0.0000000000000000        167.49000105021935     
          89   8.9999999999999997E-002  0.84356972529829966       0.94667235795951910        0.0000000000000000        169.18101092472668     
          90   8.9999999999999997E-002  0.84356972529829966       0.94667235795951910        0.0000000000000000        171.33619463792104     
          91   8.9999999999999997E-002  0.84356972529829966       0.94667235795951910        0.0000000000000000        174.17351676080165     
          92   8.9999999999999997E-002  0.84356972529829966       0.94667235795951910        0.0000000000000000        175.90308068782957     
          93   8.9999999999999997E-002  0.84356972529829966       0.94667235795951910        0.0000000000000000        177.63899896535818     
          94   8.9999999999999997E-002  0.84356972529829966       0.94667235795951910        0.0000000000000000        179.18474865164114     
          95   8.9999999999999997E-002  0.84356972529829966       0.94667235795951910        0.0000000000000000        181.21891599754343     
          96   8.9999999999999997E-002  0.84356972529829966       0.94667235795951910        0.0000000000000000        183.59508877359002     
          97   8.9999999999999997E-002  0.84356972529829966       0.94667235795951910        0.0000000000000000        184.99635709287443     
          98   8.9999999999999997E-002  0.84356972529829966       0.94667235795951910        0.0000000000000000        186.12276279526642     
          99   8.9999999999999997E-002  0.84356972529829966       0.94667235795951910        0.0000000000000000        187.37085188551950     
         100   8.9999999999999997E-002  0.84356972529829966       0.94667235795951910        0.0000000000000000        187.83148191389230     
         101   8.9999999999999997E-002  0.84356972529829966       0.94667235795951910        0.0000000000000000        188.06357574244777     
         102   8.9999999999999997E-002  0.84356972529829966       0.94667235795951910        0.0000000000000000        188.09573136282913     
         103   8.9999999999999997E-002  0.84356972529829966       0.94667235795951910        0.0000000000000000        188.10905963963847     
         104   8.9999999999999997E-002  0.84356972529829966       0.94667235795951910        0.0000000000000000        188.34408840810909     
         105   8.9999999999999997E-002  0.84356972529829966       0.94667235795951910        0.0000000000000000        189.25295033035073     
         106   8.9999999999999997E-002  0.84356972529829966       0.94667235795951910        0.0000000000000000        190.77776383089690     
         107   8.9999999999999997E-002  0.84356972529829966       0.94667235795951910        0.0000000000000000        193.65182985551968     
         108   8.9999999999999997E-002  0.84356972529829966       0.94667235795951910        0.0000000000000000        200.25168223095739     
         109   8.9999999999999997E-002  0.84356972529829966       0.94667235795951910        0.0000000000000000        209.85634425324739     
         110   8.9999999999999997E-002  0.84356972529829966       0.94667235795951910        0.0000000000000000        226.90413288115454     
         111   8.9999999999999997E-002  0.84356972529829966       0.94667235795951910        0.0000000000000000        252.54829283660283     
         112   8.9999999999999997E-002  0.84356972529829966       0.94667235795951910        0.0000000000000000        288.78111476252155     
           1   8.9999999999999997E-002  0.84357036069430880       0.94666072079509245        0.0000000000000000        2.2141062628815309     
           2   8.9999999999999997E-002  0.84357036069430880       0.94666072079509245        0.0000000000000000        4.8397609192580369     
           3   8.9999999999999997E-002  0.84357036069430880       0.94666072079509245        0.0000000000000000        7.0341251315643589     
           4   8.9999999999999997E-002  0.84357036069430880       0.94666072079509245        0.0000000000000000        8.7013905113671512     
           5   8.9999999999999997E-002  0.84357036069430880       0.94666072079509245        0.0000000000000000        10.211118128081239     
           6   8.9999999999999997E-002  0.84357036069430880       0.94666072079509245        0.0000000000000000        11.418436420822680     
           7   8.9999999999999997E-002  0.84357036069430880       0.94666072079509245        0.0000000000000000        11.888918895830086     
           8   8.9999999999999997E-002  0.84357036069430880       0.94666072079509245        0.0000000000000000        12.044144058607818     
           9   8.9999999999999997E-002  0.84357036069430880       0.94666072079509245        0.0000000000000000        12.052300328900913     
          10   8.9999999999999997E-002  0.84357036069430880       0.94666072079509245        0.0000000000000000        12.094939770492028     
          11   8.9999999999999997E-002  0.84357036069430880       0.94666072079509245        0.0000000000000000        12.243176140369750     
          12   8.9999999999999997E-002  0.84357036069430880       0.94666072079509245        0.0000000000000000        12.731449087047523     
          13   8.9999999999999997E-002  0.84357036069430880       0.94666072079509245        0.0000000000000000        13.247301893988393     
          14   8.9999999999999997E-002  0.84357036069430880       0.94666072079509245        0.0000000000000000        13.525679847686423     
          15   8.9999999999999997E-002  0.84357036069430880       0.94666072079509245        0.0000000000000000        14.125379954597008     
          16   8.9999999999999997E-002  0.84357036069430880       0.94666072079509245        0.0000000000000000        15.322751485429535     
          17   8.9999999999999997E-002  0.84357036069430880       0.94666072079509245        0.0000000000000000        16.466248036858847     
          18   8.9999999999999997E-002  0.84357036069430880       0.94666072079509245        0.0000000000000000        17.809956631046806     
          19   8.9999999999999997E-002  0.84357036069430880       0.94666072079509245        0.0000000000000000        19.552301197996957     
          20   8.9999999999999997E-002  0.84357036069430880       0.94666072079509245        0.0000000000000000        20.552469660884761     
          21   8.9999999999999997E-002  0.84357036069430880       0.94666072079509245        0.0000000000000000        21.116855164527674     
          22   8.9999999999999997E-002  0.84357036069430880       0.94666072079509245        0.0000000000000000        21.321340487343015     
          23   8.9999999999999997E-002  0.84357036069430880       0.94666072079509245        0.0000000000000000        21.365632006374238     
          24   8.9999999999999997E-002  0.84357036069430880       0.94666072079509245        0.0000000000000000        21.398716103984587     
          25   8.9999999999999997E-002  0.84357036069430880       0.94666072079509245        0.0000000000000000        21.607068196932467     
          26   8.9999999999999997E-002  0.84357036069430880       0.94666072079509245        0.0000000000000000        22.476411229591179     
          27   8.9999999999999997E-002  0.84357036069430880       0.94666072079509245        0.0000000000000000        24.039884604335661     
          28   8.9999999999999997E-002  0.84357036069430880       0.94666072079509245        0.0000000000000000        26.556798523256617     
          29   8.9999999999999997E-002  0.84357036069430880       0.94666072079509245        0.0000000000000000        30.521635509070229     
          30   8.9999999999999997E-002  0.84357036069430880       0.94666072079509245        0.0000000000000000        30.731955387089222     
          31   8.9999999999999997E-002  0.84357036069430880       0.94666072079509245        0.0000000000000000        31.867003945427928     
          32   8.9999999999999997E-002  0.84357036069430880       0.94666072079509245        0.0000000000000000        33.957645751342355     
          33   8.9999999999999997E-002  0.84357036069430880       0.94666072079509245        0.0000000000000000        36.787418027418738     
          34   8.9999999999999997E-002  0.84357036069430880       0.94666072079509245        0.0000000000000000        38.421475423072181     
          35   8.9999999999999997E-002  0.84357036069430880       0.94666072079509245        0.0000000000000000        39.340269977210106     
          36   8.9999999999999997E-002  0.84357036069430880       0.94666072079509245        0.0000000000000000        39.613095260630928     
          37   8.9999999999999997E-002  0.84357036069430880       0.94666072079509245        0.0000000000000000        39.618638485830274     
          38   8.9999999999999997E-002  0.84357036069430880       0.94666072079509245        0.0000000000000000        39.696069123430014     
          39   8.9999999999999997E-002  0.84357036069430880       0.94666072079509245        0.0000000000000000        40.299741952664974     
          40   8.9999999999999997E-002  0.84357036069430880       0.94666072079509245        0.0000000000000000        41.774981512885162     
          41   8.9999999999999997E-002  0.84357036069430880       0.94666072079509245        0.0000000000000000        44.776712257414935     
          42   8.9999999999999997E-002  0.84357036069430880       0.94666072079509245        0.0000000000000000        49.318337913381626     
          43   8.9999999999999997E-002  0.84357036069430880       0.94666072079509245        0.0000000000000000        53.842178630896392     
          44   8.9999999999999997E-002  0.84357036069430880       0.94666072079509245        0.0000000000000000        58.899497399523064     
          45   8.9999999999999997E-002  0.84357036069430880       0.94666072079509245        0.0000000000000000        63.762072514745206     
          46   8.9999999999999997E-002  0.84357036069430880       0.94666072079509245        0.0000000000000000        68.776064429765668     
          47   8.9999999999999997E-002  0.84357036069430880       0.94666072079509245        0.0000000000000000        74.007526548203685     
          48   8.9999999999999997E-002  0.84357036069430880       0.94666072079509245        0.0000000000000000        78.122440109441897     
          49   8.9999999999999997E-002  0.84357036069430880       0.94666072079509245        0.0000000000000000        81.568023192609260     
          50   8.9999999999999997E-002  0.84357036069430880       0.94666072079509245        0.0000000000000000        84.794277219441881     
          51   8.9999999999999997E-002  0.84357036069430880       0.94666072079509245        0.0000000000000000        86.635875188553683     
          52   8.9999999999999997E-002  0.84357036069430880       0.94666072079509245        0.0000000000000000        87.313076179947373     
          53   8.9999999999999997E-002  0.84357036069430880       0.94666072079509245        0.0000000000000000        87.470565475738994     
          54   8.9999999999999997E-002  0.84357036069430880       0.94666072079509245        0.0000000000000000        87.628796169038935     
          55   8.9999999999999997E-002  0.84357036069430880       0.94666072079509245        0.0000000000000000        88.438841163391601     
          56   8.9999999999999997E-002  0.84357036069430880       0.94666072079509245        0.0000000000000000        90.297885902813206     
          57   8.9999999999999997E-002  0.84357036069430880       0.94666072079509245        0.0000000000000000        93.696605351038471     
          58   8.9999999999999997E-002  0.84357036069430880       0.94666072079509245        0.0000000000000000        100.34056621112319     
          59   8.9999999999999997E-002  0.84357036069430880       0.94666072079509245        0.0000000000000000        107.80068951809808     
          60   8.9999999999999997E-002  0.84357036069430880       0.94666072079509245        0.0000000000000000        115.06779425367586     
          61   8.9999999999999997E-002  0.84357036069430880       0.94666072079509245        0.0000000000000000        121.80856006215859     
          62   8.9999999999999997E-002  0.84357036069430880       0.94666072079509245        0.0000000000000000        127.29186736704337     
          63   8.9999999999999997E-002  0.84357036069430880       0.94666072079509245        0.0000000000000000        131.88680608885690     
          64   8.9999999999999997E-002  0.84357036069430880       0.94666072079509245        0.0000000000000000        136.19022694602145     
          65   8.9999999999999997E-002  0.84357036069430880       0.94666072079509245        0.0000000000000000        140.76247879485294     
          66   8.9999999999999997E-002  0.84357036069430880       0.94666072079509245        0.0000000000000000        145.12346747445955     
          67   8.9999999999999997E-002  0.84357036069430880       0.94666072079509245        0.0000000000000000        149.06011136239349     
          68   8.9999999999999997E-002  0.84357036069430880       0.94666072079509245        0.0000000000000000        152.42133550765018     
          69   8.9999999999999997E-002  0.84357036069430880       0.94666072079509245        0.0000000000000000        154.62111002570990     
          70   8.9999999999999997E-002  0.84357036069430880       0.94666072079509245        0.0000000000000000        156.42779299670568     
          71   8.9999999999999997E-002  0.84357036069430880       0.94666072079509245        0.0000000000000000        158.15157001317303     
          72   8.9999999999999997E-002  0.84357036069430880       0.94666072079509245        0.0000000000000000        159.20389576734885     
          73   8.9999999999999997E-002  0.84357036069430880       0.94666072079509245        0.0000000000000000        159.95932349895622     
          74   8.9999999999999997E-002  0.84357036069430880       0.94666072079509245        0.0000000000000000        160.38642767728822     
          75   8.9999999999999997E-002  0.84357036069430880       0.94666072079509245        0.0000000000000000        160.64013493984302     
          76   8.9999999999999997E-002  0.84357036069430880       0.94666072079509245        0.0000000000000000        160.77815068677540     
          77   8.9999999999999997E-002  0.84357036069430880       0.94666072079509245        0.0000000000000000        160.81474558658962     
          78   8.9999999999999997E-002  0.84357036069430880       0.94666072079509245        0.0000000000000000        160.82120523206007     
          79   8.9999999999999997E-002  0.84357036069430880       0.94666072079509245        0.0000000000000000        160.89086991063459     
          80   8.9999999999999997E-002  0.84357036069430880       0.94666072079509245        0.0000000000000000        160.90999295095529     
          81   8.9999999999999997E-002  0.84357036069430880       0.94666072079509245        0.0000000000000000        161.04757520290283     
          82   8.9999999999999997E-002  0.84357036069430880       0.94666072079509245        0.0000000000000000        161.38996644810823     
          83   8.9999999999999997E-002  0.84357036069430880       0.94666072079509245        0.0000000000000000        161.78759967348898     
          84   8.9999999999999997E-002  0.84357036069430880       0.94666072079509245        0.0000000000000000        162.45226929466074     
          85   8.9999999999999997E-002  0.84357036069430880       0.94666072079509245        0.0000000000000000        163.37318619483659     
          86   8.9999999999999997E-002  0.84357036069430880       0.94666072079509245        0.0000000000000000        164.74986595135479     
          87   8.9999999999999997E-002  0.84357036069430880       0.94666072079509245        0.0000000000000000        165.89738765966524     
          88   8.9999999999999997E-002  0.84357036069430880       0.94666072079509245        0.0000000000000000        167.50623380820070     
          89   8.9999999999999997E-002  0.84357036069430880       0.94666072079509245        0.0000000000000000        169.19665399055654     
          90   8.9999999999999997E-002  0.84357036069430880       0.94666072079509245        0.0000000000000000        171.35121791240746     
          91   8.9999999999999997E-002  0.84357036069430880       0.94666072079509245        0.0000000000000000        174.18788432923756     
          92   8.9999999999999997E-002  0.84357036069430880       0.94666072079509245        0.0000000000000000        175.91698841231798     
          93   8.9999999999999997E-002  0.84357036069430880       0.94666072079509245        0.0000000000000000        177.65249555555982     
          94   8.9999999999999997E-002  0.84357036069430880       0.94666072079509245        0.0000000000000000        179.19790576743856     
          95   8.9999999999999997E-002  0.84357036069430880       0.94666072079509245        0.0000000000000000        181.23173743975045     
          96   8.9999999999999997E-002  0.84357036069430880       0.94666072079509245        0.0000000000000000        183.60761018900553     
          97   8.9999999999999997E-002  0.84357036069430880       0.94666072079509245        0.0000000000000000        185.00870035884265     
          98   8.9999999999999997E-002  0.84357036069430880       0.94666072079509245        0.0000000000000000        186.13499116317425     
          99   8.9999999999999997E-002  0.84357036069430880       0.94666072079509245        0.0000000000000000        187.38300813308274     
         100   8.9999999999999997E-002  0.84357036069430880       0.94666072079509245        0.0000000000000000        187.84362604695590     
         101   8.9999999999999997E-002  0.84357036069430880       0.94666072079509245        0.0000000000000000        188.07573365665675     
         102   8.9999999999999997E-002  0.84357036069430880       0.94666072079509245        0.0000000000000000        188.10790305331645     
         103   8.9999999999999997E-002  0.84357036069430880       0.94666072079509245        0.0000000000000000        188.12121681414519     
         104   8.9999999999999997E-002  0.84357036069430880       0.94666072079509245        0.0000000000000000        188.35616411682585     
         105   8.9999999999999997E-002  0.84357036069430880       0.94666072079509245        0.0000000000000000        189.26482602520437     
         106   8.9999999999999997E-002  0.84357036069430880       0.94666072079509245        0.0000000000000000        190.78932039021953     
         107   8.9999999999999997E-002  0.84357036069430880       0.94666072079509245        0.0000000000000000        193.66285182579330     
         108   8.9999999999999997E-002  0.84357036069430880       0.94666072079509245        0.0000000000000000        200.26171558696402     
         109   8.9999999999999997E-002  0.84357036069430880       0.94666072079509245        0.0000000000000000        209.86497848927104     
         110   8.9999999999999997E-002  0.84357036069430880       0.94666072079509245        0.0000000000000000        226.91065710316178     
         111   8.9999999999999997E-002  0.84357036069430880       0.94666072079509245        0.0000000000000000        252.55198360843960     
         112   8.9999999999999997E-002  0.84357036069430880       0.94666072079509245        0.0000000000000000        288.78113433346925     
Note: The following floating-point exceptions are signalling: IEEE_UNDERFLOW_FLAG IEEE_DENORMAL

real	143m14,512s
user	143m12,072s
sys	0m1,223s
(base) victorli@vic

SET TITLE
'Parametros de minimizacao de curva sigmagg'
PARAMETERS
1 'A1' 0.9000D0 1.D-5  0.3d0   0.9d0
2 'A2' 1.3730D0 1.D-5  1.D-5   5.d0

set errordef 4.605
SIMPLEX
MIGRAD
HESSE
RETURN






#fix 1
#MIGRAD
#MIGRAD
#release 1
#MIGRAD
#MIGRAD
#HESSE
#RETURN
