Otimização para pl em ATLAS - Limites: eps_1_mg_0_a1_1_a2_1
Configuração: down | up | strategy | migrad | mg ± error | eps ± error | a1 ± error | a2 ± error | χ²/ndof
========================================================================================================================
0.97 | 1.03 | 0 | 300 | 0.415992640785448 ± 0.00044258157299643355 | 0.07304100203907143 ± 0.002824024651953 | 1.5625099948178442 ± 0.060617899004385856 | 2.1114982157562636 ± 0.12291220271468839 | 0.5130799749252799
0.97 | 1.03 | 0 | 400 | 0.415992640785448 ± 0.00044258157299643355 | 0.07304100203907143 ± 0.002824024651953 | 1.5625099948178442 ± 0.060617899004385856 | 2.1114982157562636 ± 0.12291220271468839 | 0.5130799749252799
0.97 | 1.03 | 0 | 500 | 0.415992640785448 ± 0.00044258157299643355 | 0.07304100203907143 ± 0.002824024651953 | 1.5625099948178442 ± 0.060617899004385856 | 2.1114982157562636 ± 0.12291220271468839 | 0.5130799749252799
0.97 | 1.03 | 0 | 600 | 0.415992640785448 ± 0.00044258157299643355 | 0.07304100203907143 ± 0.002824024651953 | 1.5625099948178442 ± 0.060617899004385856 | 2.1114982157562636 ± 0.12291220271468839 | 0.5130799749252799
0.97 | 1.03 | 0 | 700 | 0.415992640785448 ± 0.00044258157299643355 | 0.07304100203907143 ± 0.002824024651953 | 1.5625099948178442 ± 0.060617899004385856 | 2.1114982157562636 ± 0.12291220271468839 | 0.5130799749252799
0.97 | 1.03 | 0 | 800 | 0.415992640785448 ± 0.00044258157299643355 | 0.07304100203907143 ± 0.002824024651953 | 1.5625099948178442 ± 0.060617899004385856 | 2.1114982157562636 ± 0.12291220271468839 | 0.5130799749252799
0.97 | 1.03 | 1 | 300 | 0.41599261322076964 ± 0.000442477739868564 | 0.07304100189304967 ± 0.0028234721802635337 | 1.562509994640145 ± 0.06061684107475451 | 2.1114986211907736 ± 0.12290930600938843 | 0.5130798677838175
0.97 | 1.03 | 1 | 400 | 0.41599261322076964 ± 0.000442477739868564 | 0.07304100189304967 ± 0.0028234721802635337 | 1.562509994640145 ± 0.06061684107475451 | 2.1114986211907736 ± 0.12290930600938843 | 0.5130798677838175
0.97 | 1.03 | 1 | 500 | 0.41599261322076964 ± 0.000442477739868564 | 0.07304100189304967 ± 0.0028234721802635337 | 1.562509994640145 ± 0.06061684107475451 | 2.1114986211907736 ± 0.12290930600938843 | 0.5130798677838175
0.97 | 1.03 | 1 | 600 | 0.41599261322076964 ± 0.000442477739868564 | 0.07304100189304967 ± 0.0028234721802635337 | 1.562509994640145 ± 0.06061684107475451 | 2.1114986211907736 ± 0.12290930600938843 | 0.5130798677838175
0.97 | 1.03 | 1 | 700 | 0.41599261322076964 ± 0.000442477739868564 | 0.07304100189304967 ± 0.0028234721802635337 | 1.562509994640145 ± 0.06061684107475451 | 2.1114986211907736 ± 0.12290930600938843 | 0.5130798677838175
0.97 | 1.03 | 1 | 800 | 0.41599261322076964 ± 0.000442477739868564 | 0.07304100189304967 ± 0.0028234721802635337 | 1.562509994640145 ± 0.06061684107475451 | 2.1114986211907736 ± 0.12290930600938843 | 0.5130798677838175
0.97 | 1.03 | 2 | 300 | 0.4159913069658821 ± 0.00044249606961323484 | 0.07304100105404429 ± 0.002803349471825471 | 1.562509979536502 ± 0.06056687454167997 | 2.1114990679765393 ± 0.12284367418363362 | 0.5130800335863243
0.97 | 1.03 | 2 | 400 | 0.4159913069658821 ± 0.00044242147170551983 | 0.07304100105404429 ± 0.0028032533741130863 | 1.562509979536502 ± 0.060566923278035145 | 2.1114990679765393 ± 0.12284388643662292 | 0.5130800335863243
0.97 | 1.03 | 2 | 500 | 0.4159913069658821 ± 0.00044242147170551983 | 0.07304100105404429 ± 0.0028032533741130863 | 1.562509979536502 ± 0.060566923278035145 | 2.1114990679765393 ± 0.12284388643662292 | 0.5130800335863243
0.97 | 1.03 | 2 | 600 | 0.4159913069658821 ± 0.00044242147170551983 | 0.07304100105404429 ± 0.0028032533741130863 | 1.562509979536502 ± 0.060566923278035145 | 2.1114990679765393 ± 0.12284388643662292 | 0.5130800335863243
0.97 | 1.03 | 2 | 700 | 0.4159913069658821 ± 0.00044242147170551983 | 0.07304100105404429 ± 0.0028032533741130863 | 1.562509979536502 ± 0.060566923278035145 | 2.1114990679765393 ± 0.12284388643662292 | 0.5130800335863243
0.97 | 1.03 | 2 | 800 | 0.4159913069658821 ± 0.00044242147170551983 | 0.07304100105404429 ± 0.0028032533741130863 | 1.562509979536502 ± 0.060566923278035145 | 2.1114990679765393 ± 0.12284388643662292 | 0.5130800335863243
0.98 | 1.02 | 0 | 300 | 0.4179728105201367 ± 0.0004451836633130826 | 0.07379400004062525 ± 0.0019063435843190008 | 1.547339999886514 ± 0.013122677408673789 | 2.0909999918955506 ± 0.0761959047041374 | 0.6290566378097788
0.98 | 1.02 | 0 | 400 | 0.4179728105201367 ± 0.0004451836633130826 | 0.07379400004062525 ± 0.0019063435843190008 | 1.547339999886514 ± 0.013122677408673789 | 2.0909999918955506 ± 0.0761959047041374 | 0.6290566378097788
0.98 | 1.02 | 0 | 500 | 0.4179728105201367 ± 0.0004451836633130826 | 0.07379400004062525 ± 0.0019063435843190008 | 1.547339999886514 ± 0.013122677408673789 | 2.0909999918955506 ± 0.0761959047041374 | 0.6290566378097788
0.98 | 1.02 | 0 | 600 | 0.4179728105201367 ± 0.0004451836633130826 | 0.07379400004062525 ± 0.0019063435843190008 | 1.547339999886514 ± 0.013122677408673789 | 2.0909999918955506 ± 0.0761959047041374 | 0.6290566378097788
0.98 | 1.02 | 0 | 700 | 0.4179728105201367 ± 0.0004451836633130826 | 0.07379400004062525 ± 0.0019063435843190008 | 1.547339999886514 ± 0.013122677408673789 | 2.0909999918955506 ± 0.0761959047041374 | 0.6290566378097788
0.98 | 1.02 | 0 | 800 | 0.4179728105201367 ± 0.0004451836633130826 | 0.07379400004062525 ± 0.0019063435843190008 | 1.547339999886514 ± 0.013122677408673789 | 2.0909999918955506 ± 0.0761959047041374 | 0.6290566378097788
0.98 | 1.02 | 1 | 300 | 0.4179728116253629 ± 0.00044516476794609783 | 0.0737940000394446 ± 0.0019063451339898368 | 1.547339999887057 ± 0.01312269264395538 | 2.0909999921349165 ± 0.07619593303270134 | 0.6290566375117471
0.98 | 1.02 | 1 | 400 | 0.4179728116253629 ± 0.00044516476794609783 | 0.0737940000394446 ± 0.0019063451339898368 | 1.547339999887057 ± 0.01312269264395538 | 2.0909999921349165 ± 0.07619593303270134 | 0.6290566375117471
0.98 | 1.02 | 1 | 500 | 0.4179728116253629 ± 0.00044516476794609783 | 0.0737940000394446 ± 0.0019063451339898368 | 1.547339999887057 ± 0.01312269264395538 | 2.0909999921349165 ± 0.07619593303270134 | 0.6290566375117471
0.98 | 1.02 | 1 | 600 | 0.4179728116253629 ± 0.00044516476794609783 | 0.0737940000394446 ± 0.0019063451339898368 | 1.547339999887057 ± 0.01312269264395538 | 2.0909999921349165 ± 0.07619593303270134 | 0.6290566375117471
0.98 | 1.02 | 1 | 700 | 0.4179728116253629 ± 0.00044516476794609783 | 0.0737940000394446 ± 0.0019063451339898368 | 1.547339999887057 ± 0.01312269264395538 | 2.0909999921349165 ± 0.07619593303270134 | 0.6290566375117471
0.98 | 1.02 | 1 | 800 | 0.4179728116253629 ± 0.00044516476794609783 | 0.0737940000394446 ± 0.0019063451339898368 | 1.547339999887057 ± 0.01312269264395538 | 2.0909999921349165 ± 0.07619593303270134 | 0.6290566375117471
0.98 | 1.02 | 2 | 300 | 0.4179732330145108 ± 0.00044523808213117717 | 0.07379400231863831 ± 0.001908741149039432 | 1.547339925652037 ± 0.013129952430860126 | 2.090999950403908 ± 0.07615519207471566 | 0.6290572708999327
0.98 | 1.02 | 2 | 400 | 0.4179732330145108 ± 0.00044523808213117717 | 0.07379400231863831 ± 0.001908741149039432 | 1.547339925652037 ± 0.013129952430860126 | 2.090999950403908 ± 0.07615519207471566 | 0.6290572708999327
0.98 | 1.02 | 2 | 500 | 0.4179732330145108 ± 0.00044523808213117717 | 0.07379400231863831 ± 0.001908741149039432 | 1.547339925652037 ± 0.013129952430860126 | 2.090999950403908 ± 0.07615519207471566 | 0.6290572708999327
0.98 | 1.02 | 2 | 600 | 0.4179732330145108 ± 0.00044523808213117717 | 0.07379400231863831 ± 0.001908741149039432 | 1.547339925652037 ± 0.013129952430860126 | 2.090999950403908 ± 0.07615519207471566 | 0.6290572708999327
0.98 | 1.02 | 2 | 700 | 0.4179732330145108 ± 0.00044523808213117717 | 0.07379400231863831 ± 0.001908741149039432 | 1.547339925652037 ± 0.013129952430860126 | 2.090999950403908 ± 0.07615519207471566 | 0.6290572708999327
0.98 | 1.02 | 2 | 800 | 0.4179732330145108 ± 0.00044523808213117717 | 0.07379400231863831 ± 0.001908741149039432 | 1.547339925652037 ± 0.013129952430860126 | 2.090999950403908 ± 0.07615519207471566 | 0.6290572708999327
0.99 | 1.01 | 0 | 200 | 0.41996788696483855 ± 0.00044799068754940375 | 0.07454700001560492 ± 0.0010468886814351472 | 1.5321699978107088 ± 0.019203052028202272 | 2.0704999715933163 ± 0.039590334528311955 | 0.8158307454887669
0.99 | 1.01 | 0 | 300 | 0.41996788696483855 ± 0.00044799068754940375 | 0.07454700001560492 ± 0.0010468886814351472 | 1.5321699978107088 ± 0.019203052028202272 | 2.0704999715933163 ± 0.039590334528311955 | 0.8158307454887669
0.99 | 1.01 | 0 | 400 | 0.41996788696483855 ± 0.00044799068754940375 | 0.07454700001560492 ± 0.0010468886814351472 | 1.5321699978107088 ± 0.019203052028202272 | 2.0704999715933163 ± 0.039590334528311955 | 0.8158307454887669
0.99 | 1.01 | 0 | 500 | 0.41996788696483855 ± 0.00044799068754940375 | 0.07454700001560492 ± 0.0010468886814351472 | 1.5321699978107088 ± 0.019203052028202272 | 2.0704999715933163 ± 0.039590334528311955 | 0.8158307454887669
0.99 | 1.01 | 0 | 600 | 0.41996788696483855 ± 0.00044799068754940375 | 0.07454700001560492 ± 0.0010468886814351472 | 1.5321699978107088 ± 0.019203052028202272 | 2.0704999715933163 ± 0.039590334528311955 | 0.8158307454887669
0.99 | 1.01 | 0 | 700 | 0.41996788696483855 ± 0.00044799068754940375 | 0.07454700001560492 ± 0.0010468886814351472 | 1.5321699978107088 ± 0.019203052028202272 | 2.0704999715933163 ± 0.039590334528311955 | 0.8158307454887669
0.99 | 1.01 | 0 | 800 | 0.41996788696483855 ± 0.00044799068754940375 | 0.07454700001560492 ± 0.0010468886814351472 | 1.5321699978107088 ± 0.019203052028202272 | 2.0704999715933163 ± 0.039590334528311955 | 0.8158307454887669
0.99 | 1.01 | 1 | 200 | 0.41996788582725764 ± 0.0004479842263522487 | 0.07454700001585048 ± 0.0010468875459860583 | 1.5321699978203407 ± 0.019203057830252224 | 2.070499971572751 ± 0.039590354053244736 | 0.8158307458963511
0.99 | 1.01 | 1 | 300 | 0.41996788582725764 ± 0.0004479842263522487 | 0.07454700001585048 ± 0.0010468875459860583 | 1.5321699978203407 ± 0.019203057830252224 | 2.070499971572751 ± 0.039590354053244736 | 0.8158307458963511
0.99 | 1.01 | 1 | 400 | 0.41996788582725764 ± 0.0004479842263522487 | 0.07454700001585048 ± 0.0010468875459860583 | 1.5321699978203407 ± 0.019203057830252224 | 2.070499971572751 ± 0.039590354053244736 | 0.8158307458963511
0.99 | 1.01 | 1 | 500 | 0.41996788582725764 ± 0.0004479842263522487 | 0.07454700001585048 ± 0.0010468875459860583 | 1.5321699978203407 ± 0.019203057830252224 | 2.070499971572751 ± 0.039590354053244736 | 0.8158307458963511
0.99 | 1.01 | 1 | 600 | 0.41996788582725764 ± 0.0004479842263522487 | 0.07454700001585048 ± 0.0010468875459860583 | 1.5321699978203407 ± 0.019203057830252224 | 2.070499971572751 ± 0.039590354053244736 | 0.8158307458963511
0.99 | 1.01 | 1 | 700 | 0.41996788582725764 ± 0.0004479842263522487 | 0.07454700001585048 ± 0.0010468875459860583 | 1.5321699978203407 ± 0.019203057830252224 | 2.070499971572751 ± 0.039590354053244736 | 0.8158307458963511
0.99 | 1.01 | 1 | 800 | 0.41996788582725764 ± 0.0004479842263522487 | 0.07454700001585048 ± 0.0010468875459860583 | 1.5321699978203407 ± 0.019203057830252224 | 2.070499971572751 ± 0.039590354053244736 | 0.8158307458963511
0.99 | 1.01 | 2 | 200 | 0.41996795040378787 ± 0.00044801434706948047 | 0.0745470001964306 ± 0.0010468581277404132 | 1.5321699966739928 ± 0.019202430499979717 | 2.070498503100376 ± 0.03964246395223103 | 0.8158322687880625
0.99 | 1.01 | 2 | 300 | 0.41996842365051396 ± 0.00044799079593094013 | 0.07454700000008549 ± 0.0010491399207488636 | 1.532169999999996 ± 0.019208452161491585 | 2.070499999998708 ± 0.039573062210274346 | 0.8158305936601388
0.99 | 1.01 | 2 | 400 | 0.41996842365051396 ± 0.00044799079593094013 | 0.07454700000008549 ± 0.0010491399207488636 | 1.532169999999996 ± 0.019208452161491585 | 2.070499999998708 ± 0.039573062210274346 | 0.8158305936601388
0.99 | 1.01 | 2 | 500 | 0.41996842365051396 ± 0.00044799079593094013 | 0.07454700000008549 ± 0.0010491399207488636 | 1.532169999999996 ± 0.019208452161491585 | 2.070499999998708 ± 0.039573062210274346 | 0.8158305936601388
0.99 | 1.01 | 2 | 600 | 0.41996842365051396 ± 0.00044799079593094013 | 0.07454700000008549 ± 0.0010491399207488636 | 1.532169999999996 ± 0.019208452161491585 | 2.070499999998708 ± 0.039573062210274346 | 0.8158305936601388
0.99 | 1.01 | 2 | 700 | 0.41996842365051396 ± 0.00044799079593094013 | 0.07454700000008549 ± 0.0010491399207488636 | 1.532169999999996 ± 0.019208452161491585 | 2.070499999998708 ± 0.039573062210274346 | 0.8158305936601388
0.99 | 1.01 | 2 | 800 | 0.41996842365051396 ± 0.00044799079593094013 | 0.07454700000008549 ± 0.0010491399207488636 | 1.532169999999996 ± 0.019208452161491585 | 2.070499999998708 ± 0.039573062210274346 | 0.8158305936601388
