Otimização para pl em ATLAS - Limites: eps_0_mg_1_a1_0_a2_0
Configuração: down | up | strategy | migrad | mg ± error | eps ± error | a1 ± error | a2 ± error | χ²/ndof
========================================================================================================================
0.99 | 1.01 | 0 | 300 | 0.4167900039864367 ± 0.005856253884822221 | 0.07321019037919692 ± 0.0014367301904702067 | 1.5634427785998315 ± 0.12037836827072655 | 2.2242812213909278 ± 0.7832640625782664 | 0.5117732519356214
0.99 | 1.01 | 0 | 400 | 0.4167900039864367 ± 0.005856253884822221 | 0.07321019037919692 ± 0.0014367301904702067 | 1.5634427785998315 ± 0.12037836827072655 | 2.2242812213909278 ± 0.7832640625782664 | 0.5117732519356214
0.99 | 1.01 | 0 | 500 | 0.4167900039864367 ± 0.005856253884822221 | 0.07321019037919692 ± 0.0014367301904702067 | 1.5634427785998315 ± 0.12037836827072655 | 2.2242812213909278 ± 0.7832640625782664 | 0.5117732519356214
0.99 | 1.01 | 0 | 600 | 0.4167900039864367 ± 0.005856253884822221 | 0.07321019037919692 ± 0.0014367301904702067 | 1.5634427785998315 ± 0.12037836827072655 | 2.2242812213909278 ± 0.7832640625782664 | 0.5117732519356214
0.99 | 1.01 | 0 | 700 | 0.4167900039864367 ± 0.005856253884822221 | 0.07321019037919692 ± 0.0014367301904702067 | 1.5634427785998315 ± 0.12037836827072655 | 2.2242812213909278 ± 0.7832640625782664 | 0.5117732519356214
0.99 | 1.01 | 0 | 800 | 0.4167900039864367 ± 0.005856253884822221 | 0.07321019037919692 ± 0.0014367301904702067 | 1.5634427785998315 ± 0.12037836827072655 | 2.2242812213909278 ± 0.7832640625782664 | 0.5117732519356214
0.99 | 1.01 | 1 | 300 | 0.41679000616988443 ± 0.005851714740869318 | 0.0732099004653599 ± 0.0014364391013984444 | 1.5634122151197303 ± 0.12035929185210237 | 2.2243876539000422 ± 0.783118645472279 | 0.511773300162987
0.99 | 1.01 | 1 | 400 | 0.41679000616988443 ± 0.005852272375717088 | 0.0732099004653599 ± 0.001437368649108515 | 1.5634122151197303 ± 0.12043035644190678 | 2.2243876539000422 ± 0.7836239501299355 | 0.511773300162987
0.99 | 1.01 | 1 | 500 | 0.41679000616988443 ± 0.005852272375717088 | 0.0732099004653599 ± 0.001437368649108515 | 1.5634122151197303 ± 0.12043035644190678 | 2.2243876539000422 ± 0.7836239501299355 | 0.511773300162987
0.99 | 1.01 | 1 | 600 | 0.41679000616988443 ± 0.005852272375717088 | 0.0732099004653599 ± 0.001437368649108515 | 1.5634122151197303 ± 0.12043035644190678 | 2.2243876539000422 ± 0.7836239501299355 | 0.511773300162987
0.99 | 1.01 | 1 | 700 | 0.41679000616988443 ± 0.005852272375717088 | 0.0732099004653599 ± 0.001437368649108515 | 1.5634122151197303 ± 0.12043035644190678 | 2.2243876539000422 ± 0.7836239501299355 | 0.511773300162987
0.99 | 1.01 | 1 | 800 | 0.41679000616988443 ± 0.005852272375717088 | 0.0732099004653599 ± 0.001437368649108515 | 1.5634122151197303 ± 0.12043035644190678 | 2.2243876539000422 ± 0.7836239501299355 | 0.511773300162987
0.99 | 1.01 | 2 | 300 | 0.41679000001378125 ± 0.0058459155558714115 | 0.073210343143723 ± 0.0014372182452696285 | 1.5634568416260042 ± 0.12041092660964012 | 2.224150967309109 ± 0.7834878645826397 | 0.511773180679944
0.99 | 1.01 | 2 | 400 | 0.41679000001378125 ± 0.0058459155558714115 | 0.073210343143723 ± 0.0014372182452696285 | 1.5634568416260042 ± 0.12041092660964012 | 2.224150967309109 ± 0.7834878645826397 | 0.511773180679944
0.99 | 1.01 | 2 | 500 | 0.41679000001378125 ± 0.0058459155558714115 | 0.073210343143723 ± 0.0014372182452696285 | 1.5634568416260042 ± 0.12041092660964012 | 2.224150967309109 ± 0.7834878645826397 | 0.511773180679944
0.99 | 1.01 | 2 | 600 | 0.41679000001378125 ± 0.0058459155558714115 | 0.073210343143723 ± 0.0014372182452696285 | 1.5634568416260042 ± 0.12041092660964012 | 2.224150967309109 ± 0.7834878645826397 | 0.511773180679944
0.99 | 1.01 | 2 | 700 | 0.41679000001378125 ± 0.0058459155558714115 | 0.073210343143723 ± 0.0014372182452696285 | 1.5634568416260042 ± 0.12041092660964012 | 2.224150967309109 ± 0.7834878645826397 | 0.511773180679944
0.99 | 1.01 | 2 | 800 | 0.41679000001378125 ± 0.0058459155558714115 | 0.073210343143723 ± 0.0014372182452696285 | 1.5634568416260042 ± 0.12041092660964012 | 2.224150967309109 ± 0.7834878645826397 | 0.511773180679944
