Otimização para pl em TOTEM - Limites: eps_0_mg_0_a1_1
Configuração: down | up | strategy | migrad | mg ± error | eps ± error | a1 ± error | a2 ± error | χ²/ndof
========================================================================================================================
0.91 | 1.0899999999999999 | 0 | 70 | 0.44820257756049636 ± 0.012534010192215103 | 0.08879468974799042 ± 0.005098415644114313 | 1.6945315279324542 ± 0.08072405568137075 | 2.0211396397862256 ± 0.3166720860986045 | 0.6375652561464563
0.91 | 1.0899999999999999 | 0 | 80 | 0.4489119611291029 ± 0.0009943943451797286 | 0.08860117848667677 ± 0.00035565476681298795 | 1.6554204304448774 ± 0.020130077862909213 | 2.1897075043910705 ± 0.09112428707323073 | 0.5904249638056287
0.91 | 1.0899999999999999 | 0 | 90 | 0.4489119611291029 ± 0.0009943943451797286 | 0.08860117848667677 ± 0.00035565476681298795 | 1.6554204304448774 ± 0.020130077862909213 | 2.1897075043910705 ± 0.09112428707323073 | 0.5904249638056287
0.91 | 1.0899999999999999 | 0 | 100 | 0.4495287730908363 ± 0.013524526915759226 | 0.08844045854174286 ± 0.005046244888448753 | 1.6169731235511977 ± 0.045579506409849424 | 2.365735718580505 ± 0.1595271853825608 | 0.5517170146949246
0.91 | 1.0899999999999999 | 0 | 150 | 0.4497181455472782 ± 0.01473063886031448 | 0.08838958231681997 ± 0.005918209105794318 | 1.6054955489753107 ± 0.0839053669449491 | 2.408040918113248 ± 0.3314671943997622 | 0.5481594074875218
0.91 | 1.0899999999999999 | 0 | 200 | 0.4496255580888437 ± 0.01773119363264089 | 0.08837529073657728 ± 0.007343963435835098 | 1.607165770348333 ± 0.10748479592506888 | 2.400570319794709 ± 0.4649561148026105 | 0.5478374427711773
0.91 | 1.0899999999999999 | 1 | 70 | 0.44820257756049636 ± 0.012534010192215103 | 0.08879468974799042 ± 0.005098415644114313 | 1.6945315279324542 ± 0.08072405568137075 | 2.0211396397862256 ± 0.3166720860986045 | 0.6375652561464563
0.91 | 1.0899999999999999 | 1 | 80 | 0.4489119611291029 ± 0.0009943943451797286 | 0.08860117848667677 ± 0.00035565476681298795 | 1.6554204304448774 ± 0.020130077862909213 | 2.1897075043910705 ± 0.09112428707323073 | 0.5904249638056287
0.91 | 1.0899999999999999 | 1 | 90 | 0.4489119611291029 ± 0.0009943943451797286 | 0.08860117848667677 ± 0.00035565476681298795 | 1.6554204304448774 ± 0.020130077862909213 | 2.1897075043910705 ± 0.09112428707323073 | 0.5904249638056287
0.91 | 1.0899999999999999 | 1 | 100 | 0.4495287730908363 ± 0.013524526915759226 | 0.08844045854174286 ± 0.005046244888448753 | 1.6169731235511977 ± 0.045579506409849424 | 2.365735718580505 ± 0.1595271853825608 | 0.5517170146949246
0.91 | 1.0899999999999999 | 1 | 150 | 0.4497181455472782 ± 0.01473063886031448 | 0.08838958231681997 ± 0.005918209105794318 | 1.6054955489753107 ± 0.0839053669449491 | 2.408040918113248 ± 0.3314671943997622 | 0.5481594074875218
0.91 | 1.0899999999999999 | 1 | 200 | 0.4496255580888437 ± 0.01773119363264089 | 0.08837529073657728 ± 0.007343963435835098 | 1.607165770348333 ± 0.10748479592506888 | 2.400570319794709 ± 0.4649561148026105 | 0.5478374427711773
0.91 | 1.0899999999999999 | 2 | 150 | 0.4371683420465654 ± 0.003980781155576805 | 0.08520493564480895 ± 0.0014724475037474834 | 1.7137766544173736 ± 0.04810838501116177 | 1.899758920491784 ± 0.22781293021611337 | 0.8692751365970534
0.91 | 1.0899999999999999 | 2 | 200 | 0.43462754160892597 ± 0.027924106703136317 | 0.08294946307955381 ± 0.01036556112891926 | 1.5956896571510402 ± 0.03779266204079956 | 2.3818972116181842 ± 0.09129796143299865 | 0.5389221324699885
0.92 | 1.08 | 0 | 70 | 0.4482024749444717 ± 0.012584988723411067 | 0.08879472280301304 ± 0.005121946059644756 | 1.6945378176881016 ± 0.07997895601143135 | 2.021111280870253 ± 0.318432380324996 | 0.6375779373931987
0.92 | 1.08 | 0 | 80 | 0.4488666038465461 ± 0.0009948695333696317 | 0.08861354965074524 ± 0.0003555018936032084 | 1.657957319686969 ± 0.019940661483036748 | 2.178811679547989 ± 0.09054569814493911 | 0.5915488596211417
0.92 | 1.08 | 0 | 90 | 0.4488666038465461 ± 0.0009948695333696317 | 0.08861354965074524 ± 0.0003555018936032084 | 1.657957319686969 ± 0.019940661483036748 | 2.178811679547989 ± 0.09054569814493911 | 0.5915488596211417
0.92 | 1.08 | 0 | 100 | 0.4493332400974068 ± 0.000981539146088609 | 0.08849076908713814 ± 0.0003489617544336054 | 1.6297240675615146 ± 0.018191695905638072 | 2.307631703947201 ± 0.08346926881086834 | 0.5624456247489587
0.92 | 1.08 | 0 | 150 | 0.44971093250962735 ± 0.01240207657743506 | 0.08839293562707205 ± 0.004799788546073838 | 1.6061579800994026 ± 0.05910355219082852 | 2.4055902371268156 ± 0.22578559279795485 | 0.5482311785822243
0.92 | 1.08 | 0 | 200 | 0.44961300073276106 ± 0.011929936431693005 | 0.08828399154163427 ± 0.004526504529876969 | 1.5988756112414155 ± 0.049495150417817046 | 2.4354152304237386 ± 0.1857367964636557 | 0.5473386299288614
0.92 | 1.08 | 0 | 250 | 0.44113890375093606 ± 0.000836506152999715 | 0.08529134301336404 ± 0.00030845349754306283 | 1.5956366749227542 ± 0.0284023396815567 | 2.412046599857347 ± 0.1284979352736915 | 0.5179404528810383
0.92 | 1.08 | 1 | 70 | 0.4482024749444717 ± 0.012584988723411067 | 0.08879472280301304 ± 0.005121946059644756 | 1.6945378176881016 ± 0.07997895601143135 | 2.021111280870253 ± 0.318432380324996 | 0.6375779373931987
0.92 | 1.08 | 1 | 80 | 0.4488666038465461 ± 0.0009948695333696317 | 0.08861354965074524 ± 0.0003555018936032084 | 1.657957319686969 ± 0.019940661483036748 | 2.178811679547989 ± 0.09054569814493911 | 0.5915488596211417
0.92 | 1.08 | 1 | 90 | 0.4488666038465461 ± 0.0009948695333696317 | 0.08861354965074524 ± 0.0003555018936032084 | 1.657957319686969 ± 0.019940661483036748 | 2.178811679547989 ± 0.09054569814493911 | 0.5915488596211417
0.92 | 1.08 | 1 | 100 | 0.4493332400974068 ± 0.000981539146088609 | 0.08849076908713814 ± 0.0003489617544336054 | 1.6297240675615146 ± 0.018191695905638072 | 2.307631703947201 ± 0.08346926881086834 | 0.5624456247489587
0.92 | 1.08 | 1 | 150 | 0.44971093250962735 ± 0.01240207657743506 | 0.08839293562707205 ± 0.004799788546073838 | 1.6061579800994026 ± 0.05910355219082852 | 2.4055902371268156 ± 0.22578559279795485 | 0.5482311785822243
0.92 | 1.08 | 1 | 200 | 0.44961300073276106 ± 0.011929936431693005 | 0.08828399154163427 ± 0.004526504529876969 | 1.5988756112414155 ± 0.049495150417817046 | 2.4354152304237386 ± 0.1857367964636557 | 0.5473386299288614
0.92 | 1.08 | 1 | 250 | 0.44113890375093606 ± 0.000836506152999715 | 0.08529134301336404 ± 0.00030845349754306283 | 1.5956366749227542 ± 0.0284023396815567 | 2.412046599857347 ± 0.1284979352736915 | 0.5179404528810383
0.92 | 1.08 | 2 | 150 | 0.44517810770285243 ± 0.005219822912352517 | 0.0880501236067414 ± 0.0019054029555609715 | 1.720989118874351 ± 0.034277927837770616 | 1.8695307490737436 ± 0.15473796623407288 | 0.7467108785876602
0.92 | 1.08 | 2 | 200 | 0.44721158385922066 ± 0.011000829225014535 | 0.08767085781934053 ± 0.004284335101217878 | 1.620256650368214 ± 0.05629150195352273 | 2.33807522062351 ± 0.21707041680422476 | 0.5430484675662203
0.92 | 1.08 | 2 | 250 | 0.44784117695347836 ± 0.011546403200504103 | 0.08765326974624538 ± 0.004442498860887029 | 1.5973813418305274 ± 0.05258942870410588 | 2.433945154142679 ± 0.20154924447136108 | 0.5363880079441774
0.93 | 1.0699999999999998 | 0 | 70 | 0.44820232475783967 ± 0.012623395465079975 | 0.0887947712086938 ± 0.005141399526946929 | 1.6945470237767946 ± 0.07870213253190372 | 2.021069776822444 ± 0.32045195127889153 | 0.637596500940653
0.93 | 1.0699999999999998 | 0 | 80 | 0.4488089166488691 ± 0.000995825689984826 | 0.08862928464581475 ± 0.0003555764304056663 | 1.6611672178770325 ± 0.019833913333714315 | 2.1649531307840544 ± 0.09037079687824061 | 0.5931950323654508
0.93 | 1.0699999999999998 | 0 | 90 | 0.4488089166488691 ± 0.000995825689984826 | 0.08862928464581475 ± 0.0003555764304056663 | 1.6611672178770325 ± 0.019833913333714315 | 2.1649531307840544 ± 0.09037079687824061 | 0.5931950323654508
0.93 | 1.0699999999999998 | 0 | 100 | 0.44914965048231176 ± 0.000982449752887896 | 0.08853882599811862 ± 0.00034859165914606226 | 1.6411326812919564 ± 0.017163228135214093 | 2.2561134595027794 ± 0.07933993911201863 | 0.574812444262895
0.93 | 1.0699999999999998 | 0 | 150 | 0.44962196487258965 ± 0.01117985451879015 | 0.08841784146423132 ± 0.004219887176024069 | 1.6116838177321966 ± 0.045636192957752786 | 2.38224800391987 ± 0.17432305542209905 | 0.548738940819926
0.93 | 1.0699999999999998 | 0 | 200 | 0.4497327538366388 ± 0.014546654923794386 | 0.08838602266379932 ± 0.0058425449846892345 | 1.6046229430139363 ± 0.13218076697533698 | 2.41199227522786 ± 0.3282944659071514 | 0.5481698858430043
0.93 | 1.0699999999999998 | 0 | 250 | 0.4434593147652143 ± 0.0008090471356999815 | 0.08614488898410307 ± 0.0002964731823834717 | 1.5997035172906269 ± 0.028129298258023683 | 2.3995264753719683 ± 0.1279000365929036 | 0.5220770655987347
0.93 | 1.0699999999999998 | 1 | 70 | 0.44820232475783967 ± 0.012623395465079975 | 0.0887947712086938 ± 0.005141399526946929 | 1.6945470237767946 ± 0.07870213253190372 | 2.021069776822444 ± 0.32045195127889153 | 0.637596500940653
0.93 | 1.0699999999999998 | 1 | 80 | 0.4488089166488691 ± 0.000995825689984826 | 0.08862928464581475 ± 0.0003555764304056663 | 1.6611672178770325 ± 0.019833913333714315 | 2.1649531307840544 ± 0.09037079687824061 | 0.5931950323654508
0.93 | 1.0699999999999998 | 1 | 90 | 0.4488089166488691 ± 0.000995825689984826 | 0.08862928464581475 ± 0.0003555764304056663 | 1.6611672178770325 ± 0.019833913333714315 | 2.1649531307840544 ± 0.09037079687824061 | 0.5931950323654508
0.93 | 1.0699999999999998 | 1 | 100 | 0.44914965048231176 ± 0.000982449752887896 | 0.08853882599811862 ± 0.00034859165914606226 | 1.6411326812919564 ± 0.017163228135214093 | 2.2561134595027794 ± 0.07933993911201863 | 0.574812444262895
0.93 | 1.0699999999999998 | 1 | 150 | 0.44962196487258965 ± 0.01117985451879015 | 0.08841784146423132 ± 0.004219887176024069 | 1.6116838177321966 ± 0.045636192957752786 | 2.38224800391987 ± 0.17432305542209905 | 0.548738940819926
0.93 | 1.0699999999999998 | 1 | 200 | 0.4497327538366388 ± 0.014546654923794386 | 0.08838602266379932 ± 0.0058425449846892345 | 1.6046229430139363 ± 0.13218076697533698 | 2.41199227522786 ± 0.3282944659071514 | 0.5481698858430043
0.93 | 1.0699999999999998 | 1 | 250 | 0.4434593147652143 ± 0.0008090471356999815 | 0.08614488898410307 ± 0.0002964731823834717 | 1.5997035172906269 ± 0.028129298258023683 | 2.3995264753719683 ± 0.1279000365929036 | 0.5220770655987347
0.93 | 1.0699999999999998 | 2 | 150 | 0.44856024326842386 ± 0.013293052342868872 | 0.08826096621735 ± 0.0051436343845560435 | 1.6328596422866029 ± 0.06002866805598406 | 2.281002697776214 ± 0.22724419323222392 | 0.5556721364127065
0.93 | 1.0699999999999998 | 2 | 200 | 0.4491674415618704 ± 0.011182600798895551 | 0.08822727840885469 ± 0.0042208223878041455 | 1.6085694979530545 ± 0.045088763411441524 | 2.3920577367205347 ± 0.17257395671991838 | 0.5456031870987516
0.93 | 1.0699999999999998 | 2 | 250 | 0.44846142733164845 ± 0.011464113497610302 | 0.08778180213615737 ± 0.0040857883650510475 | 1.589340157589852 ± 0.01928337564588778 | 2.4694235231875328 ± 0.08207285647426112 | 0.5413847819555566
0.94 | 1.06 | 0 | 70 | 0.4482020921692017 ± 0.012703111373490651 | 0.0887948462357331 ± 0.005180068401591969 | 1.6945612822527154 ± 0.07673131001560285 | 2.02100550428333 ± 0.32396879510127446 | 0.6376252580349521
0.94 | 1.06 | 0 | 80 | 0.44873650547598476 ± 0.0009975794230121502 | 0.08864903759054021 ± 0.00035603791835952413 | 1.6651785662703613 ± 0.019881515873811373 | 2.1475521510975257 ± 0.09092737404088402 | 0.5957926414623615
0.94 | 1.06 | 0 | 90 | 0.44873650547598476 ± 0.0009975794230121502 | 0.08864903759054021 ± 0.00035603791835952413 | 1.6651785662703613 ± 0.019881515873811373 | 2.1475521510975257 ± 0.09092737404088402 | 0.5957926414623615
0.94 | 1.06 | 0 | 100 | 0.4490111703668343 ± 0.0009835949065562682 | 0.08857558742845954 ± 0.000348456868833834 | 1.6494526095783906 ± 0.01652554152111574 | 2.219136308176927 ± 0.07694181537979863 | 0.5836363494024125
0.94 | 1.06 | 0 | 150 | 0.449482357187387 ± 0.010533186041803574 | 0.08845554650673708 ± 0.003889180543460145 | 1.620262536026636 ± 0.03571641259141456 | 2.344711067337859 ± 0.13799792323143098 | 0.5508814189494553
0.94 | 1.06 | 0 | 200 | 0.4496622821576132 ± 0.012055353542724238 | 0.08840896937787501 ± 0.004693966394142832 | 1.609419463281292 ± 0.10896161770985913 | 2.390401949425401 ± 0.23481307408653546 | 0.5484077419213977
0.94 | 1.06 | 0 | 250 | 0.4497260350765241 ± 0.02601109227423132 | 0.08838888176640887 ± 0.010845827250416972 | 1.6051446500898343 ± 0.1885832417414357 | 2.409425090715135 ± 0.6701821840540941 | 0.5481750302917552
0.94 | 1.06 | 1 | 70 | 0.4482020921692017 ± 0.012703111373490651 | 0.0887948462357331 ± 0.005180068401591969 | 1.6945612822527154 ± 0.07673131001560285 | 2.02100550428333 ± 0.32396879510127446 | 0.6376252580349521
0.94 | 1.06 | 1 | 80 | 0.44873650547598476 ± 0.0009975794230121502 | 0.08864903759054021 ± 0.00035603791835952413 | 1.6651785662703613 ± 0.019881515873811373 | 2.1475521510975257 ± 0.09092737404088402 | 0.5957926414623615
0.94 | 1.06 | 1 | 90 | 0.44873650547598476 ± 0.0009975794230121502 | 0.08864903759054021 ± 0.00035603791835952413 | 1.6651785662703613 ± 0.019881515873811373 | 2.1475521510975257 ± 0.09092737404088402 | 0.5957926414623615
0.94 | 1.06 | 1 | 100 | 0.4490111703668343 ± 0.0009835949065562682 | 0.08857558742845954 ± 0.000348456868833834 | 1.6494526095783906 ± 0.01652554152111574 | 2.219136308176927 ± 0.07694181537979863 | 0.5836363494024125
0.94 | 1.06 | 1 | 150 | 0.449482357187387 ± 0.010533186041803574 | 0.08845554650673708 ± 0.003889180543460145 | 1.620262536026636 ± 0.03571641259141456 | 2.344711067337859 ± 0.13799792323143098 | 0.5508814189494553
0.94 | 1.06 | 1 | 200 | 0.4496622821576132 ± 0.012055353542724238 | 0.08840896937787501 ± 0.004693966394142832 | 1.609419463281292 ± 0.10896161770985913 | 2.390401949425401 ± 0.23481307408653546 | 0.5484077419213977
0.94 | 1.06 | 1 | 250 | 0.4497260350765241 ± 0.02601109227423132 | 0.08838888176640887 ± 0.010845827250416972 | 1.6051446500898343 ± 0.1885832417414357 | 2.409425090715135 ± 0.6701821840540941 | 0.5481750302917552
0.94 | 1.06 | 2 | 100 | 0.4474483318775939 ± 0.0010232356830719058 | 0.08837347381045606 ± 0.00036827305675627065 | 1.6828664083879958 ± 0.02386971872956012 | 2.0219049502762516 ± 0.10849702176641726 | 0.6740964421722244
0.94 | 1.06 | 2 | 150 | 0.44829280173379515 ± 0.013530608689077704 | 0.08826362509557066 ± 0.005195250424334515 | 1.642368958837428 ± 0.05601140165944596 | 2.235820518620551 ± 0.2124376638084085 | 0.5646179093889819
0.94 | 1.06 | 2 | 200 | 0.44886690812217805 ± 0.01099097509517796 | 0.08818888255112711 ± 0.00396201924331592 | 1.6153305206932678 ± 0.02556762453541317 | 2.362788409609775 ± 0.1003617360141789 | 0.5468527579635004
0.94 | 1.06 | 2 | 250 | 0.4487493608134667 ± 0.009811012124205805 | 0.08802091737997159 ± 0.003535518711601234 | 1.6027722949942687 ± 0.024195322964454036 | 2.413441927453944 ± 0.09971868534411078 | 0.542510978120003
0.95 | 1.05 | 0 | 70 | 0.4482017032398457 ± 0.012922389261144966 | 0.088794971862026 ± 0.005280226817434978 | 1.6945851288697695 ± 0.1225838021527702 | 2.0208980376810888 ± 0.3313010293380115 | 0.6376733680424675
0.95 | 1.05 | 0 | 80 | 0.4487120686849899 ± 0.0009952828977047887 | 0.0886557017647371 ± 0.0003542401172884336 | 1.666632724578504 ± 0.01880389860379439 | 2.1413931395681485 ± 0.08674764030611226 | 0.5980682892149445
0.95 | 1.05 | 0 | 90 | 0.4487120686849899 ± 0.0009952828977047887 | 0.0886557017647371 ± 0.0003542401172884336 | 1.666632724578504 ± 0.01880389860379439 | 2.1413931395681485 ± 0.08674764030611226 | 0.5980682892149445
0.95 | 1.05 | 0 | 100 | 0.44892829617579305 ± 0.0009834270006048604 | 0.08859807246960319 ± 0.00034763281552231554 | 1.654224753526063 ± 0.015738729553847253 | 2.1983239351196726 ± 0.07410728077041602 | 0.5868120065563232
0.95 | 1.05 | 0 | 150 | 0.4492937807252471 ± 0.010933474044268218 | 0.0885053239551304 ± 0.004111543051334345 | 1.6317284094916342 ± 0.04172762993406376 | 2.290598439063228 ± 0.16760917552058116 | 0.5565768893710753
0.95 | 1.05 | 0 | 200 | 0.4495147648632001 ± 0.009617039714667252 | 0.08844986784107048 ± 0.003438570947918524 | 1.618727629794805 ± 0.021741926846083115 | 2.3504839627051584 ± 0.092748693710344 | 0.5505520792618666
0.95 | 1.05 | 0 | 250 | 0.4496039956338338 ± 0.0009695138335736458 | 0.08842526908042264 ± 0.00035176809360360693 | 1.612775077198642 ± 0.02545039018901707 | 2.3774201085203455 ± 0.12465431423517166 | 0.5488377068638995
0.95 | 1.05 | 1 | 70 | 0.4482017032398457 ± 0.012922389261144966 | 0.088794971862026 ± 0.005280226817434978 | 1.6945851288697695 ± 0.1225838021527702 | 2.0208980376810888 ± 0.3313010293380115 | 0.6376733680424675
0.95 | 1.05 | 1 | 80 | 0.4487120686849899 ± 0.0009952828977047887 | 0.0886557017647371 ± 0.0003542401172884336 | 1.666632724578504 ± 0.01880389860379439 | 2.1413931395681485 ± 0.08674764030611226 | 0.5980682892149445
0.95 | 1.05 | 1 | 90 | 0.4487120686849899 ± 0.0009952828977047887 | 0.0886557017647371 ± 0.0003542401172884336 | 1.666632724578504 ± 0.01880389860379439 | 2.1413931395681485 ± 0.08674764030611226 | 0.5980682892149445
0.95 | 1.05 | 1 | 100 | 0.44892829617579305 ± 0.0009834270006048604 | 0.08859807246960319 ± 0.00034763281552231554 | 1.654224753526063 ± 0.015738729553847253 | 2.1983239351196726 ± 0.07410728077041602 | 0.5868120065563232
0.95 | 1.05 | 1 | 150 | 0.4492937807252471 ± 0.010933474044268218 | 0.0885053239551304 ± 0.004111543051334345 | 1.6317284094916342 ± 0.04172762993406376 | 2.290598439063228 ± 0.16760917552058116 | 0.5565768893710753
0.95 | 1.05 | 1 | 200 | 0.4495147648632001 ± 0.009617039714667252 | 0.08844986784107048 ± 0.003438570947918524 | 1.618727629794805 ± 0.021741926846083115 | 2.3504839627051584 ± 0.092748693710344 | 0.5505520792618666
0.95 | 1.05 | 1 | 250 | 0.4496039956338338 ± 0.0009695138335736458 | 0.08842526908042264 ± 0.00035176809360360693 | 1.612775077198642 ± 0.02545039018901707 | 2.3774201085203455 ± 0.12465431423517166 | 0.5488377068638995
0.95 | 1.05 | 2 | 100 | 0.44712986298724244 ± 0.0009368127532377099 | 0.08860775454484363 ± 0.00034367662838733366 | 1.7121196539758643 ± 0.02889575851400017 | 1.9505677971061435 ± 0.13119968595544831 | 0.6873134923117517
0.95 | 1.05 | 2 | 150 | 0.4486781059657381 ± 0.0009809644905436697 | 0.08838985681975477 ± 0.0003465905850147652 | 1.6433388450285942 ± 0.01550768848381412 | 2.2274574241035494 ± 0.0733563084320229 | 0.5787629956667975
0.95 | 1.05 | 2 | 200 | 0.44898373567983313 ± 0.009965810190781754 | 0.08837070958915041 ± 0.0036209493996430288 | 1.6288939649071368 ± 0.02831323690277554 | 2.305842186110738 ± 0.11349875064969571 | 0.5534688324535114
0.95 | 1.05 | 2 | 250 | 0.4490717919901363 ± 0.009159741646119421 | 0.08823820183179738 ± 0.003245042803608856 | 1.6129458579639493 ± 0.016767505830182827 | 2.3739825606423164 ± 0.07874802169685295 | 0.5464092315251631
0.96 | 1.04 | 0 | 70 | 0.4482009768278087 ± 0.013217358495098327 | 0.08879520704338646 ± 0.005421512283945939 | 1.6946296826307397 ± 0.10283963190636647 | 2.020697345996256 ± 0.34372111177832504 | 0.6377633030490839
0.96 | 1.04 | 0 | 80 | 0.44867575619970784 ± 0.000992457771526614 | 0.08866560547346532 ± 0.00035194799682047536 | 1.6687844269838144 ± 0.017348154673047733 | 2.1321361466260735 ± 0.08115709316251529 | 0.6014061915616266
0.96 | 1.04 | 0 | 90 | 0.44867575619970784 ± 0.000992457771526614 | 0.08866560547346532 ± 0.00035194799682047536 | 1.6687844269838144 ± 0.017348154673047733 | 2.1321361466260735 ± 0.08115709316251529 | 0.6014061915616266
0.96 | 1.04 | 0 | 100 | 0.44886646133760977 ± 0.0009812180151513848 | 0.0886150850033583 ± 0.0003454862865547201 | 1.657816739909834 ± 0.014062637813929468 | 2.1833626663376577 ± 0.06782646405351594 | 0.5904213510425476
0.96 | 1.04 | 0 | 150 | 0.4492376776548331 ± 0.00999757364510757 | 0.08852336822305804 ± 0.0035353897843390294 | 1.6353271608342594 ± 0.016916583658398765 | 2.2802167992607325 ± 0.0787090115743671 | 0.5590568390569286
0.96 | 1.04 | 0 | 200 | 0.44938855380093806 ± 0.009289658026958178 | 0.0884887319889928 ± 0.0032538848742241326 | 1.6268310871766078 ± 0.011405412599513887 | 2.3162860681066486 ± 0.06618038528250576 | 0.5539118417584503
0.96 | 1.04 | 0 | 250 | 0.4494586533117393 ± 0.008600097960831582 | 0.08847246181421128 ± 0.00299663122456413 | 1.6227567210088552 ± 0.010652072121134393 | 2.3330786266278563 ± 0.05770489951759533 | 0.5518239877098168
0.96 | 1.04 | 1 | 70 | 0.4482009768278087 ± 0.013217358495098327 | 0.08879520704338646 ± 0.005421512283945939 | 1.6946296826307397 ± 0.10283963190636647 | 2.020697345996256 ± 0.34372111177832504 | 0.6377633030490839
0.96 | 1.04 | 1 | 80 | 0.44867575619970784 ± 0.000992457771526614 | 0.08866560547346532 ± 0.00035194799682047536 | 1.6687844269838144 ± 0.017348154673047733 | 2.1321361466260735 ± 0.08115709316251529 | 0.6014061915616266
0.96 | 1.04 | 1 | 90 | 0.44867575619970784 ± 0.000992457771526614 | 0.08866560547346532 ± 0.00035194799682047536 | 1.6687844269838144 ± 0.017348154673047733 | 2.1321361466260735 ± 0.08115709316251529 | 0.6014061915616266
0.96 | 1.04 | 1 | 100 | 0.44886646133760977 ± 0.0009812180151513848 | 0.0886150850033583 ± 0.0003454862865547201 | 1.657816739909834 ± 0.014062637813929468 | 2.1833626663376577 ± 0.06782646405351594 | 0.5904213510425476
0.96 | 1.04 | 1 | 150 | 0.4492376776548331 ± 0.00999757364510757 | 0.08852336822305804 ± 0.0035353897843390294 | 1.6353271608342594 ± 0.016916583658398765 | 2.2802167992607325 ± 0.0787090115743671 | 0.5590568390569286
0.96 | 1.04 | 1 | 200 | 0.44938855380093806 ± 0.009289658026958178 | 0.0884887319889928 ± 0.0032538848742241326 | 1.6268310871766078 ± 0.011405412599513887 | 2.3162860681066486 ± 0.06618038528250576 | 0.5539118417584503
0.96 | 1.04 | 1 | 250 | 0.4494586533117393 ± 0.008600097960831582 | 0.08847246181421128 ± 0.00299663122456413 | 1.6227567210088552 ± 0.010652072121134393 | 2.3330786266278563 ± 0.05770489951759533 | 0.5518239877098168
0.96 | 1.04 | 2 | 80 | 0.44686426657554357 ± 0.004094488074676265 | 0.08875215654646172 ± 0.0014133700731230982 | 1.730129843965856 ± 0.00842332648389954 | 1.8092360989174674 ± 0.05714189703475141 | 0.8713413312302599
0.96 | 1.04 | 2 | 90 | 0.44686426657554357 ± 0.004094488074676265 | 0.08875215654646172 ± 0.0014133700731230982 | 1.730129843965856 ± 0.00842332648389954 | 1.8092360989174674 ± 0.05714189703475141 | 0.8713413312302599
0.96 | 1.04 | 2 | 100 | 0.44710760410212447 ± 0.008079772008903025 | 0.08869557274487655 ± 0.0032632721713835755 | 1.7189452309242406 ± 0.10139849227211017 | 1.9254274643835538 ± 0.2537732235338711 | 0.7039420173658184
0.96 | 1.04 | 2 | 150 | 0.4490104023565122 ± 0.012562428648792782 | 0.08858989453766207 ± 0.00449808331126587 | 1.6498440539323211 ± 0.02399704886176246 | 2.213372938234927 ± 0.09385945791797708 | 0.5725802514081237
0.96 | 1.04 | 2 | 200 | 0.44925948584678027 ± 0.000735111166686962 | 0.08854181348941703 ± 0.0002642271865703502 | 1.635624221869694 ± 0.02658834581223324 | 2.2767720438278496 ± 0.12803244715422504 | 0.559183166698153
0.96 | 1.04 | 2 | 250 | 0.4491943960431268 ± 0.009130217027785638 | 0.08841806786631412 ± 0.003193320229697265 | 1.626250973699115 ± 0.010063148509942943 | 2.321416074116883 ± 0.06321751541270784 | 0.5531655307532052
0.97 | 1.03 | 0 | 70 | 0.4481993611443643 ± 0.01411650102578994 | 0.08879573253944914 ± 0.005843988335433435 | 1.69472886543757 ± 0.07738950310830883 | 2.020251069965774 ± 0.37869123458663895 | 0.6379637195886922
0.97 | 1.03 | 0 | 80 | 0.44859697254305886 ± 0.0009918819877677918 | 0.08868711271975553 ± 0.0003507797386782697 | 1.673267900208645 ± 0.016299783806300705 | 2.1122556985144896 ± 0.07760976275219773 | 0.6066936007752732
0.97 | 1.03 | 0 | 90 | 0.44859697254305886 ± 0.0009918819877677918 | 0.08868711271975553 ± 0.0003507797386782697 | 1.673267900208645 ± 0.016299783806300705 | 2.1122556985144896 ± 0.07760976275219773 | 0.6066936007752732
0.97 | 1.03 | 0 | 100 | 0.44873737270965647 ± 0.0009817351334361999 | 0.08864980787279167 ± 0.0003446819244557553 | 1.6653554962573063 ± 0.012849844389276832 | 2.149567480784609 ± 0.0635681149107894 | 0.599036256140433
0.97 | 1.03 | 0 | 150 | 0.448980293994632 ± 0.009377553798132729 | 0.08859017627332293 ± 0.0033408823596620123 | 1.6504353544834132 ± 0.01979803654730994 | 2.2106314001965046 ± 0.08969392624902826 | 0.5715817720581782
0.97 | 1.03 | 0 | 200 | 0.4491393404428731 ± 0.009306327881868845 | 0.08855520449674154 ± 0.0032425683481929466 | 1.641641328365984 ± 0.007930293739249361 | 2.253285040530676 ± 0.060588324113514815 | 0.5636633330551748
0.97 | 1.03 | 0 | 250 | 0.4491834992722628 ± 0.008195207283845637 | 0.0885481169112239 ± 0.0028493274191771518 | 1.6391193179165118 ± 0.0106418583849337 | 2.264785337151539 ± 0.054663195547676534 | 0.5611087517345759
0.97 | 1.03 | 1 | 70 | 0.4481993611443643 ± 0.01411650102578994 | 0.08879573253944914 ± 0.005843988335433435 | 1.69472886543757 ± 0.07738950310830883 | 2.020251069965774 ± 0.37869123458663895 | 0.6379637195886922
0.97 | 1.03 | 1 | 80 | 0.44859697254305886 ± 0.0009918819877677918 | 0.08868711271975553 ± 0.0003507797386782697 | 1.673267900208645 ± 0.016299783806300705 | 2.1122556985144896 ± 0.07760976275219773 | 0.6066936007752732
0.97 | 1.03 | 1 | 90 | 0.44859697254305886 ± 0.0009918819877677918 | 0.08868711271975553 ± 0.0003507797386782697 | 1.673267900208645 ± 0.016299783806300705 | 2.1122556985144896 ± 0.07760976275219773 | 0.6066936007752732
0.97 | 1.03 | 1 | 100 | 0.44873737270965647 ± 0.0009817351334361999 | 0.08864980787279167 ± 0.0003446819244557553 | 1.6653554962573063 ± 0.012849844389276832 | 2.149567480784609 ± 0.0635681149107894 | 0.599036256140433
0.97 | 1.03 | 1 | 150 | 0.448980293994632 ± 0.009377553798132729 | 0.08859017627332293 ± 0.0033408823596620123 | 1.6504353544834132 ± 0.01979803654730994 | 2.2106314001965046 ± 0.08969392624902826 | 0.5715817720581782
0.97 | 1.03 | 1 | 200 | 0.4491393404428731 ± 0.009306327881868845 | 0.08855520449674154 ± 0.0032425683481929466 | 1.641641328365984 ± 0.007930293739249361 | 2.253285040530676 ± 0.060588324113514815 | 0.5636633330551748
0.97 | 1.03 | 1 | 250 | 0.4491834992722628 ± 0.008195207283845637 | 0.0885481169112239 ± 0.0028493274191771518 | 1.6391193179165118 ± 0.0106418583849337 | 2.264785337151539 ± 0.054663195547676534 | 0.5611087517345759
0.97 | 1.03 | 2 | 80 | 0.4471433798392702 ± 0.005008648594319697 | 0.08869260248536008 ± 0.0017345326792731132 | 1.7184524667271137 ± 0.00939442909353394 | 1.8568758070914826 ± 0.059846663402819064 | 0.796498524710905
0.97 | 1.03 | 2 | 90 | 0.4471433798392702 ± 0.005008648594319697 | 0.08869260248536008 ± 0.0017345326792731132 | 1.7184524667271137 ± 0.00939442909353394 | 1.8568758070914826 ± 0.059846663402819064 | 0.796498524710905
0.97 | 1.03 | 2 | 100 | 0.4472361490288364 ± 0.005515093588728701 | 0.0886979450066315 ± 0.0019423103173826246 | 1.7144475497284992 ± 0.01749125154838338 | 1.9382127265949938 ± 0.08663007998273373 | 0.6966813377246173
0.97 | 1.03 | 2 | 150 | 0.44926529147618555 ± 0.013133427485724285 | 0.0887764314362112 ± 0.004634451359755371 | 1.6591009055166426 ± 0.017172291362267833 | 2.180564143903746 ± 0.07888153739691005 | 0.5837188664588735
0.97 | 1.03 | 2 | 200 | 0.44979333609098215 ± 0.000877968422114551 | 0.0888475055233611 ± 0.0003171776864840586 | 1.6474436755410171 ± 0.0243146703469852 | 2.2300844936527358 ± 0.12807843038642605 | 0.5694796512388751
0.97 | 1.03 | 2 | 250 | 0.45012796070413497 ± 0.008242236978342074 | 0.08889299670888227 ± 0.0029210221836399016 | 1.6407598008500561 ± 0.060045776353307656 | 2.2612786811467354 ± 0.08607676136080653 | 0.5647312555734515
0.98 | 1.02 | 0 | 70 | 0.44819439794856675 ± 0.021389698661236963 | 0.088797364627992 ± 0.00916043731652368 | 1.6950347228018858 ± 0.046975617380498824 | 2.0188802012026956 ± 0.6351045767248708 | 0.6385830841922577
0.98 | 1.02 | 0 | 80 | 0.44851149207318575 ± 0.024320759249865976 | 0.08871064114115307 ± 0.008637906293009827 | 1.678266397180493 ± 0.024136054507542526 | 2.088903439960484 ± 0.0872218039635456 | 0.614185796829177
0.98 | 1.02 | 0 | 90 | 0.44851149207318575 ± 0.024320759249865976 | 0.08871064114115307 ± 0.008637906293009827 | 1.678266397180493 ± 0.024136054507542526 | 2.088903439960484 ± 0.0872218039635456 | 0.614185796829177
0.98 | 1.02 | 0 | 100 | 0.4485989801159056 ± 0.0009829022534053298 | 0.08868743811262839 ± 0.00034411562283146363 | 1.6733794040461087 ± 0.011572963935154279 | 2.1122848227805173 ± 0.059490110229506725 | 0.608571252314734
0.98 | 1.02 | 0 | 150 | 0.4488807938996207 ± 0.00758605811064216 | 0.08862650919032733 ± 0.002648465489483781 | 1.6562718071938698 ± 0.04069250651245293 | 2.1936702786399254 ± 0.06157990858365263 | 0.5779134630891729
0.98 | 1.02 | 0 | 200 | 0.4489095632186012 ± 0.0077341771612059575 | 0.08862312489159566 ± 0.002683430580212754 | 1.655365140750278 ± 0.04443346079234234 | 2.1930767152233464 ± 0.051604157162290054 | 0.5762427906563059
0.98 | 1.02 | 0 | 250 | 0.4489175642612526 ± 0.007812506945362336 | 0.08862385397338587 ± 0.002707394797427714 | 1.6552201057006533 ± 0.04319427376575591 | 2.1934818831277996 ± 0.04979402179272452 | 0.5760766983002091
0.98 | 1.02 | 1 | 70 | 0.44819439794856675 ± 0.021389698661236963 | 0.088797364627992 ± 0.00916043731652368 | 1.6950347228018858 ± 0.046975617380498824 | 2.0188802012026956 ± 0.6351045767248708 | 0.6385830841922577
0.98 | 1.02 | 1 | 80 | 0.44851149207318575 ± 0.024320759249865976 | 0.08871064114115307 ± 0.008637906293009827 | 1.678266397180493 ± 0.024136054507542526 | 2.088903439960484 ± 0.0872218039635456 | 0.614185796829177
0.98 | 1.02 | 1 | 90 | 0.44851149207318575 ± 0.024320759249865976 | 0.08871064114115307 ± 0.008637906293009827 | 1.678266397180493 ± 0.024136054507542526 | 2.088903439960484 ± 0.0872218039635456 | 0.614185796829177
0.98 | 1.02 | 1 | 100 | 0.4485989801159056 ± 0.0009829022534053298 | 0.08868743811262839 ± 0.00034411562283146363 | 1.6733794040461087 ± 0.011572963935154279 | 2.1122848227805173 ± 0.059490110229506725 | 0.608571252314734
0.98 | 1.02 | 1 | 150 | 0.4488807938996207 ± 0.00758605811064216 | 0.08862650919032733 ± 0.002648465489483781 | 1.6562718071938698 ± 0.04069250651245293 | 2.1936702786399254 ± 0.06157990858365263 | 0.5779134630891729
0.98 | 1.02 | 1 | 200 | 0.448909563827775 ± 0.007743887174554349 | 0.08862312495944832 ± 0.00268680097872582 | 1.6553651192436212 ± 0.04443432792038271 | 2.19307683466525 ± 0.0516379471570664 | 0.5762427686446253
0.98 | 1.02 | 1 | 250 | 0.44891756427008933 ± 0.007811140152920638 | 0.08862385396921421 ± 0.002706920654652688 | 1.6552201057138294 ± 0.04319426749732991 | 2.19348187559115 ± 0.04978835463526289 | 0.5760766982959397
0.98 | 1.02 | 2 | 80 | 0.4473395496889284 ± 0.00534615121305572 | 0.08865202591402536 ± 0.0018519519245064552 | 1.709221785853797 ± 0.008000399467054775 | 1.8988278076930045 ± 0.05592350768350996 | 0.7615686750849266
0.98 | 1.02 | 2 | 90 | 0.4473395496889284 ± 0.00534615121305572 | 0.08865202591402536 ± 0.0018519519245064552 | 1.709221785853797 ± 0.008000399467054775 | 1.8988278076930045 ± 0.05592350768350996 | 0.7615686750849266
0.98 | 1.02 | 2 | 100 | 0.4473733353595715 ± 0.005450782403687806 | 0.08867242874738601 ± 0.0019032120207124346 | 1.7079071502405168 ± 0.012243875180959374 | 1.9630968236908946 ± 0.06836534727399664 | 0.6802509939852318
0.98 | 1.02 | 2 | 150 | 0.44997736501185337 ± 0.0006623619097423095 | 0.08911512204532974 ± 0.00023567890314912733 | 1.6665443626227259 ± 0.03862495865397697 | 2.148880716715847 ± 0.1298503377482461 | 0.5913749487405727
0.98 | 1.02 | 2 | 200 | 0.4484221797956999 ± 0.007802025978920639 | 0.08845229999445282 ± 0.0027065599503638764 | 1.6552204916581823 ± 0.041574862253907385 | 2.1915242986279035 ± 0.04977501801084789 | 0.5759057851066937
0.98 | 1.02 | 2 | 250 | 0.4482182070385049 ± 0.007760510818343912 | 0.08838127530023426 ± 0.0026932445608935395 | 1.655220028652791 ± 0.04296040116812505 | 2.1898716957410236 ± 0.04964288662145255 | 0.5758780636223805
0.99 | 1.01 | 0 | 70 | 0.4481582157364552 ± 0.0008612160869330825 | 0.0888095025949239 ± 0.00031160223939277716 | 1.69733913702304 ± 0.02947676248204356 | 2.009256754243586 ± 0.13178411043337876 | 0.6432377080116205
0.99 | 1.01 | 0 | 80 | 0.4481974419099765 ± 0.00644722792128569 | 0.08880081064240375 ± 0.0022883834393465203 | 1.6943139928829052 ± 0.02649711116461695 | 2.0257822712586404 ± 0.09354767607449689 | 0.6399305031364273
0.99 | 1.01 | 0 | 90 | 0.4485481450438912 ± 0.012336858722974093 | 0.08870909678234483 ± 0.004288771467657867 | 1.6767376723850933 ± 0.007275299496010246 | 2.0933797500627382 ± 0.06956024034574833 | 0.6097759158613222
0.99 | 1.01 | 0 | 100 | 0.4485481450438912 ± 0.012336858722974093 | 0.08870909678234483 ± 0.004288771467657867 | 1.6767376723850933 ± 0.007275299496010246 | 2.0933797500627382 ± 0.06956024034574833 | 0.6097759158613222
0.99 | 1.01 | 0 | 150 | 0.4486103352903435 ± 0.008555301517222563 | 0.08869959995639111 ± 0.0029658447788668495 | 1.6728269176275943 ± 0.005786750751340275 | 2.116244306516374 ± 0.05486843460258301 | 0.5995543204742915
0.99 | 1.01 | 0 | 200 | 0.4486287792890412 ± 0.007849314026542934 | 0.08870165793219731 ± 0.002717790844695745 | 1.6721106865765398 ± 0.02229280559988267 | 2.120475155110829 ± 0.050396872815074004 | 0.5981665621118418
0.99 | 1.01 | 0 | 250 | 0.44862950480233466 ± 0.0077616088089407075 | 0.08870206476250804 ± 0.00268740731069449 | 1.672110108777511 ± 0.02369715989886656 | 2.120041728193737 ± 0.05008864761718084 | 0.598154271183284
0.99 | 1.01 | 1 | 70 | 0.4481582157364552 ± 0.0008612160869330825 | 0.0888095025949239 ± 0.00031160223939277716 | 1.69733913702304 ± 0.02947676248204356 | 2.009256754243586 ± 0.13178411043337876 | 0.6432377080116205
0.99 | 1.01 | 1 | 80 | 0.4481974419099765 ± 0.00644722792128569 | 0.08880081064240375 ± 0.0022883834393465203 | 1.6943139928829052 ± 0.02649711116461695 | 2.0257822712586404 ± 0.09354767607449689 | 0.6399305031364273
0.99 | 1.01 | 1 | 90 | 0.4485481450438912 ± 0.012336858722974093 | 0.08870909678234483 ± 0.004288771467657867 | 1.6767376723850933 ± 0.007275299496010246 | 2.0933797500627382 ± 0.06956024034574833 | 0.6097759158613222
0.99 | 1.01 | 1 | 100 | 0.4485481450438912 ± 0.012336858722974093 | 0.08870909678234483 ± 0.004288771467657867 | 1.6767376723850933 ± 0.007275299496010246 | 2.0933797500627382 ± 0.06956024034574833 | 0.6097759158613222
0.99 | 1.01 | 1 | 150 | 0.4486103352903435 ± 0.008555301517222563 | 0.08869959995639111 ± 0.0029658447788668495 | 1.6728269176275943 ± 0.005786750751340275 | 2.116244306516374 ± 0.05486843460258301 | 0.5995543204742915
0.99 | 1.01 | 1 | 200 | 0.4486287809179071 ± 0.007860285462067065 | 0.08870165729855294 ± 0.002721591228311448 | 1.6721106865069548 ± 0.022294847719486977 | 2.120474945919437 ± 0.05044168294709013 | 0.5981665845854657
0.99 | 1.01 | 1 | 250 | 0.45035500890640057 ± 0.007862515796772962 | 0.08929843683245936 ± 0.002712760873807682 | 1.6721100002256244 ± 0.024457541013500617 | 2.1287640794841 ± 0.050357198013406726 | 0.5970090106876081
0.99 | 1.01 | 2 | 80 | 0.4475393587529507 ± 0.006442539231057481 | 0.08858922292871149 ± 0.002232313820358253 | 1.6986590315673238 ± 0.006852064563548699 | 1.937920101046188 ± 0.0552073784427093 | 0.7477681946300011
0.99 | 1.01 | 2 | 90 | 0.44755844000808737 ± 0.005584207695526092 | 0.08862321270166745 ± 0.0019436692333593623 | 1.6978457345305311 ± 0.008872038023370887 | 2.002660082895691 ± 0.05888872925248146 | 0.6557904660897989
0.99 | 1.01 | 2 | 100 | 0.4475815961203667 ± 0.0007526602601960565 | 0.08861280432453747 ± 0.0002713280758751546 | 1.697586350576522 ± 0.029607161060658638 | 2.006988299893111 ± 0.13209486994570727 | 0.6463141677389531
0.99 | 1.01 | 2 | 150 | 0.45021568219616565 ± 0.007869011928546556 | 0.08925014730897693 ± 0.0027158410881227293 | 1.672116308723694 ± 0.024278029520421462 | 2.1276911484520022 ± 0.050455110502204546 | 0.5970278826645229
0.99 | 1.01 | 2 | 200 | 0.45004302736027313 ± 0.007578533902047856 | 0.08919179636504822 ± 0.002619578903354606 | 1.6721348250173638 ± 0.02477407147530708 | 2.126153824199547 ± 0.05159548601826902 | 0.5971542635237406
0.99 | 1.01 | 2 | 250 | 0.4503576384405212 ± 0.00774578304689397 | 0.08929933063965247 ± 0.0026724665125666684 | 1.6721100100549071 ± 0.02459785462578845 | 2.128717074522692 ± 0.04989407232893466 | 0.5970091266791718
1 | 1 | 0 | 70 | 0.44828933485012074 ± 0.007683684182371318 | 0.08876486553428688 ± 0.002658181024333264 | 1.689 ± 0.016890000000000002 | 2.0461376836305165 ± 0.050303158000645644 | 0.6249000225104415
1 | 1 | 0 | 80 | 0.4484918844886161 ± 0.007696534932351 | 0.08883476851343035 ± 0.002661506586395345 | 1.689 ± 0.016890000000000002 | 2.046901261059392 ± 0.05034167237114398 | 0.624261075152618
1 | 1 | 0 | 90 | 0.45167470719896985 ± 0.0071660237191661065 | 0.08993537744225308 ± 0.002462350834031742 | 1.689 ± 0.016890000000000002 | 2.0630886186875474 ± 0.04831431646151384 | 0.6188100993555685
1 | 1 | 0 | 100 | 0.45225858342939323 ± 0.00797787548402836 | 0.09013230346311671 ± 0.0027378414892269888 | 1.689 ± 0.016890000000000002 | 2.0668546362474647 ± 0.05112398006635612 | 0.6181211918951645
1 | 1 | 0 | 150 | 0.4525230062073171 ± 0.007949381498124936 | 0.09022304095995415 ± 0.0027265936609580364 | 1.689 ± 0.016890000000000002 | 2.0678482685453887 ± 0.051012787167636575 | 0.6180902837998987
1 | 1 | 0 | 200 | 0.4525230062073171 ± 0.007949381498124936 | 0.09022304095995415 ± 0.0027265936609580364 | 1.689 ± 0.016890000000000002 | 2.0678482685453887 ± 0.051012787167636575 | 0.6180902837998987
1 | 1 | 0 | 250 | 0.4525230062073171 ± 0.007949381498124936 | 0.09022304095995415 ± 0.0027265936609580364 | 1.689 ± 0.016890000000000002 | 2.0678482685453887 ± 0.051012787167636575 | 0.6180902837998987
1 | 1 | 1 | 70 | 0.44828933485012074 ± 0.007683684182371318 | 0.08876486553428688 ± 0.002658181024333264 | 1.689 ± 0.016890000000000002 | 2.0461376836305165 ± 0.050303158000645644 | 0.6249000225104415
1 | 1 | 1 | 80 | 0.4484918844886161 ± 0.007696534932351 | 0.08883476851343035 ± 0.002661506586395345 | 1.689 ± 0.016890000000000002 | 2.046901261059392 ± 0.05034167237114398 | 0.624261075152618
1 | 1 | 1 | 90 | 0.45167470719896985 ± 0.0071660237191661065 | 0.08993537744225308 ± 0.002462350834031742 | 1.689 ± 0.016890000000000002 | 2.0630886186875474 ± 0.04831431646151384 | 0.6188100993555685
1 | 1 | 1 | 100 | 0.45225858342939323 ± 0.00797787548402836 | 0.09013230346311671 ± 0.0027378414892269888 | 1.689 ± 0.016890000000000002 | 2.0668546362474647 ± 0.05112398006635612 | 0.6181211918951645
1 | 1 | 1 | 150 | 0.4525230062073171 ± 0.00784074774247717 | 0.09022304095995415 ± 0.002689332038529259 | 1.689 ± 0.016890000000000002 | 2.0678482685453887 ± 0.050572302341634165 | 0.6180902837998987
1 | 1 | 1 | 200 | 0.4525230062073171 ± 0.00784074774247717 | 0.09022304095995415 ± 0.002689332038529259 | 1.689 ± 0.016890000000000002 | 2.0678482685453887 ± 0.050572302341634165 | 0.6180902837998987
1 | 1 | 1 | 250 | 0.4525230062073171 ± 0.00784074774247717 | 0.09022304095995415 ± 0.002689332038529259 | 1.689 ± 0.016890000000000002 | 2.0678482685453887 ± 0.050572302341634165 | 0.6180902837998987
1 | 1 | 2 | 70 | 0.44196618436954627 ± 0.007795187981339295 | 0.08656259011566664 ± 0.0027319964624161596 | 1.689 ± 0.016890000000000002 | 2.016403630643371 ± 0.05099623887804061 | 0.6620064617870183
1 | 1 | 2 | 80 | 0.44660735219706393 ± 0.006009691452458448 | 0.08818834089437745 ± 0.002086135024670482 | 1.689 ± 0.016890000000000002 | 2.027211186280314 ± 0.04495263222579035 | 0.6382542836250629
1 | 1 | 2 | 90 | 0.4506432140726701 ± 0.006386646312247442 | 0.08958907763003555 ± 0.002199844140390095 | 1.689 ± 0.016890000000000002 | 2.0636224651735438 ± 0.04574688607980948 | 0.6226757001848671
1 | 1 | 2 | 100 | 0.45206544838078033 ± 0.007706980391992277 | 0.09006610299871695 ± 0.0026458381085243624 | 1.689 ± 0.016890000000000002 | 2.0638782272281624 ± 0.05019083342408651 | 0.6182652244769566
1 | 1 | 2 | 150 | 0.4525188367410098 ± 0.007808944395797749 | 0.09022160020849794 ± 0.002678444153043146 | 1.689 ± 0.016890000000000002 | 2.06782911232897 ± 0.05044236299875628 | 0.618090298589076
1 | 1 | 2 | 200 | 0.4525188367410098 ± 0.007808944395797749 | 0.09022160020849794 ± 0.002678444153043146 | 1.689 ± 0.016890000000000002 | 2.06782911232897 ± 0.05044236299875628 | 0.618090298589076
1 | 1 | 2 | 250 | 0.4525188367410098 ± 0.007808944395797749 | 0.09022160020849794 ± 0.002678444153043146 | 1.689 ± 0.016890000000000002 | 2.06782911232897 ± 0.05044236299875628 | 0.618090298589076
