Otimização para pl em ATLAS - Limites: eps_1_mg_0_a1_0
Configuração: down | up | strategy | migrad | mg ± error | eps ± error | a1 ± error | a2 ± error | χ²/ndof
========================================================================================================================
0.91 | 1.0899999999999999 | 0 | 70 | 0.4118198154734695 ± 0.005521142517776724 | 0.07290406420533134 ± 0.0023372519737743652 | 1.6764763507010019 ± 0.07544397257163192 | 1.4100567129468895 ± 0.4693566492768763 | 0.5114092287823803
0.91 | 1.0899999999999999 | 0 | 80 | 0.41070356538537967 ± 0.011287804237845426 | 0.07264954186030705 ± 0.003937617376801705 | 1.6749346437621047 ± 0.11913304519941595 | 1.343490503676357 ± 0.8584490749919443 | 0.5000526133558262
0.91 | 1.0899999999999999 | 1 | 70 | 0.4118198154734695 ± 0.005521142517776724 | 0.07290406420533134 ± 0.0023372519737743652 | 1.6764763507010019 ± 0.07544397257163192 | 1.4100567129468895 ± 0.4693566492768763 | 0.5114092287823803
0.91 | 1.0899999999999999 | 1 | 80 | 0.41070356538537967 ± 0.011287804237845426 | 0.07264954186030705 ± 0.003937617376801705 | 1.6749346437621047 ± 0.11913304519941595 | 1.343490503676357 ± 0.8584490749919443 | 0.5000526133558262
0.91 | 1.0899999999999999 | 2 | 70 | 0.4196661586580776 ± 0.016754010655725484 | 0.07542559479736481 ± 0.009685026443045211 | 1.6467561952998238 ± 0.10734551547213633 | 1.6707195701896178 ± 0.6187180998255352 | 0.6096874739395689
0.91 | 1.0899999999999999 | 2 | 80 | 0.41947745799692504 ± 0.015638908020012738 | 0.07542491434320235 ± 0.005257459077527268 | 1.6480090598598351 ± 0.19470960539491655 | 1.6708421323382898 ± 1.3987574410019044 | 0.607193673129243
0.91 | 1.0899999999999999 | 2 | 90 | 0.41947745799692504 ± 0.015638908020012738 | 0.07542491434320235 ± 0.005257459077527268 | 1.6480090598598351 ± 0.19470960539491655 | 1.6708421323382898 ± 1.3987574410019044 | 0.607193673129243
0.91 | 1.0899999999999999 | 2 | 100 | 0.41947745799692504 ± 0.015638908020012738 | 0.07542491434320235 ± 0.005257459077527268 | 1.6480090598598351 ± 0.19470960539491655 | 1.6708421323382898 ± 1.3987574410019044 | 0.607193673129243
0.92 | 1.08 | 0 | 70 | 0.4112214696517439 ± 0.010485085858955797 | 0.07279580395742835 ± 0.0035723585315631523 | 1.6799413437903374 ± 0.11852602020351838 | 1.3792710369646828 ± 0.8610477078519222 | 0.5054825386155686
0.92 | 1.08 | 0 | 80 | 0.4107225781787386 ± 0.017822792949847618 | 0.07267775156108941 ± 0.007635399727886218 | 1.6794815427938454 ± 0.11593800595610028 | 1.333780172724479 ± 0.704175113721243 | 0.5026347810992949
0.92 | 1.08 | 0 | 90 | 0.41092904008725595 ± 0.010325152738972308 | 0.07271739897022135 ± 0.0034255256794776534 | 1.6748080999704393 ± 0.12321994914604609 | 1.3548173193506208 ± 0.9078481415941895 | 0.5014816287302698
0.92 | 1.08 | 1 | 70 | 0.4112214696517439 ± 0.010485085858955797 | 0.07279580395742835 ± 0.0035723585315631523 | 1.6799413437903374 ± 0.11852602020351838 | 1.3792710369646828 ± 0.8610477078519222 | 0.5054825386155686
0.92 | 1.08 | 1 | 80 | 0.4107225781787386 ± 0.017822792949847618 | 0.07267775156108941 ± 0.007635399727886218 | 1.6794815427938454 ± 0.11593800595610028 | 1.333780172724479 ± 0.704175113721243 | 0.5026347810992949
0.92 | 1.08 | 1 | 90 | 0.41092904008725595 ± 0.010325152738972308 | 0.07271739897022135 ± 0.0034255256794776534 | 1.6748080999704393 ± 0.12321994914604609 | 1.3548173193506208 ± 0.9078481415941895 | 0.5014816287302698
0.92 | 1.08 | 2 | 70 | 0.4196651653584079 ± 0.01651559539290874 | 0.07542795843720225 ± 0.008777626943227188 | 1.6467150269283832 ± 0.1066111611129187 | 1.6686961117340713 ± 0.6167011649840047 | 0.610229071066962
0.92 | 1.08 | 2 | 80 | 0.4195406762796896 ± 0.01567678230873928 | 0.07542735023031065 ± 0.008671636518743482 | 1.6479203251694465 ± 0.13302806242741985 | 1.6688185230453914 ± 0.8761651531279049 | 0.605605496566101
0.92 | 1.08 | 2 | 90 | 0.4195406762796896 ± 0.01567678230873928 | 0.07542735023031065 ± 0.008671636518743482 | 1.6479203251694465 ± 0.13302806242741985 | 1.6688185230453914 ± 0.8761651531279049 | 0.605605496566101
0.92 | 1.08 | 2 | 100 | 0.41790541811818827 ± 0.01322259161005748 | 0.07473011738285436 ± 0.004607517445218014 | 1.6410440963045752 ± 0.13097906051628175 | 1.6878605658845234 ± 0.8940368870013025 | 0.5698514518628899
0.93 | 1.0699999999999998 | 0 | 70 | 0.4118588544426606 ± 0.009341373397021114 | 0.07295045423209304 ± 0.0027596740430322134 | 1.675008160635082 ± 0.13946955343122414 | 1.4242807703048 ± 1.0565908727768762 | 0.5075993292809464
0.93 | 1.0699999999999998 | 0 | 80 | 0.4110216787847298 ± 0.014287064831394684 | 0.07276241857826596 ± 0.006590963858583085 | 1.6794378851482936 ± 0.11060454904194005 | 1.3509057692418271 ± 0.7260503117592584 | 0.5044545736534465
0.93 | 1.0699999999999998 | 0 | 90 | 0.41109758567175747 ± 0.009611228012380147 | 0.07276760448174392 ± 0.00303322234354024 | 1.6739314742777711 ± 0.12330877264821537 | 1.3615473456489893 ± 0.9166753201743353 | 0.5027810908414806
0.93 | 1.0699999999999998 | 1 | 70 | 0.4118588487082025 ± 0.009341225574658937 | 0.07295045297884767 ± 0.002759606575180776 | 1.6750082148272727 ± 0.13946918453523854 | 1.424280309935039 ± 1.0565888910207266 | 0.507599317830979
0.93 | 1.0699999999999998 | 1 | 80 | 0.41102167720135285 ± 0.014287233686997426 | 0.07276241823505684 ± 0.006590955141318404 | 1.67943789319607 ± 0.11060474723093841 | 1.3509056329069404 ± 0.7260487736204553 | 0.5044545731355312
0.93 | 1.0699999999999998 | 1 | 90 | 0.4110975869564962 ± 0.00961115030738549 | 0.07276760479921962 ± 0.0030331784510989127 | 1.6739314714205207 ± 0.12330897864014183 | 1.3615474312932574 ± 0.9166786871111967 | 0.5027810937509751
0.93 | 1.0699999999999998 | 2 | 70 | 0.41966159311310824 ± 0.01615544140526901 | 0.0754313509665803 ± 0.007822084340529105 | 1.6467010683136662 ± 0.10557670701672454 | 1.6654840203413066 ± 0.6142992976031793 | 0.6110073855647223
0.93 | 1.0699999999999998 | 2 | 80 | 0.41966159311310824 ± 0.01615544140526901 | 0.0754313509665803 ± 0.007822084340529105 | 1.6467010683136662 ± 0.10557670701672454 | 1.6654840203413066 ± 0.6142992976031793 | 0.6110073855647223
0.93 | 1.0699999999999998 | 2 | 90 | 0.4149870616295442 ± 0.009150761318492904 | 0.07336421042737995 ± 0.00260215984860869 | 1.6193677612476998 ± 0.17336747520082835 | 1.7828396914006415 ± 1.2898103998712493 | 0.5062982567747459
0.94 | 1.06 | 0 | 70 | 0.41255180755851556 ± 0.008690696017575187 | 0.07311702033830737 ± 0.0024534721337855017 | 1.670122713666948 ± 0.13757953282830207 | 1.4704275461541552 ± 1.0394163061663535 | 0.51023799069777
0.94 | 1.06 | 0 | 80 | 0.41131565120942376 ± 0.011935475560477157 | 0.07284810026088004 ± 0.0054846456513601705 | 1.6770921814004085 ± 0.10847580494822114 | 1.3629759054794763 ± 0.7464837002431092 | 0.5059808777645296
0.94 | 1.06 | 0 | 90 | 0.41132059384188524 ± 0.00891447297314975 | 0.07283309712350891 ± 0.002288548708314596 | 1.672785462393567 ± 0.1422819132125923 | 1.374303399852621 ± 1.0925430633008655 | 0.5044815430945421
0.94 | 1.06 | 1 | 70 | 0.4125518049441278 ± 0.00869070246018808 | 0.07311701976259805 ± 0.002453476614546972 | 1.6701227425813587 ± 0.1375795884586151 | 1.4704273089539537 ± 1.0394164681400433 | 0.5102379803063565
0.94 | 1.06 | 1 | 80 | 0.4113156513535784 ± 0.011935529849516673 | 0.07284810028585605 ± 0.00548464251780921 | 1.6770921803973604 ± 0.10847597076469491 | 1.3629759064914162 ± 0.7464847029008806 | 0.505980878929218
0.94 | 1.06 | 1 | 90 | 0.4113205938821623 ± 0.008914535600174184 | 0.07283309719117242 ± 0.002288547485430649 | 1.6727854699215723 ± 0.14228259828321793 | 1.3743033736934778 ± 1.0925495282090927 | 0.5044815461438727
0.94 | 1.06 | 2 | 70 | 0.41965002377096805 ± 0.015604698001842946 | 0.07543614187208326 ± 0.006805588265913667 | 1.6468427822740377 ± 0.10414104761652503 | 1.6599837402419573 ± 0.6118861580041179 | 0.6120838077218003
0.94 | 1.06 | 2 | 80 | 0.4194263486654927 ± 0.016936022764724074 | 0.07543429007098243 ± 0.006826631391509776 | 1.6513565031322457 ± 0.19645052184496392 | 1.6605089595626397 ± 1.3951805472036578 | 0.6068881904735834
0.94 | 1.06 | 2 | 90 | 0.4129454399921746 ± 0.004939261800168267 | 0.07273107292525381 ± 0.0008469771414759547 | 1.618248980285064 ± 0.14948874664425557 | 1.7801563135969787 ± 1.2519141890590104 | 0.5780951944967346
0.94 | 1.06 | 2 | 100 | 0.4129454399921746 ± 0.004939261800168267 | 0.07273107292525381 ± 0.0008469771414759547 | 1.618248980285064 ± 0.14948874664425557 | 1.7801563135969787 ± 1.2519141890590104 | 0.5780951944967346
0.95 | 1.05 | 0 | 70 | 0.41260315614770876 ± 0.00792090919939451 | 0.07315374048109759 ± 0.002177171039924715 | 1.6716944276435035 ± 0.12453637122258963 | 1.4620563362977985 ± 0.9337008121654693 | 0.5123126769771196
0.95 | 1.05 | 0 | 80 | 0.41190716786929665 ± 0.008325288905761055 | 0.07300584789766641 ± 0.002388806968862428 | 1.6723128497364919 ± 0.11419084205786546 | 1.3962971111877653 ± 0.8441322784098201 | 0.5086439094761674
0.95 | 1.05 | 0 | 90 | 0.4112499383347893 ± 0.00589479438949935 | 0.07280994432480564 ± 0.0012296688635706349 | 1.67329118464014 ± 0.12328466206776556 | 1.381680785128043 ± 0.9471067299939188 | 0.5051153227741311
0.95 | 1.05 | 1 | 70 | 0.41260315261175523 ± 0.007920959908686943 | 0.07315373976107815 ± 0.0021771906295756163 | 1.6716944631680242 ± 0.12453703628889176 | 1.4620560396808497 ± 0.9337053032580597 | 0.5123126731595524
0.95 | 1.05 | 1 | 80 | 0.4119071681970652 ± 0.008325240752823922 | 0.0730058479676525 ± 0.0023887937416274194 | 1.672312849403592 ± 0.11419079644572895 | 1.3962971269821802 ± 0.8441319527985564 | 0.5086439103528225
0.95 | 1.05 | 1 | 90 | 0.4112499427124926 ± 0.005894801356028479 | 0.07280994558398615 ± 0.0012296768515489553 | 1.6732911525359229 ± 0.1232846471116404 | 1.3816809458706598 ± 0.9471065479639609 | 0.5051153473852111
0.95 | 1.05 | 2 | 70 | 0.4196191828029623 ± 0.014842700846861241 | 0.07543876355437135 ± 0.005716878999708727 | 1.647466883944292 ± 0.10253696480136691 | 1.6528591179050136 ± 0.6117780829827397 | 0.6126722198844093
0.95 | 1.05 | 2 | 80 | 0.4194492412076353 ± 0.016885734222008054 | 0.07543708146576637 ± 0.005672235263999265 | 1.6523037713088686 ± 0.14003071529481487 | 1.6534871696507552 ± 0.9189749226826995 | 0.6053026134585191
0.95 | 1.05 | 2 | 90 | 0.41499369303403627 ± 0.005370848894589445 | 0.07351312854621725 ± 0.0010946926640844484 | 1.6272236780797305 ± 0.15677604961106362 | 1.747790321516904 ± 1.2053913332453 | 0.5291395571424322
0.95 | 1.05 | 2 | 100 | 0.41499369303403627 ± 0.005370848894589445 | 0.07351312854621725 ± 0.0010946926640844484 | 1.6272236780797305 ± 0.15677604961106362 | 1.747790321516904 ± 1.2053913332453 | 0.5291395571424322
0.95 | 1.05 | 2 | 150 | 0.41577695233758083 ± 0.009422118907220747 | 0.07343953818994647 ± 0.004713376426794452 | 1.6123320229522924 ± 0.11739837643324716 | 1.9020573009711794 ± 0.810138167212303 | 0.5065791912588695
0.96 | 1.04 | 0 | 70 | 0.4126755478156942 ± 0.007546465733032343 | 0.07321787190516282 ± 0.0034071971141467136 | 1.6685585128325287 ± 0.1106064854508675 | 1.4342676564848242 ± 0.8145621223781344 | 0.5137930455544714
0.96 | 1.04 | 0 | 80 | 0.41383610732995574 ± 0.007155796314409509 | 0.07337773423623492 ± 0.00160976049775792 | 1.6523596477550722 ± 0.1356400220477402 | 1.569195135198839 ± 1.0203483720708892 | 0.5111949852016133
0.96 | 1.04 | 0 | 90 | 0.41383610732995574 ± 0.007155796314409509 | 0.07337773423623492 ± 0.00160976049775792 | 1.6523596477550722 ± 0.1356400220477402 | 1.569195135198839 ± 1.0203483720708892 | 0.5111949852016133
0.96 | 1.04 | 1 | 70 | 0.41230307592180304 ± 0.007174465071136753 | 0.07315716616646915 ± 0.0015324432070552077 | 1.6742764155699679 ± 0.12587260039023335 | 1.405867007366489 ± 0.9594977197411632 | 0.5146424821185716
0.96 | 1.04 | 1 | 80 | 0.4126755458927373 ± 0.007546472977992191 | 0.07321787156696291 ± 0.0034071981854016803 | 1.6685585355959467 ± 0.11060678036936337 | 1.4342674706394463 ± 0.8145648038655798 | 0.513793047830343
0.96 | 1.04 | 1 | 90 | 0.4138360940193954 ± 0.007155841081828844 | 0.07337773257854878 ± 0.0016097588768709467 | 1.65235981062304 ± 0.13564136046969993 | 1.5691935713558027 ± 1.0203590213529443 | 0.5111950192414282
0.96 | 1.04 | 2 | 70 | 0.42344510714819844 ± 0.008149479803524437 | 0.07445256201146047 ± 0.004072166477089356 | 1.4263557017960853 ± 0.12853979907963486 | 3.0897100144588747 ± 0.8544234661399062 | 0.7786788050376854
0.96 | 1.04 | 2 | 80 | 0.42243921939751417 ± 0.007144612138327157 | 0.07457321569669044 ± 0.0016413602473488234 | 1.4851820489926792 ± 0.23238303648428663 | 2.8805164645496073 ± 1.6725490063693693 | 0.7040783290850277
0.96 | 1.04 | 2 | 90 | 0.4200696097029033 ± 0.005526882264709226 | 0.07451471080494634 ± 0.0021419709695264244 | 1.5748355156984255 ± 0.09388859713797783 | 2.232802070893869 ± 0.5950120326690956 | 0.5802970761423963
0.96 | 1.04 | 2 | 100 | 0.41921114091363754 ± 0.005370922028972346 | 0.07444368723580448 ± 0.0021551342868666723 | 1.59660310056481 ± 0.0858796528688921 | 2.063434292064355 ± 0.5222725019601611 | 0.5719865849960718
0.96 | 1.04 | 2 | 150 | 0.41228204687811626 ± 0.021494815795498504 | 0.07303279853566419 ± 0.001033593731165669 | 1.6621628984163659 ± 0.44216342746627957 | 1.4548334916090915 ± 3.522872091235249 | 0.5075252910250799
0.97 | 1.03 | 0 | 70 | 0.4149175468672141 ± 0.006873304709276265 | 0.07372767793279672 ± 0.002433585664637472 | 1.6507708952194073 ± 0.11113904850345904 | 1.6008617432960126 ± 0.8063410521211192 | 0.5242552230248066
0.97 | 1.03 | 0 | 80 | 0.414030103165771 ± 0.006546541634399785 | 0.07356825026500073 ± 0.0010957279105842238 | 1.659051425219013 ± 0.13179966888273859 | 1.5196936192789894 ± 0.9980403845996416 | 0.5225531561569918
0.97 | 1.03 | 0 | 90 | 0.4139548092677472 ± 0.007209880172778729 | 0.07353701357378388 ± 0.002557629134956378 | 1.6622424410293446 ± 0.1056838061216707 | 1.516698681362357 ± 0.764243819605247 | 0.5211373949272317
0.97 | 1.03 | 0 | 100 | 0.41336384676231547 ± 0.006075119345771853 | 0.0734213605263956 ± 0.0010343530067292925 | 1.6679185917226622 ± 0.11819155248033623 | 1.471328527720835 ± 0.8909836276818422 | 0.5198736081644098
0.97 | 1.03 | 1 | 70 | 0.4149175451946056 ± 0.006873317361966006 | 0.07372767762322187 ± 0.002433581618073305 | 1.6507709102551538 ± 0.11113907988759494 | 1.6008615772943129 ± 0.8063410993112816 | 0.5242552174952659
0.97 | 1.03 | 1 | 80 | 0.41403010144923713 ± 0.0065465295925603165 | 0.07356824998381722 ± 0.0010957263020017344 | 1.6590514441865458 ± 0.13179938798663005 | 1.5196934692486972 ± 0.9980382530344252 | 0.5225531571753291
0.97 | 1.03 | 1 | 90 | 0.4139548155220654 ± 0.007209881865136938 | 0.07353701474360898 ± 0.0025576287319671667 | 1.662242362308219 ± 0.10568374385552777 | 1.5166992018866032 ± 0.7642430947169128 | 0.5211374055433552
0.97 | 1.03 | 1 | 100 | 0.4133638505624307 ± 0.006075115627656036 | 0.07342136125749882 ± 0.0010343555028572357 | 1.6679185596845414 ± 0.11819142082757507 | 1.4713288385686512 ± 0.8909824357693925 | 0.5198736131573147
0.97 | 1.03 | 2 | 70 | 0.42205822753484984 ± 0.00580061248709701 | 0.07469834537770387 ± 0.0011164029478642548 | 1.5116813149440549 ± 0.2214099784333747 | 2.7206932380058384 ± 1.6182007799260556 | 0.6889804115011386
0.97 | 1.03 | 2 | 80 | 0.4203372515470172 ± 0.024028006266772883 | 0.07482201890489701 ± 0.003624890640931272 | 1.58737899001024 ± 0.14451879825351954 | 2.1327920624933343 ± 0.7750736932340154 | 0.5833912762326992
0.97 | 1.03 | 2 | 90 | 0.4203372515470172 ± 0.024028006266772883 | 0.07482201890489701 ± 0.003624890640931272 | 1.58737899001024 ± 0.14451879825351954 | 2.1327920624933343 ± 0.7750736932340154 | 0.5833912762326992
0.97 | 1.03 | 2 | 100 | 0.4199808973852856 ± 0.0055571659711677966 | 0.07481661462553435 ± 0.003106297682891661 | 1.599246423053192 ± 0.0929283578448132 | 2.0463137661258517 ± 0.5938158108788892 | 0.5804275292089749
0.97 | 1.03 | 2 | 150 | 0.4156916450592454 ± 0.005765585031398175 | 0.07361261672909536 ± 0.0025002676714144384 | 1.623816324680355 ± 0.12047627987437816 | 1.799256904594126 ± 0.8772222635940976 | 0.5136137530507361
0.98 | 1.02 | 0 | 70 | 0.4161876524208062 ± 0.009134283336923446 | 0.07406959846584817 ± 0.0005840722866265954 | 1.6385438672674155 ± 0.21696913445459154 | 1.689181438724368 ± 1.6652025509562063 | 0.5399116766067215
0.98 | 1.02 | 0 | 80 | 0.4163114785857684 ± 0.00539807034603496 | 0.07408255882892922 ± 0.001513897183496711 | 1.637848915496982 ± 0.11855781322493956 | 1.6914486182450652 ± 0.8712406752078203 | 0.5378384689439779
0.98 | 1.02 | 0 | 90 | 0.41565713007318994 ± 0.0053090824332575545 | 0.07397778367153054 ± 0.0015627540249065555 | 1.650659328811366 ± 0.1193460843539148 | 1.629518084065051 ± 0.8866077820084228 | 0.5346263533343765
0.98 | 1.02 | 0 | 100 | 0.4153981677632266 ± 0.005120274150315789 | 0.07393478474218916 ± 0.0018922231249563284 | 1.6529277915854643 ± 0.10835678879739648 | 1.5950976685941864 ± 0.7957866130133329 | 0.5338739004894809
0.98 | 1.02 | 0 | 150 | 0.41620096957759833 ± 0.004460754224407464 | 0.0737940268755774 ± 0.001951360614699242 | 1.6232848710022862 ± 0.11767395124350183 | 1.8101576756408522 ± 0.8603590088194292 | 0.5217982025994623
0.98 | 1.02 | 0 | 200 | 0.41627524651599357 ± 0.004168639399201346 | 0.07379400940050693 ± 0.0021895648437873644 | 1.6223294664590084 ± 0.11131807468244016 | 1.8229158913739185 ± 0.8074531010530512 | 0.5216593224513859
0.98 | 1.02 | 0 | 250 | 0.41627524651599357 ± 0.004168639399201346 | 0.07379400940050693 ± 0.0021895648437873644 | 1.6223294664590084 ± 0.11131807468244016 | 1.8229158913739185 ± 0.8074531010530512 | 0.5216593224513859
0.98 | 1.02 | 1 | 70 | 0.4161876524208062 ± 0.009134283336923446 | 0.07406959846584817 ± 0.0005840722866265954 | 1.6385438672674155 ± 0.21696913445459154 | 1.689181438724368 ± 1.6652025509562063 | 0.5399116766067215
0.98 | 1.02 | 1 | 80 | 0.4163114785857684 ± 0.00539807034603496 | 0.07408255882892922 ± 0.001513897183496711 | 1.637848915496982 ± 0.11855781322493956 | 1.6914486182450652 ± 0.8712406752078203 | 0.5378384689439779
0.98 | 1.02 | 1 | 90 | 0.41565713007318994 ± 0.0053090824332575545 | 0.07397778367153054 ± 0.0015627540249065555 | 1.650659328811366 ± 0.1193460843539148 | 1.629518084065051 ± 0.8866077820084228 | 0.5346263533343765
0.98 | 1.02 | 1 | 100 | 0.4153981677632266 ± 0.005120274150315789 | 0.07393478474218916 ± 0.0018922231249563284 | 1.6529277915854643 ± 0.10835678879739648 | 1.5950976685941864 ± 0.7957866130133329 | 0.5338739004894809
0.98 | 1.02 | 1 | 150 | 0.4160311634538889 ± 0.004191105373800614 | 0.07379576794607064 ± 0.002326005332041435 | 1.6274233904296103 ± 0.10898585522351578 | 1.77050789328054 ± 0.7911075874840341 | 0.5223120632743926
0.98 | 1.02 | 1 | 200 | 0.41629195851341555 ± 0.00417935191968001 | 0.07379400001150828 ± 0.002162567165734125 | 1.6218841333836242 ± 0.1117496369817762 | 1.8264363140868207 ± 0.8107855019226125 | 0.5216570315910715
0.98 | 1.02 | 1 | 250 | 0.41629195851341555 ± 0.00417935191968001 | 0.07379400001150828 ± 0.002162567165734125 | 1.6218841333836242 ± 0.1117496369817762 | 1.8264363140868207 ± 0.8107855019226125 | 0.5216570315910715
0.98 | 1.02 | 2 | 70 | 0.41963438316489665 ± 0.004233315278292176 | 0.07567529629360861 ± 0.002445391565531266 | 1.6570982302311532 ± 0.1318850968988523 | 1.5917116680114323 ± 0.908300193693311 | 0.6295415932589502
0.98 | 1.02 | 2 | 80 | 0.41963438316489665 ± 0.004233315278292176 | 0.07567529629360861 ± 0.002445391565531266 | 1.6570982302311532 ± 0.1318850968988523 | 1.5917116680114323 ± 0.908300193693311 | 0.6295415932589502
0.98 | 1.02 | 2 | 90 | 0.4194805878105689 ± 0.005140211818481901 | 0.07571145915599535 ± 0.0024619420220679256 | 1.6650854818646614 ± 0.11139938147290833 | 1.5356775611833915 ± 0.7495314930564787 | 0.6284030717507536
0.98 | 1.02 | 2 | 100 | 0.4195579571167264 ± 0.005921291543541251 | 0.07535963400035736 ± 0.0022887602181414987 | 1.6536538967350018 ± 0.12490099360123735 | 1.7431964374787479 ± 0.8753271135850978 | 0.6072623458200828
0.98 | 1.02 | 2 | 150 | 0.417621199087106 ± 0.0073837553932324515 | 0.07429286278391418 ± 0.0019811371671426964 | 1.6220621772192285 ± 0.11057219307144905 | 1.8411601489577758 ± 0.7755450869099634 | 0.5453453515353908
0.98 | 1.02 | 2 | 200 | 0.41642699546612566 ± 0.006020388605507734 | 0.0739020063002349 ± 0.00041215291104847174 | 1.6213479632639949 ± 0.1533187800851659 | 1.806228950300354 ± 1.1465926675325735 | 0.5291362061417039
0.98 | 1.02 | 2 | 250 | 0.41631943912007763 ± 0.004551354884221666 | 0.07381257973908646 ± 0.0018161268675328385 | 1.6201397903468318 ± 0.11945683091210223 | 1.8215725780646548 ± 0.8733598423421228 | 0.5230216514200244
0.99 | 1.01 | 0 | 70 | 0.41862521236324474 ± 0.00971201674350983 | 0.07463147673382352 ± 0.00026967399402639397 | 1.6156583269591192 ± 0.2589462821630386 | 1.8999666114426101 ± 1.9638445004142757 | 0.5679536379873332
0.99 | 1.01 | 0 | 80 | 0.41867466674511905 ± 0.004430233082933731 | 0.07462953993969004 ± 0.0010536723902451611 | 1.616383637036025 ± 0.11443318738528571 | 1.884798009120803 ± 0.825212857356583 | 0.5628614780935609
0.99 | 1.01 | 0 | 90 | 0.4181261775954536 ± 0.004864515272906164 | 0.07457110001392088 ± 0.0009340027657059116 | 1.6286401758524582 ± 0.1278611315878362 | 1.8186902948912358 ± 0.9414433192966648 | 0.5590572792085821
0.99 | 1.01 | 0 | 100 | 0.4179398856579942 ± 0.004147067041465094 | 0.07455713136168231 ± 0.0013943932329844588 | 1.6336061266956314 ± 0.10782000780417851 | 1.7803386761151594 ± 0.7798142301277652 | 0.5580152023136392
0.99 | 1.01 | 0 | 150 | 0.41805425201627416 ± 0.004137712254788934 | 0.074547056931548 ± 0.0013258436728078235 | 1.6295336554733115 ± 0.11042973465176341 | 1.8078975928950543 ± 0.7998352285865483 | 0.5573900258417542
0.99 | 1.01 | 0 | 200 | 0.418054741248038 ± 0.004180676910484639 | 0.07454700040541228 ± 0.0012824018563267203 | 1.6293459199369336 ± 0.11148433204757346 | 1.8083422858336526 ± 0.8084742424424444 | 0.5573832168154347
0.99 | 1.01 | 0 | 250 | 0.418054741248038 ± 0.004180676910484639 | 0.07454700040541228 ± 0.0012824018563267203 | 1.6293459199369336 ± 0.11148433204757346 | 1.8083422858336526 ± 0.8084742424424444 | 0.5573832168154347
0.99 | 1.01 | 1 | 70 | 0.41862521236324474 ± 0.00971201674350983 | 0.07463147673382352 ± 0.00026967399402639397 | 1.6156583269591192 ± 0.2589462821630386 | 1.8999666114426101 ± 1.9638445004142757 | 0.5679536379873332
0.99 | 1.01 | 1 | 80 | 0.41867466674511905 ± 0.004430233082933731 | 0.07462953993969004 ± 0.0010536723902451611 | 1.616383637036025 ± 0.11443318738528571 | 1.884798009120803 ± 0.825212857356583 | 0.5628614780935609
0.99 | 1.01 | 1 | 90 | 0.4181261775954536 ± 0.0048646681374999836 | 0.07457110001392088 ± 0.0009346394120324369 | 1.6286401758524582 ± 0.1278612469191842 | 1.8186902948912358 ± 0.9414434255394553 | 0.5590572792085821
0.99 | 1.01 | 1 | 100 | 0.417939864988878 ± 0.0041482340262251035 | 0.07455713026268998 ± 0.0013987882554602968 | 1.633606571453403 ± 0.10782118536131086 | 1.7803353935397888 ± 0.7798182663947072 | 0.5580151655124135
0.99 | 1.01 | 1 | 150 | 0.4178375788043687 ± 0.004282500706161604 | 0.07454704390034671 ± 0.001248978579001886 | 1.6353181849731604 ± 0.11191311332859609 | 1.768124267007841 ± 0.8149417982641388 | 0.5575992271502145
0.99 | 1.01 | 1 | 200 | 0.41805481185798843 ± 0.004192157486215953 | 0.07454700044287582 ± 0.0012823987794937652 | 1.6293445216947349 ± 0.11177087300214478 | 1.8083556655246054 ± 0.8106938115425868 | 0.5573832155309841
0.99 | 1.01 | 1 | 250 | 0.41805481185798843 ± 0.004192157486215953 | 0.07454700044287582 ± 0.0012823987794937652 | 1.6293445216947349 ± 0.11177087300214478 | 1.8083556655246054 ± 0.8106938115425868 | 0.5573832155309841
0.99 | 1.01 | 2 | 70 | 0.422410600073161 ± 0.004161508322243957 | 0.07570821013305663 ± 0.0008077591317184538 | 1.5886489221519169 ± 0.11645841767217417 | 2.106319011435705 ± 0.7313567438610681 | 0.6338170844209612
0.99 | 1.01 | 2 | 80 | 0.42196926085409747 ± 0.005144862190784468 | 0.07578487272344722 ± 0.001325869283017464 | 1.6118981458623802 ± 0.10221459273202804 | 1.956949708185871 ± 0.7111960340623569 | 0.6275297398504754
0.99 | 1.01 | 2 | 90 | 0.42179000435353187 ± 0.004742312237210845 | 0.07574749280565496 ± 0.0008160650350251056 | 1.6179557507750184 ± 0.10661798393000779 | 1.9665569738738442 ± 0.6729004096924166 | 0.6225874164328467
0.99 | 1.01 | 2 | 100 | 0.42039777114573224 ± 0.00545183074353601 | 0.07567324931580616 ± 0.0009062214754295347 | 1.6495728966096581 ± 0.09811927302926168 | 1.7215242577323595 ± 0.6416802469521758 | 0.6153711432495244
0.99 | 1.01 | 2 | 150 | 0.4180536656963461 ± 0.005132697634505504 | 0.07476795315699358 ± 0.0008595011801256769 | 1.647045043385316 ± 0.11570383285033947 | 1.7129962642997854 ± 0.8473730822922084 | 0.5701192879641093
0.99 | 1.01 | 2 | 200 | 0.41812382997760916 ± 0.005119246407099054 | 0.07457349224003994 ± 0.0009026650091812777 | 1.6273536899695769 ± 0.13393221209816294 | 1.815491575927856 ± 0.9901848691510106 | 0.5594955679112172
0.99 | 1.01 | 2 | 250 | 0.4180714120503745 ± 0.004314654929860247 | 0.07454719042688922 ± 0.0011778737398535355 | 1.6286232496593414 ± 0.11493378205691925 | 1.813045431902986 ± 0.8364971420555163 | 0.557422080752921
1 | 1 | 0 | 70 | 0.4198391047597284 ± 0.004182072834556724 | 0.0753 ± 0.0007530000000000001 | 1.636489908524874 ± 0.11135593759997237 | 1.7930125398707528 ± 0.807122545029987 | 0.5897709539995158
1 | 1 | 0 | 80 | 0.4198391047597284 ± 0.004182072834556724 | 0.0753 ± 0.0007530000000000001 | 1.636489908524874 ± 0.11135593759997237 | 1.7930125398707528 ± 0.807122545029987 | 0.5897709539995158
1 | 1 | 0 | 90 | 0.4198391047597284 ± 0.004182072834556724 | 0.0753 ± 0.0007530000000000001 | 1.636489908524874 ± 0.11135593759997237 | 1.7930125398707528 ± 0.807122545029987 | 0.5897709539995158
1 | 1 | 0 | 100 | 0.4198391047597284 ± 0.004182072834556724 | 0.0753 ± 0.0007530000000000001 | 1.636489908524874 ± 0.11135593759997237 | 1.7930125398707528 ± 0.807122545029987 | 0.5897709539995158
1 | 1 | 0 | 150 | 0.4198391047597284 ± 0.004182072834556724 | 0.0753 ± 0.0007530000000000001 | 1.636489908524874 ± 0.11135593759997237 | 1.7930125398707528 ± 0.807122545029987 | 0.5897709539995158
1 | 1 | 0 | 200 | 0.4198391047597284 ± 0.004182072834556724 | 0.0753 ± 0.0007530000000000001 | 1.636489908524874 ± 0.11135593759997237 | 1.7930125398707528 ± 0.807122545029987 | 0.5897709539995158
1 | 1 | 0 | 250 | 0.4198391047597284 ± 0.004182072834556724 | 0.0753 ± 0.0007530000000000001 | 1.636489908524874 ± 0.11135593759997237 | 1.7930125398707528 ± 0.807122545029987 | 0.5897709539995158
1 | 1 | 1 | 70 | 0.4198391047597284 ± 0.004182072834556724 | 0.0753 ± 0.0007530000000000001 | 1.636489908524874 ± 0.11135593759997237 | 1.7930125398707528 ± 0.807122545029987 | 0.5897709539995158
1 | 1 | 1 | 80 | 0.4198391047597284 ± 0.004194086419100376 | 0.0753 ± 0.0007530000000000001 | 1.636489908524874 ± 0.1116544378534927 | 1.7930125398707528 ± 0.809434784081611 | 0.5897709539995158
1 | 1 | 1 | 90 | 0.4198391047597284 ± 0.004194086419100376 | 0.0753 ± 0.0007530000000000001 | 1.636489908524874 ± 0.1116544378534927 | 1.7930125398707528 ± 0.809434784081611 | 0.5897709539995158
1 | 1 | 1 | 100 | 0.4198391047597284 ± 0.004194086419100376 | 0.0753 ± 0.0007530000000000001 | 1.636489908524874 ± 0.1116544378534927 | 1.7930125398707528 ± 0.809434784081611 | 0.5897709539995158
1 | 1 | 1 | 150 | 0.4198391047597284 ± 0.004194086419100376 | 0.0753 ± 0.0007530000000000001 | 1.636489908524874 ± 0.1116544378534927 | 1.7930125398707528 ± 0.809434784081611 | 0.5897709539995158
1 | 1 | 1 | 200 | 0.4198391047597284 ± 0.004194086419100376 | 0.0753 ± 0.0007530000000000001 | 1.636489908524874 ± 0.1116544378534927 | 1.7930125398707528 ± 0.809434784081611 | 0.5897709539995158
1 | 1 | 1 | 250 | 0.4198391047597284 ± 0.004194086419100376 | 0.0753 ± 0.0007530000000000001 | 1.636489908524874 ± 0.1116544378534927 | 1.7930125398707528 ± 0.809434784081611 | 0.5897709539995158
1 | 1 | 2 | 70 | 0.41861702062177775 ± 0.006983728911654962 | 0.0753 ± 0.0007530000000000001 | 1.6428981372436327 ± 0.15383876135121294 | 1.5744680466852314 ± 1.23914673573713 | 0.6467557651840427
1 | 1 | 2 | 80 | 0.4180708356177996 ± 0.011676575572507144 | 0.0753 ± 0.0007530000000000001 | 1.6773799799933997 ± 0.25243297119676517 | 1.4898708418985265 ± 1.9832017428535074 | 0.6026540454296048
1 | 1 | 2 | 90 | 0.41846203688895717 ± 0.0043864046646944176 | 0.0753 ± 0.0007530000000000001 | 1.6676171380802571 ± 0.1025191068017642 | 1.532682424667871 ± 0.75181841690055 | 0.597721262595505
1 | 1 | 2 | 100 | 0.4194562530890492 ± 0.0036571685849062646 | 0.0753 ± 0.0007530000000000001 | 1.6470630205439951 ± 0.09526557848574205 | 1.7089356329034606 ± 0.6778588455594747 | 0.591532826938187
1 | 1 | 2 | 150 | 0.41982772286099995 ± 0.004197001420336594 | 0.0753 ± 0.0007530000000000001 | 1.636772298921681 ± 0.11161225354935819 | 1.7907570376120774 ± 0.8092324498914356 | 0.5897711779470324
1 | 1 | 2 | 200 | 0.41982772286099995 ± 0.004197001420336594 | 0.0753 ± 0.0007530000000000001 | 1.636772298921681 ± 0.11161225354935819 | 1.7907570376120774 ± 0.8092324498914356 | 0.5897711779470324
1 | 1 | 2 | 250 | 0.41982772286099995 ± 0.004197001420336594 | 0.0753 ± 0.0007530000000000001 | 1.636772298921681 ± 0.11161225354935819 | 1.7907570376120774 ± 0.8092324498914356 | 0.5897711779470324
