Otimização para log em ATLAS - Limites: eps_1_mg_0_a1_1_a2_0
Configuração: down | up | strategy | migrad | mg ± error | eps ± error | a1 ± error | a2 ± error | χ²/ndof
========================================================================================================================
0.92 | 1.08 | 0 | 400 | 0.3516653303807959 ± 0.0005088333675264095 | 0.06927600073864984 ± 0.0015572218955915776 | 1.4828398417250739 ± 0.03732472955575039 | 4.056486061999911 ± 0.23943614925782009 | 0.5034960929900303
0.92 | 1.08 | 0 | 500 | 0.3516653303807959 ± 0.0005088333675264095 | 0.06927600073864984 ± 0.0015572218955915776 | 1.4828398417250739 ± 0.03732472955575039 | 4.056486061999911 ± 0.23943614925782009 | 0.5034960929900303
0.92 | 1.08 | 0 | 600 | 0.3516653303807959 ± 0.0005088333675264095 | 0.06927600073864984 ± 0.0015572218955915776 | 1.4828398417250739 ± 0.03732472955575039 | 4.056486061999911 ± 0.23943614925782009 | 0.5034960929900303
0.92 | 1.08 | 0 | 700 | 0.3516653303807959 ± 0.0005088333675264095 | 0.06927600073864984 ± 0.0015572218955915776 | 1.4828398417250739 ± 0.03732472955575039 | 4.056486061999911 ± 0.23943614925782009 | 0.5034960929900303
0.92 | 1.08 | 0 | 800 | 0.3516653303807959 ± 0.0005088333675264095 | 0.06927600073864984 ± 0.0015572218955915776 | 1.4828398417250739 ± 0.03732472955575039 | 4.056486061999911 ± 0.23943614925782009 | 0.5034960929900303
0.92 | 1.08 | 1 | 400 | 0.35166530350504616 ± 0.0005088037274802122 | 0.06927600078947399 ± 0.0015547290412386214 | 1.4828398351395573 ± 0.03731879907490743 | 4.056485556593879 ± 0.23944642651996134 | 0.5034961312465002
0.92 | 1.08 | 1 | 500 | 0.35166530350504616 ± 0.0005088037274802122 | 0.06927600078947399 ± 0.0015547290412386214 | 1.4828398351395573 ± 0.03731879907490743 | 4.056485556593879 ± 0.23944642651996134 | 0.5034961312465002
0.92 | 1.08 | 1 | 600 | 0.35166530350504616 ± 0.0005088037274802122 | 0.06927600078947399 ± 0.0015547290412386214 | 1.4828398351395573 ± 0.03731879907490743 | 4.056485556593879 ± 0.23944642651996134 | 0.5034961312465002
0.92 | 1.08 | 1 | 700 | 0.35166530350504616 ± 0.0005088037274802122 | 0.06927600078947399 ± 0.0015547290412386214 | 1.4828398351395573 ± 0.03731879907490743 | 4.056485556593879 ± 0.23944642651996134 | 0.5034961312465002
0.92 | 1.08 | 1 | 800 | 0.35166530350504616 ± 0.0005088037274802122 | 0.06927600078947399 ± 0.0015547290412386214 | 1.4828398351395573 ± 0.03731879907490743 | 4.056485556593879 ± 0.23944642651996134 | 0.5034961312465002
0.92 | 1.08 | 2 | 300 | 0.35166516719013874 ± 0.0005087566270267511 | 0.06927600011913292 ± 0.001544761718603481 | 1.4828399998329242 ± 0.03729307304223095 | 4.056477606767618 ± 0.2394378542301231 | 0.5034959316578655
0.92 | 1.08 | 2 | 400 | 0.35166516719013874 ± 0.0005087715166580127 | 0.06927600011913292 ± 0.0015449111813251731 | 1.4828399998329242 ± 0.03729306331786675 | 4.056477606767618 ± 0.23944813699091125 | 0.5034959316578655
0.92 | 1.08 | 2 | 500 | 0.35166516719013874 ± 0.0005087715166580127 | 0.06927600011913292 ± 0.0015449111813251731 | 1.4828399998329242 ± 0.03729306331786675 | 4.056477606767618 ± 0.23944813699091125 | 0.5034959316578655
0.92 | 1.08 | 2 | 600 | 0.35166516719013874 ± 0.0005087715166580127 | 0.06927600011913292 ± 0.0015449111813251731 | 1.4828399998329242 ± 0.03729306331786675 | 4.056477606767618 ± 0.23944813699091125 | 0.5034959316578655
0.92 | 1.08 | 2 | 700 | 0.35166516719013874 ± 0.0005087715166580127 | 0.06927600011913292 ± 0.0015449111813251731 | 1.4828399998329242 ± 0.03729306331786675 | 4.056477606767618 ± 0.23944813699091125 | 0.5034959316578655
0.92 | 1.08 | 2 | 800 | 0.35166516719013874 ± 0.0005087715166580127 | 0.06927600011913292 ± 0.0015449111813251731 | 1.4828399998329242 ± 0.03729306331786675 | 4.056477606767618 ± 0.23944813699091125 | 0.5034959316578655
0.93 | 1.0699999999999998 | 0 | 400 | 0.3534048254810681 ± 0.0004957613590013135 | 0.07002900055315733 ± 0.0014657860342729007 | 1.469109983471476 ± 0.033889800100260214 | 4.16408986698094 ± 0.23865989086187644 | 0.5631672043051404
0.93 | 1.0699999999999998 | 0 | 500 | 0.3534048254810681 ± 0.0004957613590013135 | 0.07002900055315733 ± 0.0014657860342729007 | 1.469109983471476 ± 0.033889800100260214 | 4.16408986698094 ± 0.23865989086187644 | 0.5631672043051404
0.93 | 1.0699999999999998 | 0 | 600 | 0.3534048254810681 ± 0.0004957613590013135 | 0.07002900055315733 ± 0.0014657860342729007 | 1.469109983471476 ± 0.033889800100260214 | 4.16408986698094 ± 0.23865989086187644 | 0.5631672043051404
0.93 | 1.0699999999999998 | 0 | 700 | 0.3534048254810681 ± 0.0004957613590013135 | 0.07002900055315733 ± 0.0014657860342729007 | 1.469109983471476 ± 0.033889800100260214 | 4.16408986698094 ± 0.23865989086187644 | 0.5631672043051404
0.93 | 1.0699999999999998 | 0 | 800 | 0.3534048254810681 ± 0.0004957613590013135 | 0.07002900055315733 ± 0.0014657860342729007 | 1.469109983471476 ± 0.033889800100260214 | 4.16408986698094 ± 0.23865989086187644 | 0.5631672043051404
0.93 | 1.0699999999999998 | 1 | 400 | 0.3534047234637502 ± 0.0004957265998454052 | 0.07002900018214808 ± 0.0014499541612990469 | 1.469109976070954 ± 0.03387527701607662 | 4.164170849404992 ± 0.23867844705484736 | 0.5631672582957274
0.93 | 1.0699999999999998 | 1 | 500 | 0.3534047234637502 ± 0.0004957265998454052 | 0.07002900018214808 ± 0.0014499541612990469 | 1.469109976070954 ± 0.03387527701607662 | 4.164170849404992 ± 0.23867844705484736 | 0.5631672582957274
0.93 | 1.0699999999999998 | 1 | 600 | 0.3534047234637502 ± 0.0004957265998454052 | 0.07002900018214808 ± 0.0014499541612990469 | 1.469109976070954 ± 0.03387527701607662 | 4.164170849404992 ± 0.23867844705484736 | 0.5631672582957274
0.93 | 1.0699999999999998 | 1 | 700 | 0.3534047234637502 ± 0.0004957265998454052 | 0.07002900018214808 ± 0.0014499541612990469 | 1.469109976070954 ± 0.03387527701607662 | 4.164170849404992 ± 0.23867844705484736 | 0.5631672582957274
0.93 | 1.0699999999999998 | 1 | 800 | 0.3534047234637502 ± 0.0004957265998454052 | 0.07002900018214808 ± 0.0014499541612990469 | 1.469109976070954 ± 0.03387527701607662 | 4.164170849404992 ± 0.23867844705484736 | 0.5631672582957274
0.93 | 1.0699999999999998 | 2 | 400 | 0.35340462216914476 ± 0.0004957330328277357 | 0.07002900009428163 ± 0.0014584867226970916 | 1.469109996980489 ± 0.03385514217130725 | 4.1640198200209335 ± 0.23867232572290692 | 0.563167192106618
0.93 | 1.0699999999999998 | 2 | 500 | 0.35340462216914476 ± 0.0004957330328277357 | 0.07002900009428163 ± 0.0014584867226970916 | 1.469109996980489 ± 0.03385514217130725 | 4.1640198200209335 ± 0.23867232572290692 | 0.563167192106618
0.93 | 1.0699999999999998 | 2 | 600 | 0.35340462216914476 ± 0.0004957330328277357 | 0.07002900009428163 ± 0.0014584867226970916 | 1.469109996980489 ± 0.03385514217130725 | 4.1640198200209335 ± 0.23867232572290692 | 0.563167192106618
0.93 | 1.0699999999999998 | 2 | 700 | 0.35340462216914476 ± 0.0004957330328277357 | 0.07002900009428163 ± 0.0014584867226970916 | 1.469109996980489 ± 0.03385514217130725 | 4.1640198200209335 ± 0.23867232572290692 | 0.563167192106618
0.93 | 1.0699999999999998 | 2 | 800 | 0.35340462216914476 ± 0.0004957330328277357 | 0.07002900009428163 ± 0.0014584867226970916 | 1.469109996980489 ± 0.03385514217130725 | 4.1640198200209335 ± 0.23867232572290692 | 0.563167192106618
0.94 | 1.06 | 0 | 400 | 0.3551454330278882 ± 0.00048392501418758753 | 0.070782001171103 ± 0.0013499470644884048 | 1.4553799962128218 ± 0.030840787675197157 | 4.270751751985816 ± 0.23795796875614272 | 0.6284894390732745
0.94 | 1.06 | 0 | 500 | 0.3551454330278882 ± 0.00048392501418758753 | 0.070782001171103 ± 0.0013499470644884048 | 1.4553799962128218 ± 0.030840787675197157 | 4.270751751985816 ± 0.23795796875614272 | 0.6284894390732745
0.94 | 1.06 | 0 | 600 | 0.3551454330278882 ± 0.00048392501418758753 | 0.070782001171103 ± 0.0013499470644884048 | 1.4553799962128218 ± 0.030840787675197157 | 4.270751751985816 ± 0.23795796875614272 | 0.6284894390732745
0.94 | 1.06 | 0 | 700 | 0.3551454330278882 ± 0.00048392501418758753 | 0.070782001171103 ± 0.0013499470644884048 | 1.4553799962128218 ± 0.030840787675197157 | 4.270751751985816 ± 0.23795796875614272 | 0.6284894390732745
0.94 | 1.06 | 0 | 800 | 0.3551454330278882 ± 0.00048392501418758753 | 0.070782001171103 ± 0.0013499470644884048 | 1.4553799962128218 ± 0.030840787675197157 | 4.270751751985816 ± 0.23795796875614272 | 0.6284894390732745
0.94 | 1.06 | 1 | 400 | 0.3551454686032753 ± 0.0004838926367261547 | 0.07078200123157352 ± 0.0013512457689723728 | 1.4553799982492621 ± 0.030845697191463017 | 4.2707574036761775 ± 0.23796674629570463 | 0.6284894365711383
0.94 | 1.06 | 1 | 500 | 0.3551454686032753 ± 0.0004838926367261547 | 0.07078200123157352 ± 0.0013512457689723728 | 1.4553799982492621 ± 0.030845697191463017 | 4.2707574036761775 ± 0.23796674629570463 | 0.6284894365711383
0.94 | 1.06 | 1 | 600 | 0.3551454686032753 ± 0.0004838926367261547 | 0.07078200123157352 ± 0.0013512457689723728 | 1.4553799982492621 ± 0.030845697191463017 | 4.2707574036761775 ± 0.23796674629570463 | 0.6284894365711383
0.94 | 1.06 | 1 | 700 | 0.3551454686032753 ± 0.0004838926367261547 | 0.07078200123157352 ± 0.0013512457689723728 | 1.4553799982492621 ± 0.030845697191463017 | 4.2707574036761775 ± 0.23796674629570463 | 0.6284894365711383
0.94 | 1.06 | 1 | 800 | 0.3551454686032753 ± 0.0004838926367261547 | 0.07078200123157352 ± 0.0013512457689723728 | 1.4553799982492621 ± 0.030845697191463017 | 4.2707574036761775 ± 0.23796674629570463 | 0.6284894365711383
0.94 | 1.06 | 2 | 500 | 0.35514526585547745 ± 0.00048390226171123203 | 0.0707820019265502 ± 0.001315071085548243 | 1.4553799336910342 ± 0.030826476181757045 | 4.271053266100677 ± 0.23799083582757544 | 0.6284899276660865
0.94 | 1.06 | 2 | 600 | 0.35514526585547745 ± 0.00048390226171123203 | 0.0707820019265502 ± 0.001315071085548243 | 1.4553799336910342 ± 0.030826476181757045 | 4.271053266100677 ± 0.23799083582757544 | 0.6284899276660865
0.94 | 1.06 | 2 | 700 | 0.35514526585547745 ± 0.00048390226171123203 | 0.0707820019265502 ± 0.001315071085548243 | 1.4553799336910342 ± 0.030826476181757045 | 4.271053266100677 ± 0.23799083582757544 | 0.6284899276660865
0.94 | 1.06 | 2 | 800 | 0.35514526585547745 ± 0.00048390226171123203 | 0.0707820019265502 ± 0.001315071085548243 | 1.4553799336910342 ± 0.030826476181757045 | 4.271053266100677 ± 0.23799083582757544 | 0.6284899276660865
0.95 | 1.05 | 0 | 300 | 0.35688711220775465 ± 0.00047311328210694083 | 0.07153500063521044 ± 0.0011735405742845303 | 1.4416499317070108 ± 0.02804112700159922 | 4.376855395345554 ± 0.23735444361350222 | 0.6994381278080163
0.95 | 1.05 | 0 | 400 | 0.35688834654083684 ± 0.0004730948003999194 | 0.07153500055973132 ± 0.0012426522527558964 | 1.4416499962154135 ± 0.02817708602513913 | 4.376692763498147 ± 0.23730824046569113 | 0.6994366370499039
0.95 | 1.05 | 0 | 500 | 0.35688834654083684 ± 0.0004730948003999194 | 0.07153500055973132 ± 0.0012426522527558964 | 1.4416499962154135 ± 0.02817708602513913 | 4.376692763498147 ± 0.23730824046569113 | 0.6994366370499039
0.95 | 1.05 | 0 | 600 | 0.35688834654083684 ± 0.0004730948003999194 | 0.07153500055973132 ± 0.0012426522527558964 | 1.4416499962154135 ± 0.02817708602513913 | 4.376692763498147 ± 0.23730824046569113 | 0.6994366370499039
0.95 | 1.05 | 0 | 700 | 0.35688834654083684 ± 0.0004730948003999194 | 0.07153500055973132 ± 0.0012426522527558964 | 1.4416499962154135 ± 0.02817708602513913 | 4.376692763498147 ± 0.23730824046569113 | 0.6994366370499039
0.95 | 1.05 | 0 | 800 | 0.35688834654083684 ± 0.0004730948003999194 | 0.07153500055973132 ± 0.0012426522527558964 | 1.4416499962154135 ± 0.02817708602513913 | 4.376692763498147 ± 0.23730824046569113 | 0.6994366370499039
0.95 | 1.05 | 1 | 300 | 0.35688945298560976 ± 0.0004767605331318723 | 0.07153515354947772 ± 0.0012317391844813008 | 1.4416487819008692 ± 0.028289128850431 | 4.377499085821563 ± 0.23733471638901418 | 0.6994485493370346
0.95 | 1.05 | 1 | 400 | 0.35688835155772614 ± 0.00047307234176112743 | 0.07153500056342108 ± 0.0012427615714073192 | 1.4416499959707352 ± 0.02817755406270883 | 4.37669172002951 ± 0.23731718795828277 | 0.6994366378143136
0.95 | 1.05 | 1 | 500 | 0.35688835155772614 ± 0.00047307234176112743 | 0.07153500056342108 ± 0.0012427615714073192 | 1.4416499959707352 ± 0.02817755406270883 | 4.37669172002951 ± 0.23731718795828277 | 0.6994366378143136
0.95 | 1.05 | 1 | 600 | 0.35688835155772614 ± 0.00047307234176112743 | 0.07153500056342108 ± 0.0012427615714073192 | 1.4416499959707352 ± 0.02817755406270883 | 4.37669172002951 ± 0.23731718795828277 | 0.6994366378143136
0.95 | 1.05 | 1 | 700 | 0.35688835155772614 ± 0.00047307234176112743 | 0.07153500056342108 ± 0.0012427615714073192 | 1.4416499959707352 ± 0.02817755406270883 | 4.37669172002951 ± 0.23731718795828277 | 0.6994366378143136
0.95 | 1.05 | 1 | 800 | 0.35688835155772614 ± 0.00047307234176112743 | 0.07153500056342108 ± 0.0012427615714073192 | 1.4416499959707352 ± 0.02817755406270883 | 4.37669172002951 ± 0.23731718795828277 | 0.6994366378143136
0.95 | 1.05 | 2 | 400 | 0.3568874218165597 ± 0.0004732747127978065 | 0.07153500452950565 ± 0.0012211250132913298 | 1.441649955199784 ± 0.028059829410653214 | 4.376326140620498 ± 0.2373197139642749 | 0.6994373561664483
0.95 | 1.05 | 2 | 500 | 0.3568874218165597 ± 0.0004732111458367438 | 0.07153500452950565 ± 0.0012205598040821025 | 1.441649955199784 ± 0.02805961891413855 | 4.376326140620498 ± 0.23732853203243817 | 0.6994373561664483
0.95 | 1.05 | 2 | 600 | 0.3568874218165597 ± 0.0004732111458367438 | 0.07153500452950565 ± 0.0012205598040821025 | 1.441649955199784 ± 0.02805961891413855 | 4.376326140620498 ± 0.23732853203243817 | 0.6994373561664483
0.95 | 1.05 | 2 | 700 | 0.3568874218165597 ± 0.0004732111458367438 | 0.07153500452950565 ± 0.0012205598040821025 | 1.441649955199784 ± 0.02805961891413855 | 4.376326140620498 ± 0.23732853203243817 | 0.6994373561664483
0.95 | 1.05 | 2 | 800 | 0.3568874218165597 ± 0.0004732111458367438 | 0.07153500452950565 ± 0.0012205598040821025 | 1.441649955199784 ± 0.02805961891413855 | 4.376326140620498 ± 0.23732853203243817 | 0.6994373561664483
0.96 | 1.04 | 0 | 300 | 0.35863459985289287 ± 0.0004633703812009091 | 0.07228800373213626 ± 0.0011621590606901572 | 1.4279199976902905 ± 0.06784212418235924 | 4.482041198723895 ± 0.23669353254623152 | 0.7759839745337141
0.96 | 1.04 | 0 | 400 | 0.35863459985289287 ± 0.0004633703812009091 | 0.07228800373213626 ± 0.0011621590606901572 | 1.4279199976902905 ± 0.06784212418235924 | 4.482041198723895 ± 0.23669353254623152 | 0.7759839745337141
0.96 | 1.04 | 0 | 500 | 0.35863459985289287 ± 0.0004633703812009091 | 0.07228800373213626 ± 0.0011621590606901572 | 1.4279199976902905 ± 0.06784212418235924 | 4.482041198723895 ± 0.23669353254623152 | 0.7759839745337141
0.96 | 1.04 | 0 | 600 | 0.35863459985289287 ± 0.0004633703812009091 | 0.07228800373213626 ± 0.0011621590606901572 | 1.4279199976902905 ± 0.06784212418235924 | 4.482041198723895 ± 0.23669353254623152 | 0.7759839745337141
0.96 | 1.04 | 0 | 700 | 0.35863459985289287 ± 0.0004633703812009091 | 0.07228800373213626 ± 0.0011621590606901572 | 1.4279199976902905 ± 0.06784212418235924 | 4.482041198723895 ± 0.23669353254623152 | 0.7759839745337141
0.96 | 1.04 | 0 | 800 | 0.35863459985289287 ± 0.0004633703812009091 | 0.07228800373213626 ± 0.0011621590606901572 | 1.4279199976902905 ± 0.06784212418235924 | 4.482041198723895 ± 0.23669353254623152 | 0.7759839745337141
0.96 | 1.04 | 1 | 300 | 0.35863460123270485 ± 0.0004633106941066602 | 0.07228800371598859 ± 0.0011617177521560731 | 1.4279199977143084 ± 0.06784217659030978 | 4.4820415324473375 ± 0.2367026229648271 | 0.7759839737709782
0.96 | 1.04 | 1 | 400 | 0.35863460123270485 ± 0.0004633106941066602 | 0.07228800371598859 ± 0.0011617177521560731 | 1.4279199977143084 ± 0.06784217659030978 | 4.4820415324473375 ± 0.2367026229648271 | 0.7759839737709782
0.96 | 1.04 | 1 | 500 | 0.35863460123270485 ± 0.0004633106941066602 | 0.07228800371598859 ± 0.0011617177521560731 | 1.4279199977143084 ± 0.06784217659030978 | 4.4820415324473375 ± 0.2367026229648271 | 0.7759839737709782
0.96 | 1.04 | 1 | 600 | 0.35863460123270485 ± 0.0004633106941066602 | 0.07228800371598859 ± 0.0011617177521560731 | 1.4279199977143084 ± 0.06784217659030978 | 4.4820415324473375 ± 0.2367026229648271 | 0.7759839737709782
0.96 | 1.04 | 1 | 700 | 0.35863460123270485 ± 0.0004633106941066602 | 0.07228800371598859 ± 0.0011617177521560731 | 1.4279199977143084 ± 0.06784217659030978 | 4.4820415324473375 ± 0.2367026229648271 | 0.7759839737709782
0.96 | 1.04 | 1 | 800 | 0.35863460123270485 ± 0.0004633106941066602 | 0.07228800371598859 ± 0.0011617177521560731 | 1.4279199977143084 ± 0.06784217659030978 | 4.4820415324473375 ± 0.2367026229648271 | 0.7759839737709782
0.96 | 1.04 | 2 | 400 | 0.3586342377948842 ± 0.00046320599228544533 | 0.07228800011331617 ± 0.0011257444114138454 | 1.4279199962909397 ± 0.06783282098581134 | 4.482428238274625 ± 0.23673069024563984 | 0.7759839671900792
0.96 | 1.04 | 2 | 500 | 0.3586342377948842 ± 0.00046320599228544533 | 0.07228800011331617 ± 0.0011257444114138454 | 1.4279199962909397 ± 0.06783282098581134 | 4.482428238274625 ± 0.23673069024563984 | 0.7759839671900792
0.96 | 1.04 | 2 | 600 | 0.3586342377948842 ± 0.00046320599228544533 | 0.07228800011331617 ± 0.0011257444114138454 | 1.4279199962909397 ± 0.06783282098581134 | 4.482428238274625 ± 0.23673069024563984 | 0.7759839671900792
0.96 | 1.04 | 2 | 700 | 0.3586342377948842 ± 0.00046320599228544533 | 0.07228800011331617 ± 0.0011257444114138454 | 1.4279199962909397 ± 0.06783282098581134 | 4.482428238274625 ± 0.23673069024563984 | 0.7759839671900792
0.96 | 1.04 | 2 | 800 | 0.3586342377948842 ± 0.00046320599228544533 | 0.07228800011331617 ± 0.0011257444114138454 | 1.4279199962909397 ± 0.06783282098581134 | 4.482428238274625 ± 0.23673069024563984 | 0.7759839671900792
0.97 | 1.03 | 0 | 300 | 0.3603834052841755 ± 0.0004543434365790111 | 0.07304100141230786 ± 0.0010360652594256087 | 1.4141899998854384 ± 0.052961502617746015 | 4.587204173130278 ± 0.23616069480242327 | 0.8581062064252699
0.97 | 1.03 | 0 | 400 | 0.3603834052841755 ± 0.0004543434365790111 | 0.07304100141230786 ± 0.0010360652594256087 | 1.4141899998854384 ± 0.052961502617746015 | 4.587204173130278 ± 0.23616069480242327 | 0.8581062064252699
0.97 | 1.03 | 0 | 500 | 0.3603834052841755 ± 0.0004543434365790111 | 0.07304100141230786 ± 0.0010360652594256087 | 1.4141899998854384 ± 0.052961502617746015 | 4.587204173130278 ± 0.23616069480242327 | 0.8581062064252699
0.97 | 1.03 | 0 | 600 | 0.3603834052841755 ± 0.0004543434365790111 | 0.07304100141230786 ± 0.0010360652594256087 | 1.4141899998854384 ± 0.052961502617746015 | 4.587204173130278 ± 0.23616069480242327 | 0.8581062064252699
0.97 | 1.03 | 0 | 700 | 0.3603834052841755 ± 0.0004543434365790111 | 0.07304100141230786 ± 0.0010360652594256087 | 1.4141899998854384 ± 0.052961502617746015 | 4.587204173130278 ± 0.23616069480242327 | 0.8581062064252699
0.97 | 1.03 | 0 | 800 | 0.3603834052841755 ± 0.0004543434365790111 | 0.07304100141230786 ± 0.0010360652594256087 | 1.4141899998854384 ± 0.052961502617746015 | 4.587204173130278 ± 0.23616069480242327 | 0.8581062064252699
0.97 | 1.03 | 1 | 300 | 0.3603834049628833 ± 0.00045431019979385126 | 0.07304100141264307 ± 0.001035808813580466 | 1.414189999879853 ± 0.052961529074627256 | 4.5872043913047955 ± 0.2361694810371895 | 0.8581062070486164
0.97 | 1.03 | 1 | 400 | 0.3603834049628833 ± 0.00045431019979385126 | 0.07304100141264307 ± 0.001035808813580466 | 1.414189999879853 ± 0.052961529074627256 | 4.5872043913047955 ± 0.2361694810371895 | 0.8581062070486164
0.97 | 1.03 | 1 | 500 | 0.3603834049628833 ± 0.00045431019979385126 | 0.07304100141264307 ± 0.001035808813580466 | 1.414189999879853 ± 0.052961529074627256 | 4.5872043913047955 ± 0.2361694810371895 | 0.8581062070486164
0.97 | 1.03 | 1 | 600 | 0.3603834049628833 ± 0.00045431019979385126 | 0.07304100141264307 ± 0.001035808813580466 | 1.414189999879853 ± 0.052961529074627256 | 4.5872043913047955 ± 0.2361694810371895 | 0.8581062070486164
0.97 | 1.03 | 1 | 700 | 0.3603834049628833 ± 0.00045431019979385126 | 0.07304100141264307 ± 0.001035808813580466 | 1.414189999879853 ± 0.052961529074627256 | 4.5872043913047955 ± 0.2361694810371895 | 0.8581062070486164
0.97 | 1.03 | 1 | 800 | 0.3603834049628833 ± 0.00045431019979385126 | 0.07304100141264307 ± 0.001035808813580466 | 1.414189999879853 ± 0.052961529074627256 | 4.5872043913047955 ± 0.2361694810371895 | 0.8581062070486164
0.97 | 1.03 | 2 | 400 | 0.36038374432793585 ± 0.0004542848083942451 | 0.0730410001315159 ± 0.0027869038924604878 | 1.4141899990231412 ± 0.0529668030580247 | 4.587000049847492 ± 0.23615166100100005 | 0.8581058086733709
0.97 | 1.03 | 2 | 500 | 0.36038374432793585 ± 0.0004542848083942451 | 0.0730410001315159 ± 0.0027869038924604878 | 1.4141899990231412 ± 0.0529668030580247 | 4.587000049847492 ± 0.23615166100100005 | 0.8581058086733709
0.97 | 1.03 | 2 | 600 | 0.36038374432793585 ± 0.0004542848083942451 | 0.0730410001315159 ± 0.0027869038924604878 | 1.4141899990231412 ± 0.0529668030580247 | 4.587000049847492 ± 0.23615166100100005 | 0.8581058086733709
0.97 | 1.03 | 2 | 700 | 0.36038374432793585 ± 0.0004542848083942451 | 0.0730410001315159 ± 0.0027869038924604878 | 1.4141899990231412 ± 0.0529668030580247 | 4.587000049847492 ± 0.23615166100100005 | 0.8581058086733709
0.97 | 1.03 | 2 | 800 | 0.36038374432793585 ± 0.0004542848083942451 | 0.0730410001315159 ± 0.0027869038924604878 | 1.4141899990231412 ± 0.0529668030580247 | 4.587000049847492 ± 0.23615166100100005 | 0.8581058086733709
0.98 | 1.02 | 0 | 200 | 0.36213641925570716 ± 0.0004462649311649863 | 0.07379400123179637 ± 0.001980590444722395 | 1.4004599394579047 ± 0.037978420403114166 | 4.691223936039247 ± 0.23562931078278343 | 0.9457785463626749
0.98 | 1.02 | 0 | 300 | 0.36213641925570716 ± 0.0004462649311649863 | 0.07379400123179637 ± 0.001980590444722395 | 1.4004599394579047 ± 0.037978420403114166 | 4.691223936039247 ± 0.23562931078278343 | 0.9457785463626749
0.98 | 1.02 | 0 | 400 | 0.36213641925570716 ± 0.0004462649311649863 | 0.07379400123179637 ± 0.001980590444722395 | 1.4004599394579047 ± 0.037978420403114166 | 4.691223936039247 ± 0.23562931078278343 | 0.9457785463626749
0.98 | 1.02 | 0 | 500 | 0.36213641925570716 ± 0.0004462649311649863 | 0.07379400123179637 ± 0.001980590444722395 | 1.4004599394579047 ± 0.037978420403114166 | 4.691223936039247 ± 0.23562931078278343 | 0.9457785463626749
0.98 | 1.02 | 0 | 600 | 0.36213641925570716 ± 0.0004462649311649863 | 0.07379400123179637 ± 0.001980590444722395 | 1.4004599394579047 ± 0.037978420403114166 | 4.691223936039247 ± 0.23562931078278343 | 0.9457785463626749
0.98 | 1.02 | 0 | 700 | 0.36213641925570716 ± 0.0004462649311649863 | 0.07379400123179637 ± 0.001980590444722395 | 1.4004599394579047 ± 0.037978420403114166 | 4.691223936039247 ± 0.23562931078278343 | 0.9457785463626749
0.98 | 1.02 | 0 | 800 | 0.36213641925570716 ± 0.0004462649311649863 | 0.07379400123179637 ± 0.001980590444722395 | 1.4004599394579047 ± 0.037978420403114166 | 4.691223936039247 ± 0.23562931078278343 | 0.9457785463626749
0.98 | 1.02 | 1 | 200 | 0.3621364212447032 ± 0.00044622997817363505 | 0.07379400123187138 ± 0.0019805012869317934 | 1.4004599396665618 ± 0.03797848212456112 | 4.69122533811641 ± 0.2356373031498264 | 0.9457785459825137
0.98 | 1.02 | 1 | 300 | 0.3621364212447032 ± 0.00044622997817363505 | 0.07379400123187138 ± 0.0019805012869317934 | 1.4004599396665618 ± 0.03797848212456112 | 4.69122533811641 ± 0.2356373031498264 | 0.9457785459825137
0.98 | 1.02 | 1 | 400 | 0.3621364212447032 ± 0.00044622997817363505 | 0.07379400123187138 ± 0.0019805012869317934 | 1.4004599396665618 ± 0.03797848212456112 | 4.69122533811641 ± 0.2356373031498264 | 0.9457785459825137
0.98 | 1.02 | 1 | 500 | 0.3621364212447032 ± 0.00044622997817363505 | 0.07379400123187138 ± 0.0019805012869317934 | 1.4004599396665618 ± 0.03797848212456112 | 4.69122533811641 ± 0.2356373031498264 | 0.9457785459825137
0.98 | 1.02 | 1 | 600 | 0.3621364212447032 ± 0.00044622997817363505 | 0.07379400123187138 ± 0.0019805012869317934 | 1.4004599396665618 ± 0.03797848212456112 | 4.69122533811641 ± 0.2356373031498264 | 0.9457785459825137
0.98 | 1.02 | 1 | 700 | 0.3621364212447032 ± 0.00044622997817363505 | 0.07379400123187138 ± 0.0019805012869317934 | 1.4004599396665618 ± 0.03797848212456112 | 4.69122533811641 ± 0.2356373031498264 | 0.9457785459825137
0.98 | 1.02 | 1 | 800 | 0.3621364212447032 ± 0.00044622997817363505 | 0.07379400123187138 ± 0.0019805012869317934 | 1.4004599396665618 ± 0.03797848212456112 | 4.69122533811641 ± 0.2356373031498264 | 0.9457785459825137
0.98 | 1.02 | 2 | 300 | 0.3621359057414243 ± 0.000446327980569535 | 0.07379400620438552 ± 0.001968832670191073 | 1.400459978760873 ± 0.03797558495327624 | 4.691424950882121 ± 0.23565767758564604 | 0.9457794818839699
0.98 | 1.02 | 2 | 400 | 0.3621359057414243 ± 0.000446327980569535 | 0.07379400620438552 ± 0.001968832670191073 | 1.400459978760873 ± 0.03797558495327624 | 4.691424950882121 ± 0.23565767758564604 | 0.9457794818839699
0.98 | 1.02 | 2 | 500 | 0.3621359057414243 ± 0.000446327980569535 | 0.07379400620438552 ± 0.001968832670191073 | 1.400459978760873 ± 0.03797558495327624 | 4.691424950882121 ± 0.23565767758564604 | 0.9457794818839699
0.98 | 1.02 | 2 | 600 | 0.3621359057414243 ± 0.000446327980569535 | 0.07379400620438552 ± 0.001968832670191073 | 1.400459978760873 ± 0.03797558495327624 | 4.691424950882121 ± 0.23565767758564604 | 0.9457794818839699
0.98 | 1.02 | 2 | 700 | 0.3621359057414243 ± 0.000446327980569535 | 0.07379400620438552 ± 0.001968832670191073 | 1.400459978760873 ± 0.03797558495327624 | 4.691424950882121 ± 0.23565767758564604 | 0.9457794818839699
0.98 | 1.02 | 2 | 800 | 0.3621359057414243 ± 0.000446327980569535 | 0.07379400620438552 ± 0.001968832670191073 | 1.400459978760873 ± 0.03797558495327624 | 4.691424950882121 ± 0.23565767758564604 | 0.9457794818839699
