Otimização para log em ATLAS - Limites: eps_1_mg_1_a2_0
Configuração: down | up | strategy | migrad | mg ± error | eps ± error | a1 ± error | a2 ± error | χ²/ndof
========================================================================================================================
0.9 | 1.1 | 0 | 90 | 0.36058406124687153 ± 0.0045610164033628164 | 0.07266941478803508 ± 0.0024507490822684164 | 1.3712742352387282 ± 0.020002370309759043 | 4.914626724748431 ± 0.7538494932632566 | 0.9823195817291586
0.9 | 1.1 | 0 | 150 | 0.36011097922246327 ± 0.00873133706706683 | 0.07267728817844832 ± 0.004110873574777886 | 1.3866953768043722 ± 0.022039125133858417 | 4.757212478828788 ± 0.2502277290331459 | 0.9143518316978183
0.9 | 1.1 | 0 | 200 | 0.3557416967084887 ± 0.005067808289383413 | 0.0704869128514985 ± 0.002478185840269008 | 1.3850932529135096 ± 0.018663205193192756 | 4.722928347921523 ± 0.25539277310890024 | 0.791191388095861
0.9 | 1.1 | 1 | 90 | 0.3605840612677142 ± 0.004561014085098208 | 0.07266941477832403 ± 0.0024507499943446642 | 1.371274225167154 ± 0.020002309586808376 | 4.914626771886887 ± 0.7538506727423573 | 0.9823195895852879
0.9 | 1.1 | 1 | 150 | 0.36011097816342663 ± 0.008731253862814703 | 0.07267728802875659 ± 0.004110838949336941 | 1.3866953825798918 ± 0.02203915126337852 | 4.757212501679979 ± 0.2502274215827578 | 0.914351805708501
0.9 | 1.1 | 1 | 200 | 0.35574348122419835 ± 0.005078852554954633 | 0.07048769716303938 ± 0.0024833201925745507 | 1.3850977119675238 ± 0.018674698074383933 | 4.722960541995925 ± 0.25538059882464303 | 0.7912116828409544
0.91 | 1.0899999999999999 | 0 | 90 | 0.36037146651054286 ± 0.003877647395813588 | 0.07281110810229795 ± 0.0018796713650130678 | 1.375383569900224 ± 0.01645235035427206 | 4.811063938718509 ± 0.37738359022694995 | 0.9756962153529214
0.91 | 1.0899999999999999 | 0 | 150 | 0.36021411156650834 ± 0.004967171055342029 | 0.07268567881930141 ± 0.002420463297621009 | 1.3864714370435294 ± 0.025711169104775 | 4.772371097338995 ± 0.23940860209987158 | 0.9182452298361423
0.91 | 1.0899999999999999 | 0 | 200 | 0.3549478506436367 ± 0.002439365955356876 | 0.07017178751758876 ± 0.0011993812360610173 | 1.3864917882446817 ± 0.018484420017642056 | 4.665350131710251 ± 0.2422472319490624 | 0.7822998264108018
0.91 | 1.0899999999999999 | 1 | 90 | 0.36037146651054286 ± 0.003877647395813588 | 0.07281110810229795 ± 0.0018796713650130678 | 1.375383569900224 ± 0.01645235035427206 | 4.811063938718509 ± 0.37738359022694995 | 0.9756962153529214
0.91 | 1.0899999999999999 | 1 | 150 | 0.36021411156650834 ± 0.004967171055342029 | 0.07268567881930141 ± 0.002420463297621009 | 1.3864714370435294 ± 0.025711169104775 | 4.772371097338995 ± 0.23940860209987158 | 0.9182452298361423
0.91 | 1.0899999999999999 | 1 | 200 | 0.35640341011508403 ± 0.004318200287405399 | 0.07084061756194307 ± 0.002107821265883096 | 1.3864670201444773 ± 0.020398514262831458 | 4.717197659170511 ± 0.24300939665747612 | 0.8072135360596336
0.91 | 1.0899999999999999 | 2 | 90 | 0.36120897844188304 ± 0.00489262202160784 | 0.07311483343642586 ± 0.002393882364852863 | 1.3850956794612743 ± 0.02603519596977677 | 4.744629996229179 ± 0.25952051932982817 | 0.9782579625295393
0.91 | 1.0899999999999999 | 2 | 150 | 0.35840148961216794 ± 0.004286213978148351 | 0.0717627219911958 ± 0.0020901074143638773 | 1.379033640854825 ± 0.02172033092850456 | 4.852180392571475 ± 0.3308659545280731 | 0.8895296976131257
0.91 | 1.0899999999999999 | 2 | 200 | 0.35710344782170933 ± 0.003511171880911129 | 0.07109901175613868 ± 0.0014244590666368032 | 1.3724085512239528 ± 0.01582478452665592 | 4.810773801555186 ± 1.966376824152464 | 0.866665248544947
0.92 | 1.08 | 0 | 150 | 0.3602615461397258 ± 0.004968410188696343 | 0.07270063840682804 ± 0.0024028222583872133 | 1.3865804562264588 ± 0.02640204066137186 | 4.8026158688505864 ± 0.23935383812226035 | 0.9199091951986103
0.92 | 1.08 | 0 | 200 | 0.35963413993477156 ± 0.006366316856154491 | 0.0724349142036597 ± 0.003006348709676525 | 1.386291574336215 ± 0.020998615766093964 | 4.7688380820716665 ± 0.24762030934173082 | 0.9006858564303912
0.92 | 1.08 | 1 | 150 | 0.3602610883310744 ± 0.004967664667189647 | 0.0727005781063226 ± 0.0024024729007632722 | 1.3865719551751219 ± 0.02639917178331186 | 4.802444090746329 ± 0.2394664907642214 | 0.9198933762505898
0.92 | 1.08 | 1 | 200 | 0.35974585535077386 ± 0.00707140835629963 | 0.0724929075106401 ± 0.0032992986945704697 | 1.3865572569208164 ± 0.021570596834877165 | 4.760071140736333 ± 0.24679016994833577 | 0.9032404133365803
0.92 | 1.08 | 2 | 150 | 0.3609632348844939 ± 0.0061558997686448624 | 0.07306434120141615 ± 0.0029264772497088892 | 1.386030129995775 ± 0.02633451468408987 | 4.853228146079522 ± 0.2525997457601214 | 0.9503543066388813
0.92 | 1.08 | 2 | 200 | 0.3585035413865427 ± 0.008668618096721037 | 0.0719687597068407 ± 0.00385240133897697 | 1.3866728518727316 ± 0.01849454585591026 | 4.573061569374301 ± 0.24908765039100844 | 0.9100273512638171
0.93 | 1.0699999999999998 | 0 | 65 | 0.3606511811693298 ± 0.004730659089667688 | 0.07281639746907889 ± 0.0023048749432457716 | 1.380953874483267 ± 0.018814194160497677 | 4.830349778348123 ± 0.33908697997229875 | 0.9512945657983688
0.93 | 1.0699999999999998 | 0 | 70 | 0.3606511811693298 ± 0.004730659089667688 | 0.07281639746907889 ± 0.0023048749432457716 | 1.380953874483267 ± 0.018814194160497677 | 4.830349778348123 ± 0.33908697997229875 | 0.9512945657983688
0.93 | 1.0699999999999998 | 0 | 90 | 0.3604866852651622 ± 0.005112348551831958 | 0.07285915711964766 ± 0.0024292488742860482 | 1.3867116262612809 ± 0.023448387331769016 | 4.800484121429522 ± 0.241906751748518 | 0.9284012989015252
0.93 | 1.0699999999999998 | 0 | 150 | 0.35803047859385495 ± 0.002694285686851372 | 0.07162072065917528 ± 0.001304478399252941 | 1.3838066098721955 ± 0.018500155661624884 | 4.827716924292522 ± 0.26907762033077226 | 0.8705728238392528
0.93 | 1.0699999999999998 | 0 | 200 | 0.3556736764546503 ± 0.0016181280729893055 | 0.07046993457357474 ± 0.0007691825674944336 | 1.3867109775747486 ± 0.022518831194409672 | 4.73717652024038 ± 0.23898669378636284 | 0.7882870357797813
0.93 | 1.0699999999999998 | 1 | 65 | 0.3606511811693298 ± 0.004730659089667688 | 0.07281639746907889 ± 0.0023048749432457716 | 1.380953874483267 ± 0.018814194160497677 | 4.830349778348123 ± 0.33908697997229875 | 0.9512945657983688
0.93 | 1.0699999999999998 | 1 | 70 | 0.3606511811693298 ± 0.004730659089667688 | 0.07281639746907889 ± 0.0023048749432457716 | 1.380953874483267 ± 0.018814194160497677 | 4.830349778348123 ± 0.33908697997229875 | 0.9512945657983688
0.93 | 1.0699999999999998 | 1 | 90 | 0.3604866852651622 ± 0.005112349006454908 | 0.07285915711964766 ± 0.002429248991087568 | 1.3867116262612809 ± 0.023448885144929488 | 4.800484121429522 ± 0.24191151265262895 | 0.9284012989015252
0.93 | 1.0699999999999998 | 1 | 150 | 0.35803044645945953 ± 0.0026942868697411304 | 0.07162069940648463 ± 0.0013044786009080503 | 1.3838065615779158 ± 0.018500457578975893 | 4.8277235412050015 ± 0.26907934590205435 | 0.8705727036110608
0.93 | 1.0699999999999998 | 1 | 200 | 0.3561780384227892 ± 0.004946356190047019 | 0.07068923119024087 ± 0.0021218978095038574 | 1.3862384070398892 ± 0.02167164613673256 | 4.732046394630763 ± 0.24554858899634116 | 0.7985566532046104
0.93 | 1.0699999999999998 | 2 | 150 | 0.36090240548888713 ± 0.00818724656236161 | 0.07305698331585463 ± 0.003640422621230349 | 1.3866783373713711 ± 0.023809471632373125 | 4.782261626137654 ± 0.24860219601295572 | 0.938921360822753
0.93 | 1.0699999999999998 | 2 | 200 | 0.3582983023515324 ± 0.00459191123509195 | 0.07175672131352646 ± 0.002171043937104662 | 1.383333381019036 ± 0.02520382191204895 | 4.752156918059975 ± 0.2678506029581599 | 0.8683571617438824
0.94 | 1.06 | 0 | 65 | 0.36085719578180414 ± 0.002539851734311205 | 0.07281710180461722 ± 0.0013335882008337699 | 1.3666804498361678 ± 0.02368991931536335 | 4.983693537342087 ± 1.8784292801292932 | 0.9969580145886378
0.94 | 1.06 | 0 | 70 | 0.36085719578180414 ± 0.002539851734311205 | 0.07281710180461722 ± 0.0013335882008337699 | 1.3666804498361678 ± 0.02368991931536335 | 4.983693537342087 ± 1.8784292801292932 | 0.9969580145886378
0.94 | 1.06 | 0 | 90 | 0.3605061450964998 ± 0.0028229239594156352 | 0.07289111013977101 ± 0.0013643742632003658 | 1.386251182877063 ± 0.020509493012888624 | 4.84465673250936 ± 0.2451094666738917 | 0.9476398274509016
0.94 | 1.06 | 0 | 150 | 0.3580018426219983 ± 0.002145654116475132 | 0.07170256756877413 ± 0.001027531454729294 | 1.3867027695539884 ± 0.019360567521599537 | 4.673280345100692 ± 0.23860028742248696 | 0.8648427489615123
0.94 | 1.06 | 0 | 200 | 0.35653249010443994 ± 0.005553284577366618 | 0.07086085157626658 ± 0.008995534998907241 | 1.3853892777379506 ± 0.025489185610836018 | 4.731610722261672 ± 0.25403242014942357 | 0.8106682811469104
0.94 | 1.06 | 1 | 65 | 0.3608571958162856 ± 0.0025398517524144737 | 0.07281710179434925 ± 0.0013335882186198272 | 1.3666804489829032 ± 0.02368991936598941 | 4.9836935474848625 ± 1.8784292956327469 | 0.996958019289397
0.94 | 1.06 | 1 | 70 | 0.3608571958162856 ± 0.0025398517524144737 | 0.07281710179434925 ± 0.0013335882186198272 | 1.3666804489829032 ± 0.02368991936598941 | 4.9836935474848625 ± 1.8784292956327469 | 0.996958019289397
0.94 | 1.06 | 1 | 90 | 0.36050614503575235 ± 0.002822944676308947 | 0.07289111014879734 ± 0.0013643873718250724 | 1.3862511844924452 ± 0.0205074492107008 | 4.844656683915625 ± 0.2450883992753185 | 0.9476398170268583
0.94 | 1.06 | 1 | 150 | 0.3580019372189468 ± 0.002145795001814499 | 0.07170260808795664 ± 0.001027599422108609 | 1.3867027358952364 ± 0.01936044619703814 | 4.673283679090162 ± 0.23860031669237775 | 0.8648438111090795
0.94 | 1.06 | 1 | 200 | 0.3565236610287232 ± 0.0014558771496695766 | 0.07086962542345336 ± 0.0012953927091359368 | 1.385846318176463 ± 0.024884602114500276 | 4.7311292085045356 ± 0.24459772489389406 | 0.8095318538114206
0.94 | 1.06 | 2 | 150 | 0.3610696608290593 ± 0.002645961827480642 | 0.07321664988542392 ± 0.0012808903486951698 | 1.3864561779401 ± 0.02193706035295362 | 4.824317414229106 ± 0.24363203868924874 | 0.97527014621681
0.94 | 1.06 | 2 | 200 | 0.36062275491678997 ± 0.004960446749175174 | 0.07284519692276856 ± 0.0023265748143066617 | 1.3866462277611673 ± 0.027397250460697964 | 4.814412093205119 ± 0.23609913399276938 | 0.9358311410250759
0.95 | 1.05 | 0 | 60 | 0.36086530384264776 ± 0.0024779930386415183 | 0.07292790981263962 ± 0.0012721010778291852 | 1.385649999064207 ± 0.020988967241591494 | 4.936800820311684 ± 1.630163084711946 | 0.9701995294643658
0.95 | 1.05 | 0 | 65 | 0.36086530384264776 ± 0.0024779930386415183 | 0.07292790981263962 ± 0.0012721010778291852 | 1.385649999064207 ± 0.020988967241591494 | 4.936800820311684 ± 1.630163084711946 | 0.9701995294643658
0.95 | 1.05 | 0 | 70 | 0.36086530384264776 ± 0.0024779930386415183 | 0.07292790981263962 ± 0.0012721010778291852 | 1.385649999064207 ± 0.020988967241591494 | 4.936800820311684 ± 1.630163084711946 | 0.9701995294643658
0.95 | 1.05 | 0 | 90 | 0.3606736364548423 ± 0.003546392146169225 | 0.07296857888454059 ± 0.001659300845932063 | 1.3852682766230715 ± 0.02419617088474313 | 4.7612765783051785 ± 0.24910909382517799 | 0.9381504706636205
0.95 | 1.05 | 0 | 150 | 0.3591355011167269 ± 0.0028089637876229645 | 0.07214537538743293 ± 0.001279178268366571 | 1.3811282435848908 ± 0.02458239642331672 | 4.793815117580017 ± 0.29195772176450235 | 0.8982958440982306
0.95 | 1.05 | 0 | 200 | 0.3580585127133435 ± 0.0011632594385874717 | 0.07165664776358674 ± 0.0005680368419085369 | 1.3862872630609164 ± 0.023900652438608727 | 4.748228813511699 ± 0.2406279460779407 | 0.8538498740653464
0.95 | 1.05 | 1 | 60 | 0.36086530384264776 ± 0.0024779930386415183 | 0.07292790981263962 ± 0.0012721010778291852 | 1.385649999064207 ± 0.020988967241591494 | 4.936800820311684 ± 1.630163084711946 | 0.9701995294643658
0.95 | 1.05 | 1 | 65 | 0.36086530384264776 ± 0.0024779930386415183 | 0.07292790981263962 ± 0.0012721010778291852 | 1.385649999064207 ± 0.020988967241591494 | 4.936800820311684 ± 1.630163084711946 | 0.9701995294643658
0.95 | 1.05 | 1 | 70 | 0.36086530384264776 ± 0.0024779930386415183 | 0.07292790981263962 ± 0.0012721010778291852 | 1.385649999064207 ± 0.020988967241591494 | 4.936800820311684 ± 1.630163084711946 | 0.9701995294643658
0.95 | 1.05 | 1 | 90 | 0.3606736364548423 ± 0.0035463983182599523 | 0.07296857888454059 ± 0.0016593010927512253 | 1.3852682766230715 ± 0.024197810488010174 | 4.7612765783051785 ± 0.24913276593035028 | 0.9381504706636205
0.95 | 1.05 | 1 | 150 | 0.35913549730768396 ± 0.0028089214364034054 | 0.07214537420775896 ± 0.001279160893650183 | 1.3811282164985652 ± 0.024582385847826793 | 4.79381443522059 ± 0.2919576722251856 | 0.8982958532329071
0.95 | 1.05 | 1 | 200 | 0.3580585042610876 ± 0.001163188673598492 | 0.07165664729835851 ± 0.0005679597179399018 | 1.3862872749180977 ± 0.023900496721850795 | 4.748228653340515 ± 0.24062792371312228 | 0.8538500485754857
0.95 | 1.05 | 2 | 90 | 0.35994641518531406 ± 0.004741370955973961 | 0.07250335507720443 ± 0.0020733022993990047 | 1.3838989961819754 ± 0.024382638260840084 | 4.8300259997719595 ± 0.2825921260383133 | 0.9188407331005329
0.95 | 1.05 | 2 | 150 | 0.35882427020284346 ± 0.004784614891170186 | 0.07204213962130192 ± 0.004020166411714231 | 1.3864602129247658 ± 0.020600034505265485 | 4.716612472880794 ± 0.24168979599227347 | 0.8773688241378608
0.95 | 1.05 | 2 | 200 | 0.3579459716942938 ± 0.0008577522346629451 | 0.07162228157979936 ± 0.00037569837586603344 | 1.3866474509243187 ± 0.02228835022938802 | 4.736295420110992 ± 0.2380751081366304 | 0.852113848348985
0.96 | 1.04 | 0 | 150 | 0.36072207587815336 ± 0.0031559894723841575 | 0.07298366030203772 ± 0.0014006078460900018 | 1.386729909594503 ± 0.022440318883822696 | 4.766366567289319 ± 0.23764690445202766 | 0.9337759046070334
0.96 | 1.04 | 0 | 200 | 0.35964432271307484 ± 0.0013831277083490856 | 0.07244689796492554 ± 0.0006322668863584721 | 1.386712659981373 ± 0.022239340193424217 | 4.765558860872022 ± 0.23680244005101528 | 0.900271664045408
0.96 | 1.04 | 1 | 150 | 0.3607637874596836 ± 0.005042636202769762 | 0.07298617622681425 ± 0.003070261148304901 | 1.3865748613578577 ± 0.024190351518350695 | 4.7775026365789985 ± 0.24181099004980441 | 0.9346130390952836
0.96 | 1.04 | 1 | 200 | 0.35968775141695974 ± 0.001416249664601743 | 0.07253972660505523 ± 0.0006365196410814122 | 1.3866447422644341 ± 0.020469584638686866 | 4.663370492584971 ± 0.23666846644861408 | 0.9184076439822901
0.96 | 1.04 | 2 | 150 | 0.36143486853810586 ± 0.00208234708510166 | 0.07340858008442584 ± 0.0009848266136198436 | 1.3855792695133584 ± 0.02225835207705895 | 4.732527104883439 ± 0.24433372545325077 | 0.9757906053226562
0.96 | 1.04 | 2 | 200 | 0.3608325653966078 ± 0.0027285532978753024 | 0.07301981094310912 ± 0.0012416549678120406 | 1.3836683340517357 ± 0.017455631274768235 | 4.789572492808977 ± 0.26327262096862536 | 0.9457479225660342
0.97 | 1.03 | 0 | 90 | 0.3614648914837494 ± 0.004737764733784122 | 0.07327989694121423 ± 0.0037831271579716816 | 1.3865089443404364 ± 0.02730595994246887 | 4.836711660526598 ± 0.23342171988156096 | 0.9612367266333218
0.97 | 1.03 | 0 | 150 | 0.3609607817976187 ± 0.0008786434497085327 | 0.07313663998873732 ± 0.00035801107631809603 | 1.3867128919346996 ± 0.020638752110604064 | 4.7478463397195325 ± 0.2367073495672782 | 0.9459314174849193
0.97 | 1.03 | 0 | 200 | 0.3608364092849049 ± 0.00044198515725479837 | 0.07304102645303934 ± 0.000858901088716689 | 1.3867286390019562 ± 0.02243925080806808 | 4.7632465368983805 ± 0.23567534036602564 | 0.9374464622838965
0.97 | 1.03 | 1 | 90 | 0.36146489145631633 ± 0.00473804206380446 | 0.0732798969183237 ± 0.003783241323263381 | 1.386508944631101 ± 0.02730508981555757 | 4.836711639599732 ± 0.23337923354551227 | 0.9612367243296965
0.97 | 1.03 | 1 | 150 | 0.3611524197928798 ± 0.0014671980304280519 | 0.07321735208821586 ± 0.0006272978786192457 | 1.3866321317035046 ± 0.020526704188681855 | 4.7413276899542325 ± 0.23664552103307313 | 0.9503954011781571
0.97 | 1.03 | 1 | 200 | 0.3608397486784967 ± 0.00045145381812725094 | 0.07304141329728539 ± 0.002777000894541519 | 1.3867224875323059 ± 0.022577030508938223 | 4.759146076669238 ± 0.23553379803689614 | 0.9375254369611726
0.97 | 1.03 | 2 | 200 | 0.36193973529457285 ± 0.004447700028028079 | 0.07345051164955481 ± 0.00287451216868298 | 1.3800113784160901 ± 0.015000260619157713 | 4.892407149184418 ± 0.3659450268989495 | 0.9954540587832187
0.98 | 1.02 | 0 | 150 | 0.36246125751901603 ± 0.0010400235697278215 | 0.07384274546785383 ± 0.0018262399215193542 | 1.3867228821041746 ± 0.02257274555716482 | 4.777304523283416 ± 0.23553514169863524 | 0.9903968640649382
0.98 | 1.02 | 0 | 200 | 0.3623658798975804 ± 0.00043868800416302367 | 0.07379400012017054 ± 0.001981640160805355 | 1.386729999816881 ± 0.022480238704146838 | 4.780637633907266 ± 0.23532701548242768 | 0.9870580357138692
0.98 | 1.02 | 1 | 150 | 0.36247089487486306 ± 0.000980617310358367 | 0.07384509434681268 ± 0.0017550924891352876 | 1.3867298112309527 ± 0.022519623421079604 | 4.786193432240101 ± 0.23537841855427316 | 0.9905448861934095
0.98 | 1.02 | 1 | 200 | 0.36236328954181707 ± 0.0004398392779332849 | 0.07379406373565353 ± 0.0019518022212780192 | 1.3867299986160873 ± 0.022418255349607064 | 4.779792048721355 ± 0.2352894296722232 | 0.9870647127118265
0.98 | 1.02 | 2 | 200 | 0.3624746816967088 ± 0.0012995012067446299 | 0.07384661652712637 ± 0.002033339994672624 | 1.3866666078502137 ± 0.02178033732212059 | 4.774525802818298 ± 0.2366755195550793 | 0.9909346707764702
