Otimização para log em ATLAS - Limites: eps_0_mg_0_a2_1
Configuração: down | up | strategy | migrad | mg ± error | eps ± error | a1 ± error | a2 ± error | χ²/ndof
========================================================================================================================
0.9 | 1.1 | 0 | 60 | 0.35737614667362094 ± 0.0139371087696644 | 0.0743822060932613 ± 0.0070556379129184865 | 1.6942001187163092 ± 0.055072262059725915 | 2.6986014099818925 ± 0.43418406505395946 | 0.5440926177736176
0.9 | 1.1 | 0 | 65 | 0.35737614667362094 ± 0.0139371087696644 | 0.0743822060932613 ± 0.0070556379129184865 | 1.6942001187163092 ± 0.055072262059725915 | 2.6986014099818925 ± 0.43418406505395946 | 0.5440926177736176
0.9 | 1.1 | 0 | 70 | 0.35737614667362094 ± 0.0139371087696644 | 0.0743822060932613 ± 0.0070556379129184865 | 1.6942001187163092 ± 0.055072262059725915 | 2.6986014099818925 ± 0.43418406505395946 | 0.5440926177736176
0.9 | 1.1 | 0 | 90 | 0.3562435499561046 ± 0.01562072755566134 | 0.07392440697163412 ± 0.00795881521737894 | 1.7059285981172685 ± 0.06665981730811811 | 2.633943416580553 ± 0.2809908617840857 | 0.525221355261926
0.9 | 1.1 | 1 | 60 | 0.3574113233517533 ± 0.012309817790064303 | 0.07451316412667836 ± 0.0062675455148452405 | 1.7038251807965898 ± 0.10311397109231274 | 2.657612291130242 ± 0.355845780726592 | 0.5479991409909005
0.9 | 1.1 | 1 | 65 | 0.35737614706441684 ± 0.013937531548918655 | 0.07438220673287871 ± 0.007055852424233982 | 1.6942001377814706 ± 0.055072726852586906 | 2.6986011796895615 ± 0.4341842209405715 | 0.5440926458471453
0.9 | 1.1 | 1 | 70 | 0.35737614706441684 ± 0.013937531548918655 | 0.07438220673287871 ± 0.007055852424233982 | 1.6942001377814706 ± 0.055072726852586906 | 2.6986011796895615 ± 0.4341842209405715 | 0.5440926458471453
0.9 | 1.1 | 1 | 90 | 0.35624351999711323 ± 0.015621997743292898 | 0.07392439730061764 ± 0.007959462159195954 | 1.7059293091568315 ± 0.06665932115942881 | 2.6339345789887565 ± 0.2810086906125002 | 0.5252229515578768
0.9 | 1.1 | 2 | 90 | 0.35777683136137867 ± 0.015296098455901444 | 0.0745034191835006 ± 0.007725527527624282 | 1.6950995714754498 ± 0.044183647583239706 | 2.749937072500884 ± 0.3943711478810523 | 0.5526451452966336
0.91 | 1.0899999999999999 | 0 | 60 | 0.3571902742761672 ± 0.013632068104291191 | 0.07425962493830493 ± 0.006897966088860808 | 1.6945449112399862 ± 0.042435709507765984 | 2.7249889478424913 ± 0.4019545065516612 | 0.5368851870806891
0.91 | 1.0899999999999999 | 0 | 65 | 0.35711943630926274 ± 0.014245776654442315 | 0.07421415091677837 ± 0.00720975873848109 | 1.6932998887826904 ± 0.043570432099309435 | 2.72340468552806 ± 0.3474807350903155 | 0.5357109489823129
0.91 | 1.0899999999999999 | 0 | 70 | 0.35711943630926274 ± 0.014245776654442315 | 0.07421415091677837 ± 0.00720975873848109 | 1.6932998887826904 ± 0.043570432099309435 | 2.72340468552806 ± 0.3474807350903155 | 0.5357109489823129
0.91 | 1.0899999999999999 | 0 | 90 | 0.35661046881929354 ± 0.004103584977174405 | 0.07402800568477183 ± 0.0020603305850440032 | 1.6917349887294892 ± 0.19965896455677143 | 2.7018480451871234 ± 0.3679797082543781 | 0.5260471114866173
0.91 | 1.0899999999999999 | 1 | 60 | 0.3571902751537983 ± 0.013633161171476884 | 0.07425962439315349 ± 0.006898519693943589 | 1.694544834160295 ± 0.04243696161466606 | 2.7249889163460783 ± 0.40194882513252983 | 0.5368852399819244
0.91 | 1.0899999999999999 | 1 | 65 | 0.3571902751537983 ± 0.013633161171476884 | 0.07425962439315349 ± 0.006898519693943589 | 1.694544834160295 ± 0.04243696161466606 | 2.7249889163460783 ± 0.40194882513252983 | 0.5368852399819244
0.91 | 1.0899999999999999 | 1 | 70 | 0.3571902751537983 ± 0.013633161171476884 | 0.07425962439315349 ± 0.006898519693943589 | 1.694544834160295 ± 0.04243696161466606 | 2.7249889163460783 ± 0.40194882513252983 | 0.5368852399819244
0.91 | 1.0899999999999999 | 1 | 90 | 0.3568532820986103 ± 0.014534577476617655 | 0.07408848214429102 ± 0.007363063148351406 | 1.6903877671988752 ± 0.04694510838776479 | 2.7074563961813576 ± 0.27738570329513323 | 0.5318964528527672
0.91 | 1.0899999999999999 | 2 | 90 | 0.35776893870622656 ± 0.011595835084098588 | 0.07452132960278486 ± 0.0058521929463482844 | 1.6755694188897308 ± 0.0409022560203355 | 2.7223199425393765 ± 0.32356283219557214 | 0.573502618982319
