Otimização para log em TOTEM - Limites: eps_0_mg_1_a1_0_a2_1
Configuração: down | up | strategy | tol | migrad | mg ± error | eps ± error | a1 ± error | a2 ± error | χ²/ndof
======================================================================================================================================================
0.95 | 1.05 | 0 | 1e-01 | 800 | 0.376612 ± 0.000089 | 0.084740 ± 0.000613 | 1.565550 ± 0.006991 | 3.584763 ± 0.031448 | 0.518968
0.95 | 1.05 | 2 | 5e+00 | 700 | 0.376931 ± 0.000517 | 0.084886 ± 0.000228 | 1.565550 ± 0.003551 | 3.583279 ± 0.031470 | 0.525109
0.95 | 1.05 | 2 | 5e+00 | 800 | 0.376767 ± 0.000547 | 0.084811 ± 0.000240 | 1.565550 ± 0.005386 | 3.584830 ± 0.031453 | 0.521770
0.96 | 1.04 | 0 | 5e+00 | 300 | 0.378927 ± 0.000102 | 0.085633 ± 0.000204 | 1.550640 ± 0.004796 | 3.649158 ± 0.031342 | 0.611115
0.96 | 1.04 | 0 | 1e+00 | 300 | 0.378926 ± 0.000084 | 0.085632 ± 0.000331 | 1.550640 ± 0.005485 | 3.649466 ± 0.031337 | 0.611043
0.96 | 1.04 | 0 | 1e-01 | 300 | 0.378926 ± 0.000082 | 0.085632 ± 0.000357 | 1.550640 ± 0.005608 | 3.649608 ± 0.031336 | 0.611041
0.96 | 1.04 | 0 | 5e+00 | 400 | 0.378927 ± 0.000102 | 0.085633 ± 0.000204 | 1.550640 ± 0.004796 | 3.649158 ± 0.031342 | 0.611115
0.96 | 1.04 | 0 | 1e+00 | 400 | 0.378926 ± 0.000084 | 0.085632 ± 0.000331 | 1.550640 ± 0.005485 | 3.649466 ± 0.031337 | 0.611043
0.96 | 1.04 | 0 | 1e-01 | 400 | 0.378927 ± 0.000081 | 0.085632 ± 0.000518 | 1.550640 ± 0.005884 | 3.649290 ± 0.031334 | 0.611034
0.96 | 1.04 | 0 | 1e-02 | 400 | 0.378927 ± 0.000079 | 0.085632 ± 0.000510 | 1.550640 ± 0.005868 | 3.649338 ± 0.031335 | 0.611032
0.96 | 1.04 | 0 | 5e+00 | 500 | 0.378927 ± 0.000102 | 0.085633 ± 0.000204 | 1.550640 ± 0.004796 | 3.649158 ± 0.031342 | 0.611115
0.96 | 1.04 | 0 | 1e+00 | 500 | 0.378926 ± 0.000084 | 0.085632 ± 0.000331 | 1.550640 ± 0.005485 | 3.649466 ± 0.031337 | 0.611043
0.96 | 1.04 | 0 | 1e-01 | 500 | 0.378927 ± 0.000081 | 0.085632 ± 0.000518 | 1.550640 ± 0.005884 | 3.649290 ± 0.031334 | 0.611034
0.96 | 1.04 | 0 | 1e-02 | 500 | 0.378927 ± 0.000079 | 0.085632 ± 0.000510 | 1.550640 ± 0.005868 | 3.649338 ± 0.031335 | 0.611032
0.96 | 1.04 | 0 | 5e+00 | 600 | 0.378927 ± 0.000102 | 0.085633 ± 0.000204 | 1.550640 ± 0.004796 | 3.649158 ± 0.031342 | 0.611115
0.96 | 1.04 | 0 | 1e+00 | 600 | 0.378926 ± 0.000084 | 0.085632 ± 0.000331 | 1.550640 ± 0.005485 | 3.649466 ± 0.031337 | 0.611043
0.96 | 1.04 | 0 | 1e-01 | 600 | 0.378927 ± 0.000081 | 0.085632 ± 0.000518 | 1.550640 ± 0.005884 | 3.649290 ± 0.031334 | 0.611034
0.96 | 1.04 | 0 | 1e-02 | 600 | 0.378927 ± 0.000079 | 0.085632 ± 0.000510 | 1.550640 ± 0.005868 | 3.649338 ± 0.031335 | 0.611032
0.96 | 1.04 | 0 | 5e+00 | 700 | 0.378927 ± 0.000102 | 0.085633 ± 0.000204 | 1.550640 ± 0.004796 | 3.649158 ± 0.031342 | 0.611115
0.96 | 1.04 | 0 | 1e+00 | 700 | 0.378926 ± 0.000084 | 0.085632 ± 0.000331 | 1.550640 ± 0.005485 | 3.649466 ± 0.031337 | 0.611043
0.96 | 1.04 | 0 | 1e-01 | 700 | 0.378927 ± 0.000081 | 0.085632 ± 0.000518 | 1.550640 ± 0.005884 | 3.649290 ± 0.031334 | 0.611034
0.96 | 1.04 | 0 | 1e-02 | 700 | 0.378927 ± 0.000079 | 0.085632 ± 0.000510 | 1.550640 ± 0.005868 | 3.649338 ± 0.031335 | 0.611032
0.96 | 1.04 | 0 | 5e+00 | 800 | 0.378927 ± 0.000102 | 0.085633 ± 0.000204 | 1.550640 ± 0.004796 | 3.649158 ± 0.031342 | 0.611115
0.96 | 1.04 | 0 | 1e+00 | 800 | 0.378926 ± 0.000084 | 0.085632 ± 0.000331 | 1.550640 ± 0.005485 | 3.649466 ± 0.031337 | 0.611043
0.96 | 1.04 | 0 | 1e-01 | 800 | 0.378927 ± 0.000081 | 0.085632 ± 0.000518 | 1.550640 ± 0.005884 | 3.649290 ± 0.031334 | 0.611034
0.96 | 1.04 | 0 | 1e-02 | 800 | 0.378927 ± 0.000079 | 0.085632 ± 0.000510 | 1.550640 ± 0.005868 | 3.649338 ± 0.031335 | 0.611032
0.96 | 1.04 | 2 | 5e+00 | 300 | 0.378928 ± 0.000091 | 0.085632 ± 0.000529 | 1.550640 ± 0.005900 | 3.649309 ± 0.031334 | 0.611041
0.96 | 1.04 | 2 | 1e+00 | 300 | 0.378928 ± 0.000091 | 0.085632 ± 0.000529 | 1.550640 ± 0.005900 | 3.649309 ± 0.031334 | 0.611041
0.96 | 1.04 | 2 | 1e-01 | 300 | 0.378927 ± 0.000080 | 0.085632 ± 0.000511 | 1.550640 ± 0.005864 | 3.649333 ± 0.031335 | 0.611033
0.96 | 1.04 | 2 | 1e-02 | 300 | 0.378927 ± 0.000079 | 0.085632 ± 0.000503 | 1.550640 ± 0.005852 | 3.649329 ± 0.031335 | 0.611032
0.96 | 1.04 | 2 | 5e+00 | 400 | 0.378928 ± 0.000091 | 0.085632 ± 0.000529 | 1.550640 ± 0.005900 | 3.649309 ± 0.031334 | 0.611041
0.96 | 1.04 | 2 | 1e+00 | 400 | 0.378928 ± 0.000091 | 0.085632 ± 0.000529 | 1.550640 ± 0.005900 | 3.649309 ± 0.031334 | 0.611041
0.96 | 1.04 | 2 | 1e-01 | 400 | 0.378927 ± 0.000080 | 0.085632 ± 0.000511 | 1.550640 ± 0.005864 | 3.649333 ± 0.031335 | 0.611033
0.96 | 1.04 | 2 | 1e-02 | 400 | 0.378927 ± 0.000079 | 0.085632 ± 0.000503 | 1.550640 ± 0.005852 | 3.649329 ± 0.031334 | 0.611032
0.96 | 1.04 | 2 | 5e+00 | 500 | 0.378928 ± 0.000091 | 0.085632 ± 0.000529 | 1.550640 ± 0.005900 | 3.649309 ± 0.031334 | 0.611041
0.96 | 1.04 | 2 | 1e+00 | 500 | 0.378928 ± 0.000091 | 0.085632 ± 0.000529 | 1.550640 ± 0.005900 | 3.649309 ± 0.031334 | 0.611041
0.96 | 1.04 | 2 | 1e-01 | 500 | 0.378927 ± 0.000080 | 0.085632 ± 0.000511 | 1.550640 ± 0.005864 | 3.649333 ± 0.031335 | 0.611033
0.96 | 1.04 | 2 | 1e-02 | 500 | 0.378927 ± 0.000079 | 0.085632 ± 0.000503 | 1.550640 ± 0.005852 | 3.649329 ± 0.031334 | 0.611032
0.96 | 1.04 | 2 | 5e+00 | 600 | 0.378928 ± 0.000091 | 0.085632 ± 0.000529 | 1.550640 ± 0.005900 | 3.649309 ± 0.031334 | 0.611041
0.96 | 1.04 | 2 | 1e+00 | 600 | 0.378928 ± 0.000091 | 0.085632 ± 0.000529 | 1.550640 ± 0.005900 | 3.649309 ± 0.031334 | 0.611041
0.96 | 1.04 | 2 | 1e-01 | 600 | 0.378927 ± 0.000080 | 0.085632 ± 0.000511 | 1.550640 ± 0.005864 | 3.649333 ± 0.031335 | 0.611033
0.96 | 1.04 | 2 | 1e-02 | 600 | 0.378927 ± 0.000079 | 0.085632 ± 0.000503 | 1.550640 ± 0.005852 | 3.649329 ± 0.031334 | 0.611032
0.96 | 1.04 | 2 | 5e+00 | 700 | 0.378928 ± 0.000091 | 0.085632 ± 0.000529 | 1.550640 ± 0.005900 | 3.649309 ± 0.031334 | 0.611041
0.96 | 1.04 | 2 | 1e+00 | 700 | 0.378928 ± 0.000091 | 0.085632 ± 0.000529 | 1.550640 ± 0.005900 | 3.649309 ± 0.031334 | 0.611041
0.96 | 1.04 | 2 | 1e-01 | 700 | 0.378927 ± 0.000080 | 0.085632 ± 0.000511 | 1.550640 ± 0.005864 | 3.649333 ± 0.031335 | 0.611033
0.96 | 1.04 | 2 | 1e-02 | 700 | 0.378927 ± 0.000079 | 0.085632 ± 0.000503 | 1.550640 ± 0.005852 | 3.649329 ± 0.031334 | 0.611032
0.96 | 1.04 | 2 | 5e+00 | 800 | 0.378928 ± 0.000091 | 0.085632 ± 0.000529 | 1.550640 ± 0.005900 | 3.649309 ± 0.031334 | 0.611041
0.96 | 1.04 | 2 | 1e+00 | 800 | 0.378928 ± 0.000091 | 0.085632 ± 0.000529 | 1.550640 ± 0.005900 | 3.649309 ± 0.031334 | 0.611041
0.96 | 1.04 | 2 | 1e-01 | 800 | 0.378927 ± 0.000080 | 0.085632 ± 0.000511 | 1.550640 ± 0.005864 | 3.649333 ± 0.031335 | 0.611033
0.96 | 1.04 | 2 | 1e-02 | 800 | 0.378927 ± 0.000079 | 0.085632 ± 0.000503 | 1.550640 ± 0.005852 | 3.649329 ± 0.031334 | 0.611032
0.97 | 1.03 | 0 | 5e+00 | 300 | 0.381254 ± 0.000081 | 0.086524 ± 0.000309 | 1.535730 ± 0.004819 | 3.713998 ± 0.031227 | 0.718094
0.97 | 1.03 | 0 | 1e+00 | 300 | 0.381254 ± 0.000081 | 0.086524 ± 0.000309 | 1.535730 ± 0.004819 | 3.713998 ± 0.031227 | 0.718094
0.97 | 1.03 | 0 | 1e-01 | 300 | 0.381256 ± 0.000082 | 0.086524 ± 0.000455 | 1.535730 ± 0.005077 | 3.713692 ± 0.031225 | 0.718087
0.97 | 1.03 | 0 | 1e-02 | 300 | 0.381256 ± 0.000082 | 0.086524 ± 0.000455 | 1.535730 ± 0.005077 | 3.713692 ± 0.031225 | 0.718087
0.97 | 1.03 | 0 | 5e+00 | 400 | 0.381254 ± 0.000081 | 0.086524 ± 0.000309 | 1.535730 ± 0.004819 | 3.713998 ± 0.031227 | 0.718094
0.97 | 1.03 | 0 | 1e+00 | 400 | 0.381254 ± 0.000081 | 0.086524 ± 0.000309 | 1.535730 ± 0.004819 | 3.713998 ± 0.031227 | 0.718094
0.97 | 1.03 | 0 | 1e-01 | 400 | 0.381256 ± 0.000082 | 0.086524 ± 0.000455 | 1.535730 ± 0.005077 | 3.713692 ± 0.031225 | 0.718087
0.97 | 1.03 | 0 | 1e-02 | 400 | 0.381256 ± 0.000082 | 0.086524 ± 0.000455 | 1.535730 ± 0.005077 | 3.713692 ± 0.031225 | 0.718087
0.97 | 1.03 | 0 | 5e+00 | 500 | 0.381254 ± 0.000081 | 0.086524 ± 0.000309 | 1.535730 ± 0.004819 | 3.713998 ± 0.031227 | 0.718094
0.97 | 1.03 | 0 | 1e+00 | 500 | 0.381254 ± 0.000081 | 0.086524 ± 0.000309 | 1.535730 ± 0.004819 | 3.713998 ± 0.031227 | 0.718094
0.97 | 1.03 | 0 | 1e-01 | 500 | 0.381256 ± 0.000082 | 0.086524 ± 0.000455 | 1.535730 ± 0.005077 | 3.713692 ± 0.031225 | 0.718087
0.97 | 1.03 | 0 | 1e-02 | 500 | 0.381256 ± 0.000082 | 0.086524 ± 0.000455 | 1.535730 ± 0.005077 | 3.713692 ± 0.031225 | 0.718087
0.97 | 1.03 | 0 | 5e+00 | 600 | 0.381254 ± 0.000081 | 0.086524 ± 0.000309 | 1.535730 ± 0.004819 | 3.713998 ± 0.031227 | 0.718094
0.97 | 1.03 | 0 | 1e+00 | 600 | 0.381254 ± 0.000081 | 0.086524 ± 0.000309 | 1.535730 ± 0.004819 | 3.713998 ± 0.031227 | 0.718094
0.97 | 1.03 | 0 | 1e-01 | 600 | 0.381256 ± 0.000082 | 0.086524 ± 0.000455 | 1.535730 ± 0.005077 | 3.713692 ± 0.031225 | 0.718087
0.97 | 1.03 | 0 | 1e-02 | 600 | 0.381256 ± 0.000082 | 0.086524 ± 0.000455 | 1.535730 ± 0.005077 | 3.713692 ± 0.031225 | 0.718087
0.97 | 1.03 | 0 | 5e+00 | 700 | 0.381254 ± 0.000081 | 0.086524 ± 0.000309 | 1.535730 ± 0.004819 | 3.713998 ± 0.031227 | 0.718094
0.97 | 1.03 | 0 | 1e+00 | 700 | 0.381254 ± 0.000081 | 0.086524 ± 0.000309 | 1.535730 ± 0.004819 | 3.713998 ± 0.031227 | 0.718094
0.97 | 1.03 | 0 | 1e-01 | 700 | 0.381256 ± 0.000082 | 0.086524 ± 0.000455 | 1.535730 ± 0.005077 | 3.713692 ± 0.031225 | 0.718087
0.97 | 1.03 | 0 | 1e-02 | 700 | 0.381256 ± 0.000082 | 0.086524 ± 0.000455 | 1.535730 ± 0.005077 | 3.713692 ± 0.031225 | 0.718087
0.97 | 1.03 | 0 | 5e+00 | 800 | 0.381254 ± 0.000081 | 0.086524 ± 0.000309 | 1.535730 ± 0.004819 | 3.713998 ± 0.031227 | 0.718094
0.97 | 1.03 | 0 | 1e+00 | 800 | 0.381254 ± 0.000081 | 0.086524 ± 0.000309 | 1.535730 ± 0.004819 | 3.713998 ± 0.031227 | 0.718094
0.97 | 1.03 | 0 | 1e-01 | 800 | 0.381256 ± 0.000082 | 0.086524 ± 0.000455 | 1.535730 ± 0.005077 | 3.713692 ± 0.031225 | 0.718087
0.97 | 1.03 | 0 | 1e-02 | 800 | 0.381256 ± 0.000082 | 0.086524 ± 0.000455 | 1.535730 ± 0.005077 | 3.713692 ± 0.031225 | 0.718087
0.97 | 1.03 | 2 | 5e+00 | 300 | 0.381256 ± 0.000082 | 0.086524 ± 0.000421 | 1.535730 ± 0.005031 | 3.713735 ± 0.031225 | 0.718088
0.97 | 1.03 | 2 | 1e+00 | 300 | 0.381256 ± 0.000082 | 0.086524 ± 0.000421 | 1.535730 ± 0.005031 | 3.713735 ± 0.031225 | 0.718088
0.97 | 1.03 | 2 | 1e-01 | 300 | 0.381256 ± 0.000082 | 0.086524 ± 0.000448 | 1.535730 ± 0.005071 | 3.713698 ± 0.031225 | 0.718088
0.97 | 1.03 | 2 | 1e-02 | 300 | 0.381256 ± 0.000081 | 0.086524 ± 0.000443 | 1.535730 ± 0.005063 | 3.713698 ± 0.031225 | 0.718087
0.97 | 1.03 | 2 | 5e+00 | 400 | 0.381256 ± 0.000082 | 0.086524 ± 0.000421 | 1.535730 ± 0.005031 | 3.713735 ± 0.031225 | 0.718088
0.97 | 1.03 | 2 | 1e+00 | 400 | 0.381256 ± 0.000082 | 0.086524 ± 0.000421 | 1.535730 ± 0.005031 | 3.713735 ± 0.031225 | 0.718088
0.97 | 1.03 | 2 | 1e-01 | 400 | 0.381256 ± 0.000082 | 0.086524 ± 0.000448 | 1.535730 ± 0.005071 | 3.713698 ± 0.031225 | 0.718088
0.97 | 1.03 | 2 | 1e-02 | 400 | 0.381256 ± 0.000081 | 0.086524 ± 0.000443 | 1.535730 ± 0.005063 | 3.713698 ± 0.031225 | 0.718087
0.97 | 1.03 | 2 | 5e+00 | 500 | 0.381256 ± 0.000082 | 0.086524 ± 0.000421 | 1.535730 ± 0.005031 | 3.713735 ± 0.031225 | 0.718088
0.97 | 1.03 | 2 | 1e+00 | 500 | 0.381256 ± 0.000082 | 0.086524 ± 0.000421 | 1.535730 ± 0.005031 | 3.713735 ± 0.031225 | 0.718088
0.97 | 1.03 | 2 | 1e-01 | 500 | 0.381256 ± 0.000082 | 0.086524 ± 0.000448 | 1.535730 ± 0.005071 | 3.713698 ± 0.031225 | 0.718088
0.97 | 1.03 | 2 | 1e-02 | 500 | 0.381256 ± 0.000081 | 0.086524 ± 0.000443 | 1.535730 ± 0.005063 | 3.713698 ± 0.031225 | 0.718087
0.97 | 1.03 | 2 | 5e+00 | 600 | 0.381256 ± 0.000082 | 0.086524 ± 0.000421 | 1.535730 ± 0.005031 | 3.713735 ± 0.031225 | 0.718088
0.97 | 1.03 | 2 | 1e+00 | 600 | 0.381256 ± 0.000082 | 0.086524 ± 0.000421 | 1.535730 ± 0.005031 | 3.713735 ± 0.031225 | 0.718088
0.97 | 1.03 | 2 | 1e-01 | 600 | 0.381256 ± 0.000082 | 0.086524 ± 0.000448 | 1.535730 ± 0.005071 | 3.713698 ± 0.031225 | 0.718088
0.97 | 1.03 | 2 | 1e-02 | 600 | 0.381256 ± 0.000081 | 0.086524 ± 0.000443 | 1.535730 ± 0.005063 | 3.713698 ± 0.031225 | 0.718087
0.97 | 1.03 | 2 | 5e+00 | 700 | 0.381256 ± 0.000082 | 0.086524 ± 0.000421 | 1.535730 ± 0.005031 | 3.713735 ± 0.031225 | 0.718088
0.97 | 1.03 | 2 | 1e+00 | 700 | 0.381256 ± 0.000082 | 0.086524 ± 0.000421 | 1.535730 ± 0.005031 | 3.713735 ± 0.031225 | 0.718088
0.97 | 1.03 | 2 | 1e-01 | 700 | 0.381256 ± 0.000082 | 0.086524 ± 0.000448 | 1.535730 ± 0.005071 | 3.713698 ± 0.031225 | 0.718088
0.97 | 1.03 | 2 | 1e-02 | 700 | 0.381256 ± 0.000081 | 0.086524 ± 0.000443 | 1.535730 ± 0.005063 | 3.713698 ± 0.031225 | 0.718087
0.97 | 1.03 | 2 | 5e+00 | 800 | 0.381256 ± 0.000082 | 0.086524 ± 0.000421 | 1.535730 ± 0.005031 | 3.713735 ± 0.031225 | 0.718088
0.97 | 1.03 | 2 | 1e+00 | 800 | 0.381256 ± 0.000082 | 0.086524 ± 0.000421 | 1.535730 ± 0.005031 | 3.713735 ± 0.031225 | 0.718088
0.97 | 1.03 | 2 | 1e-01 | 800 | 0.381256 ± 0.000082 | 0.086524 ± 0.000448 | 1.535730 ± 0.005071 | 3.713698 ± 0.031225 | 0.718088
0.97 | 1.03 | 2 | 1e-02 | 800 | 0.381256 ± 0.000081 | 0.086524 ± 0.000443 | 1.535730 ± 0.005063 | 3.713698 ± 0.031225 | 0.718087
0.98 | 1.02 | 0 | 5e+00 | 300 | 0.383598 ± 0.000084 | 0.087416 ± 0.000409 | 1.520820 ± 0.004475 | 3.777770 ± 0.031119 | 0.839923
0.98 | 1.02 | 0 | 1e+00 | 300 | 0.383598 ± 0.000084 | 0.087416 ± 0.000409 | 1.520820 ± 0.004475 | 3.777770 ± 0.031119 | 0.839923
0.98 | 1.02 | 0 | 1e-01 | 300 | 0.383598 ± 0.000084 | 0.087416 ± 0.000409 | 1.520820 ± 0.004475 | 3.777770 ± 0.031119 | 0.839923
0.98 | 1.02 | 0 | 1e-02 | 300 | 0.383598 ± 0.000084 | 0.087416 ± 0.000409 | 1.520820 ± 0.004475 | 3.777770 ± 0.031119 | 0.839923
0.98 | 1.02 | 0 | 5e+00 | 400 | 0.383598 ± 0.000084 | 0.087416 ± 0.000409 | 1.520820 ± 0.004475 | 3.777770 ± 0.031119 | 0.839923
0.98 | 1.02 | 0 | 1e+00 | 400 | 0.383598 ± 0.000084 | 0.087416 ± 0.000409 | 1.520820 ± 0.004475 | 3.777770 ± 0.031119 | 0.839923
0.98 | 1.02 | 0 | 1e-01 | 400 | 0.383598 ± 0.000084 | 0.087416 ± 0.000409 | 1.520820 ± 0.004475 | 3.777770 ± 0.031119 | 0.839923
0.98 | 1.02 | 0 | 1e-02 | 400 | 0.383598 ± 0.000084 | 0.087416 ± 0.000409 | 1.520820 ± 0.004475 | 3.777770 ± 0.031119 | 0.839923
0.98 | 1.02 | 0 | 5e+00 | 500 | 0.383598 ± 0.000084 | 0.087416 ± 0.000409 | 1.520820 ± 0.004475 | 3.777770 ± 0.031119 | 0.839923
0.98 | 1.02 | 0 | 1e+00 | 500 | 0.383598 ± 0.000084 | 0.087416 ± 0.000409 | 1.520820 ± 0.004475 | 3.777770 ± 0.031119 | 0.839923
0.98 | 1.02 | 0 | 1e-01 | 500 | 0.383598 ± 0.000084 | 0.087416 ± 0.000409 | 1.520820 ± 0.004475 | 3.777770 ± 0.031119 | 0.839923
0.98 | 1.02 | 0 | 1e-02 | 500 | 0.383598 ± 0.000084 | 0.087416 ± 0.000409 | 1.520820 ± 0.004475 | 3.777770 ± 0.031119 | 0.839923
0.98 | 1.02 | 0 | 5e+00 | 600 | 0.383598 ± 0.000084 | 0.087416 ± 0.000409 | 1.520820 ± 0.004475 | 3.777770 ± 0.031119 | 0.839923
0.98 | 1.02 | 0 | 1e+00 | 600 | 0.383598 ± 0.000084 | 0.087416 ± 0.000409 | 1.520820 ± 0.004475 | 3.777770 ± 0.031119 | 0.839923
0.98 | 1.02 | 0 | 1e-01 | 600 | 0.383598 ± 0.000084 | 0.087416 ± 0.000409 | 1.520820 ± 0.004475 | 3.777770 ± 0.031119 | 0.839923
0.98 | 1.02 | 0 | 1e-02 | 600 | 0.383598 ± 0.000084 | 0.087416 ± 0.000409 | 1.520820 ± 0.004475 | 3.777770 ± 0.031119 | 0.839923
0.98 | 1.02 | 0 | 5e+00 | 700 | 0.383598 ± 0.000084 | 0.087416 ± 0.000409 | 1.520820 ± 0.004475 | 3.777770 ± 0.031119 | 0.839923
0.98 | 1.02 | 0 | 1e+00 | 700 | 0.383598 ± 0.000084 | 0.087416 ± 0.000409 | 1.520820 ± 0.004475 | 3.777770 ± 0.031119 | 0.839923
0.98 | 1.02 | 0 | 1e-01 | 700 | 0.383598 ± 0.000084 | 0.087416 ± 0.000409 | 1.520820 ± 0.004475 | 3.777770 ± 0.031119 | 0.839923
0.98 | 1.02 | 0 | 1e-02 | 700 | 0.383598 ± 0.000084 | 0.087416 ± 0.000409 | 1.520820 ± 0.004475 | 3.777770 ± 0.031119 | 0.839923
0.98 | 1.02 | 0 | 5e+00 | 800 | 0.383598 ± 0.000084 | 0.087416 ± 0.000409 | 1.520820 ± 0.004475 | 3.777770 ± 0.031119 | 0.839923
0.98 | 1.02 | 0 | 1e+00 | 800 | 0.383598 ± 0.000084 | 0.087416 ± 0.000409 | 1.520820 ± 0.004475 | 3.777770 ± 0.031119 | 0.839923
0.98 | 1.02 | 0 | 1e-01 | 800 | 0.383598 ± 0.000084 | 0.087416 ± 0.000409 | 1.520820 ± 0.004475 | 3.777770 ± 0.031119 | 0.839923
0.98 | 1.02 | 0 | 1e-02 | 800 | 0.383598 ± 0.000084 | 0.087416 ± 0.000409 | 1.520820 ± 0.004475 | 3.777770 ± 0.031119 | 0.839923
0.98 | 1.02 | 2 | 5e+00 | 300 | 0.383595 ± 0.000084 | 0.087416 ± 0.000188 | 1.520820 ± 0.003925 | 3.778440 ± 0.031124 | 0.839970
0.98 | 1.02 | 2 | 1e+00 | 300 | 0.383598 ± 0.000084 | 0.087416 ± 0.000395 | 1.520820 ± 0.004446 | 3.777741 ± 0.031120 | 0.839924
0.98 | 1.02 | 2 | 1e-01 | 300 | 0.383598 ± 0.000084 | 0.087416 ± 0.000395 | 1.520820 ± 0.004446 | 3.777741 ± 0.031119 | 0.839924
0.98 | 1.02 | 2 | 1e-02 | 300 | 0.383598 ± 0.000084 | 0.087416 ± 0.000395 | 1.520820 ± 0.004446 | 3.777741 ± 0.031119 | 0.839924
0.98 | 1.02 | 2 | 5e+00 | 400 | 0.383595 ± 0.000084 | 0.087416 ± 0.000188 | 1.520820 ± 0.003925 | 3.778440 ± 0.031124 | 0.839970
0.98 | 1.02 | 2 | 1e+00 | 400 | 0.383598 ± 0.000084 | 0.087416 ± 0.000395 | 1.520820 ± 0.004446 | 3.777741 ± 0.031120 | 0.839924
0.98 | 1.02 | 2 | 1e-01 | 400 | 0.383598 ± 0.000084 | 0.087416 ± 0.000395 | 1.520820 ± 0.004446 | 3.777741 ± 0.031119 | 0.839924
0.98 | 1.02 | 2 | 1e-02 | 400 | 0.383598 ± 0.000084 | 0.087416 ± 0.000395 | 1.520820 ± 0.004446 | 3.777741 ± 0.031119 | 0.839924
0.98 | 1.02 | 2 | 5e+00 | 500 | 0.383595 ± 0.000084 | 0.087416 ± 0.000188 | 1.520820 ± 0.003925 | 3.778440 ± 0.031124 | 0.839970
0.98 | 1.02 | 2 | 1e+00 | 500 | 0.383598 ± 0.000084 | 0.087416 ± 0.000395 | 1.520820 ± 0.004446 | 3.777741 ± 0.031120 | 0.839924
0.98 | 1.02 | 2 | 1e-01 | 500 | 0.383598 ± 0.000084 | 0.087416 ± 0.000395 | 1.520820 ± 0.004446 | 3.777741 ± 0.031119 | 0.839924
0.98 | 1.02 | 2 | 1e-02 | 500 | 0.383598 ± 0.000084 | 0.087416 ± 0.000395 | 1.520820 ± 0.004446 | 3.777741 ± 0.031119 | 0.839924
0.98 | 1.02 | 2 | 5e+00 | 600 | 0.383595 ± 0.000084 | 0.087416 ± 0.000188 | 1.520820 ± 0.003925 | 3.778440 ± 0.031124 | 0.839970
0.98 | 1.02 | 2 | 1e+00 | 600 | 0.383598 ± 0.000084 | 0.087416 ± 0.000395 | 1.520820 ± 0.004446 | 3.777741 ± 0.031120 | 0.839924
0.98 | 1.02 | 2 | 1e-01 | 600 | 0.383598 ± 0.000084 | 0.087416 ± 0.000395 | 1.520820 ± 0.004446 | 3.777741 ± 0.031119 | 0.839924
0.98 | 1.02 | 2 | 1e-02 | 600 | 0.383598 ± 0.000084 | 0.087416 ± 0.000395 | 1.520820 ± 0.004446 | 3.777741 ± 0.031119 | 0.839924
0.98 | 1.02 | 2 | 5e+00 | 700 | 0.383595 ± 0.000084 | 0.087416 ± 0.000188 | 1.520820 ± 0.003925 | 3.778440 ± 0.031124 | 0.839970
0.98 | 1.02 | 2 | 1e+00 | 700 | 0.383598 ± 0.000084 | 0.087416 ± 0.000395 | 1.520820 ± 0.004446 | 3.777741 ± 0.031120 | 0.839924
0.98 | 1.02 | 2 | 1e-01 | 700 | 0.383598 ± 0.000084 | 0.087416 ± 0.000395 | 1.520820 ± 0.004446 | 3.777741 ± 0.031119 | 0.839924
0.98 | 1.02 | 2 | 1e-02 | 700 | 0.383598 ± 0.000084 | 0.087416 ± 0.000395 | 1.520820 ± 0.004446 | 3.777741 ± 0.031119 | 0.839924
0.98 | 1.02 | 2 | 5e+00 | 800 | 0.383595 ± 0.000084 | 0.087416 ± 0.000188 | 1.520820 ± 0.003925 | 3.778440 ± 0.031124 | 0.839970
0.98 | 1.02 | 2 | 1e+00 | 800 | 0.383598 ± 0.000084 | 0.087416 ± 0.000395 | 1.520820 ± 0.004446 | 3.777741 ± 0.031120 | 0.839924
0.98 | 1.02 | 2 | 1e-01 | 800 | 0.383598 ± 0.000084 | 0.087416 ± 0.000395 | 1.520820 ± 0.004446 | 3.777741 ± 0.031119 | 0.839924
0.98 | 1.02 | 2 | 1e-02 | 800 | 0.383598 ± 0.000084 | 0.087416 ± 0.000395 | 1.520820 ± 0.004446 | 3.777741 ± 0.031119 | 0.839924
0.99 | 1.01 | 0 | 5e+00 | 300 | 0.385957 ± 0.000086 | 0.088308 ± 0.000376 | 1.505910 ± 0.003850 | 3.840722 ± 0.031019 | 0.976357
0.99 | 1.01 | 0 | 1e+00 | 300 | 0.385957 ± 0.000086 | 0.088308 ± 0.000376 | 1.505910 ± 0.003850 | 3.840722 ± 0.031019 | 0.976357
0.99 | 1.01 | 0 | 1e-01 | 300 | 0.385956 ± 0.000086 | 0.088308 ± 0.000347 | 1.505910 ± 0.003908 | 3.841492 ± 0.031018 | 0.976342
0.99 | 1.01 | 0 | 1e-02 | 300 | 0.385956 ± 0.000086 | 0.088308 ± 0.000347 | 1.505910 ± 0.003908 | 3.841492 ± 0.031018 | 0.976342
0.99 | 1.01 | 0 | 5e+00 | 400 | 0.385957 ± 0.000086 | 0.088308 ± 0.000376 | 1.505910 ± 0.003850 | 3.840722 ± 0.031019 | 0.976357
0.99 | 1.01 | 0 | 1e+00 | 400 | 0.385957 ± 0.000086 | 0.088308 ± 0.000376 | 1.505910 ± 0.003850 | 3.840722 ± 0.031019 | 0.976357
0.99 | 1.01 | 0 | 1e-01 | 400 | 0.385956 ± 0.000086 | 0.088308 ± 0.000347 | 1.505910 ± 0.003908 | 3.841492 ± 0.031018 | 0.976342
0.99 | 1.01 | 0 | 1e-02 | 400 | 0.385956 ± 0.000086 | 0.088308 ± 0.000347 | 1.505910 ± 0.003908 | 3.841492 ± 0.031018 | 0.976342
0.99 | 1.01 | 0 | 5e+00 | 500 | 0.385957 ± 0.000086 | 0.088308 ± 0.000376 | 1.505910 ± 0.003850 | 3.840722 ± 0.031019 | 0.976357
0.99 | 1.01 | 0 | 1e+00 | 500 | 0.385957 ± 0.000086 | 0.088308 ± 0.000376 | 1.505910 ± 0.003850 | 3.840722 ± 0.031019 | 0.976357
0.99 | 1.01 | 0 | 1e-01 | 500 | 0.385956 ± 0.000086 | 0.088308 ± 0.000347 | 1.505910 ± 0.003908 | 3.841492 ± 0.031018 | 0.976342
0.99 | 1.01 | 0 | 1e-02 | 500 | 0.385956 ± 0.000086 | 0.088308 ± 0.000347 | 1.505910 ± 0.003908 | 3.841492 ± 0.031018 | 0.976342
0.99 | 1.01 | 0 | 5e+00 | 600 | 0.385957 ± 0.000086 | 0.088308 ± 0.000376 | 1.505910 ± 0.003850 | 3.840722 ± 0.031019 | 0.976357
0.99 | 1.01 | 0 | 1e+00 | 600 | 0.385957 ± 0.000086 | 0.088308 ± 0.000376 | 1.505910 ± 0.003850 | 3.840722 ± 0.031019 | 0.976357
0.99 | 1.01 | 0 | 1e-01 | 600 | 0.385956 ± 0.000086 | 0.088308 ± 0.000347 | 1.505910 ± 0.003908 | 3.841492 ± 0.031018 | 0.976342
0.99 | 1.01 | 0 | 1e-02 | 600 | 0.385956 ± 0.000086 | 0.088308 ± 0.000347 | 1.505910 ± 0.003908 | 3.841492 ± 0.031018 | 0.976342
0.99 | 1.01 | 0 | 5e+00 | 700 | 0.385957 ± 0.000086 | 0.088308 ± 0.000376 | 1.505910 ± 0.003850 | 3.840722 ± 0.031019 | 0.976357
0.99 | 1.01 | 0 | 1e+00 | 700 | 0.385957 ± 0.000086 | 0.088308 ± 0.000376 | 1.505910 ± 0.003850 | 3.840722 ± 0.031019 | 0.976357
0.99 | 1.01 | 0 | 1e-01 | 700 | 0.385956 ± 0.000086 | 0.088308 ± 0.000347 | 1.505910 ± 0.003908 | 3.841492 ± 0.031018 | 0.976342
0.99 | 1.01 | 0 | 1e-02 | 700 | 0.385956 ± 0.000086 | 0.088308 ± 0.000347 | 1.505910 ± 0.003908 | 3.841492 ± 0.031018 | 0.976342
0.99 | 1.01 | 0 | 5e+00 | 800 | 0.385957 ± 0.000086 | 0.088308 ± 0.000376 | 1.505910 ± 0.003850 | 3.840722 ± 0.031019 | 0.976357
0.99 | 1.01 | 0 | 1e+00 | 800 | 0.385957 ± 0.000086 | 0.088308 ± 0.000376 | 1.505910 ± 0.003850 | 3.840722 ± 0.031019 | 0.976357
0.99 | 1.01 | 0 | 1e-01 | 800 | 0.385956 ± 0.000086 | 0.088308 ± 0.000347 | 1.505910 ± 0.003908 | 3.841492 ± 0.031018 | 0.976342
0.99 | 1.01 | 0 | 1e-02 | 800 | 0.385956 ± 0.000086 | 0.088308 ± 0.000347 | 1.505910 ± 0.003908 | 3.841492 ± 0.031018 | 0.976342
0.99 | 1.01 | 2 | 5e+00 | 300 | 0.385956 ± 0.000086 | 0.088308 ± 0.000298 | 1.505910 ± 0.003743 | 3.840929 ± 0.031020 | 0.976351
0.99 | 1.01 | 2 | 1e+00 | 300 | 0.385956 ± 0.000086 | 0.088308 ± 0.000298 | 1.505910 ± 0.003743 | 3.840929 ± 0.031020 | 0.976351
0.99 | 1.01 | 2 | 1e-01 | 300 | 0.385956 ± 0.000086 | 0.088308 ± 0.000346 | 1.505910 ± 0.003905 | 3.841490 ± 0.031018 | 0.976342
0.99 | 1.01 | 2 | 1e-02 | 300 | 0.385956 ± 0.000086 | 0.088308 ± 0.000346 | 1.505910 ± 0.003905 | 3.841490 ± 0.031018 | 0.976342
0.99 | 1.01 | 2 | 5e+00 | 400 | 0.385956 ± 0.000086 | 0.088308 ± 0.000298 | 1.505910 ± 0.003743 | 3.840929 ± 0.031020 | 0.976351
0.99 | 1.01 | 2 | 1e+00 | 400 | 0.385956 ± 0.000086 | 0.088308 ± 0.000298 | 1.505910 ± 0.003743 | 3.840929 ± 0.031020 | 0.976351
0.99 | 1.01 | 2 | 1e-01 | 400 | 0.385956 ± 0.000086 | 0.088308 ± 0.000346 | 1.505910 ± 0.003905 | 3.841490 ± 0.031018 | 0.976342
0.99 | 1.01 | 2 | 1e-02 | 400 | 0.385956 ± 0.000086 | 0.088308 ± 0.000346 | 1.505910 ± 0.003905 | 3.841490 ± 0.031018 | 0.976342
0.99 | 1.01 | 2 | 5e+00 | 500 | 0.385956 ± 0.000086 | 0.088308 ± 0.000298 | 1.505910 ± 0.003743 | 3.840929 ± 0.031020 | 0.976351
0.99 | 1.01 | 2 | 1e+00 | 500 | 0.385956 ± 0.000086 | 0.088308 ± 0.000298 | 1.505910 ± 0.003743 | 3.840929 ± 0.031020 | 0.976351
0.99 | 1.01 | 2 | 1e-01 | 500 | 0.385956 ± 0.000086 | 0.088308 ± 0.000346 | 1.505910 ± 0.003905 | 3.841490 ± 0.031018 | 0.976342
0.99 | 1.01 | 2 | 1e-02 | 500 | 0.385956 ± 0.000086 | 0.088308 ± 0.000346 | 1.505910 ± 0.003905 | 3.841490 ± 0.031018 | 0.976342
0.99 | 1.01 | 2 | 5e+00 | 600 | 0.385956 ± 0.000086 | 0.088308 ± 0.000298 | 1.505910 ± 0.003743 | 3.840929 ± 0.031020 | 0.976351
0.99 | 1.01 | 2 | 1e+00 | 600 | 0.385956 ± 0.000086 | 0.088308 ± 0.000298 | 1.505910 ± 0.003743 | 3.840929 ± 0.031020 | 0.976351
0.99 | 1.01 | 2 | 1e-01 | 600 | 0.385956 ± 0.000086 | 0.088308 ± 0.000346 | 1.505910 ± 0.003905 | 3.841490 ± 0.031018 | 0.976342
0.99 | 1.01 | 2 | 1e-02 | 600 | 0.385956 ± 0.000086 | 0.088308 ± 0.000346 | 1.505910 ± 0.003905 | 3.841490 ± 0.031018 | 0.976342
0.99 | 1.01 | 2 | 5e+00 | 700 | 0.385956 ± 0.000086 | 0.088308 ± 0.000298 | 1.505910 ± 0.003743 | 3.840929 ± 0.031020 | 0.976351
0.99 | 1.01 | 2 | 1e+00 | 700 | 0.385956 ± 0.000086 | 0.088308 ± 0.000298 | 1.505910 ± 0.003743 | 3.840929 ± 0.031020 | 0.976351
0.99 | 1.01 | 2 | 1e-01 | 700 | 0.385956 ± 0.000086 | 0.088308 ± 0.000346 | 1.505910 ± 0.003905 | 3.841490 ± 0.031018 | 0.976342
0.99 | 1.01 | 2 | 1e-02 | 700 | 0.385956 ± 0.000086 | 0.088308 ± 0.000346 | 1.505910 ± 0.003905 | 3.841490 ± 0.031018 | 0.976342
0.99 | 1.01 | 2 | 5e+00 | 800 | 0.385956 ± 0.000086 | 0.088308 ± 0.000298 | 1.505910 ± 0.003743 | 3.840929 ± 0.031020 | 0.976351
0.99 | 1.01 | 2 | 1e+00 | 800 | 0.385956 ± 0.000086 | 0.088308 ± 0.000298 | 1.505910 ± 0.003743 | 3.840929 ± 0.031020 | 0.976351
0.99 | 1.01 | 2 | 1e-01 | 800 | 0.385956 ± 0.000086 | 0.088308 ± 0.000346 | 1.505910 ± 0.003905 | 3.841490 ± 0.031018 | 0.976342
0.99 | 1.01 | 2 | 1e-02 | 800 | 0.385956 ± 0.000086 | 0.088308 ± 0.000346 | 1.505910 ± 0.003905 | 3.841490 ± 0.031018 | 0.976342
