# b [GeV^-1]    Re(chi)    Im(chi)
#
   0.00000000E+00   0.00000000E+00   0.12267082E+02
   0.10000000E+00   0.00000000E+00   0.12264077E+02
   0.20000000E+00   0.00000000E+00   0.12255066E+02
   0.30000000E+00   0.00000000E+00   0.12240061E+02
   0.40000000E+00   0.00000000E+00   0.12219085E+02
   0.50000000E+00   0.00000000E+00   0.12192167E+02
   0.60000000E+00   0.00000000E+00   0.12159345E+02
   0.70000000E+00   0.00000000E+00   0.12120666E+02
   0.80000000E+00   0.00000000E+00   0.12076184E+02
   0.90000000E+00   0.00000000E+00   0.12025964E+02
   0.10000000E+01   0.00000000E+00   0.11970075E+02
   0.11000000E+01   0.00000000E+00   0.11908596E+02
   0.12000000E+01   0.00000000E+00   0.11841614E+02
   0.13000000E+01   0.00000000E+00   0.11769222E+02
   0.14000000E+01   0.00000000E+00   0.11691522E+02
   0.15000000E+01   0.00000000E+00   0.11608620E+02
   0.16000000E+01   0.00000000E+00   0.11520633E+02
   0.17000000E+01   0.00000000E+00   0.11427681E+02
   0.18000000E+01   0.00000000E+00   0.11329891E+02
   0.19000000E+01   0.00000000E+00   0.11227397E+02
   0.20000000E+01   0.00000000E+00   0.11120338E+02
   0.21000000E+01   0.00000000E+00   0.11008858E+02
   0.22000000E+01   0.00000000E+00   0.10893107E+02
   0.23000000E+01   0.00000000E+00   0.10773238E+02
   0.24000000E+01   0.00000000E+00   0.10649411E+02
   0.25000000E+01   0.00000000E+00   0.10521788E+02
   0.26000000E+01   0.00000000E+00   0.10390534E+02
   0.27000000E+01   0.00000000E+00   0.10255821E+02
   0.28000000E+01   0.00000000E+00   0.10117819E+02
   0.29000000E+01   0.00000000E+00   0.99767058E+01
   0.30000000E+01   0.00000000E+00   0.98326575E+01
   0.31000000E+01   0.00000000E+00   0.96858539E+01
   0.32000000E+01   0.00000000E+00   0.95364761E+01
   0.33000000E+01   0.00000000E+00   0.93847066E+01
   0.34000000E+01   0.00000000E+00   0.92307283E+01
   0.35000000E+01   0.00000000E+00   0.90747251E+01
   0.36000000E+01   0.00000000E+00   0.89168807E+01
   0.37000000E+01   0.00000000E+00   0.87573787E+01
   0.38000000E+01   0.00000000E+00   0.85964024E+01
   0.39000000E+01   0.00000000E+00   0.84341337E+01
   0.40000000E+01   0.00000000E+00   0.82707539E+01
   0.41000000E+01   0.00000000E+00   0.81064424E+01
   0.42000000E+01   0.00000000E+00   0.79413768E+01
   0.43000000E+01   0.00000000E+00   0.77757327E+01
   0.44000000E+01   0.00000000E+00   0.76096832E+01
   0.45000000E+01   0.00000000E+00   0.74433986E+01
   0.46000000E+01   0.00000000E+00   0.72770464E+01
   0.47000000E+01   0.00000000E+00   0.71107907E+01
   0.48000000E+01   0.00000000E+00   0.69447922E+01
   0.49000000E+01   0.00000000E+00   0.67792077E+01
   0.50000000E+01   0.00000000E+00   0.66141903E+01
   0.51000000E+01   0.00000000E+00   0.64498888E+01
   0.52000000E+01   0.00000000E+00   0.62864475E+01
   0.53000000E+01   0.00000000E+00   0.61240065E+01
   0.54000000E+01   0.00000000E+00   0.59627009E+01
   0.55000000E+01   0.00000000E+00   0.58026611E+01
   0.56000000E+01   0.00000000E+00   0.56440125E+01
   0.57000000E+01   0.00000000E+00   0.54868752E+01
   0.58000000E+01   0.00000000E+00   0.53313643E+01
   0.59000000E+01   0.00000000E+00   0.51775895E+01
   0.60000000E+01   0.00000000E+00   0.50256550E+01
   0.61000000E+01   0.00000000E+00   0.48756596E+01
   0.62000000E+01   0.00000000E+00   0.47276966E+01
   0.63000000E+01   0.00000000E+00   0.45818538E+01
   0.64000000E+01   0.00000000E+00   0.44382134E+01
   0.65000000E+01   0.00000000E+00   0.42968518E+01
   0.66000000E+01   0.00000000E+00   0.41578400E+01
   0.67000000E+01   0.00000000E+00   0.40212435E+01
   0.68000000E+01   0.00000000E+00   0.38871222E+01
   0.69000000E+01   0.00000000E+00   0.37555304E+01
   0.70000000E+01   0.00000000E+00   0.36265171E+01
   0.71000000E+01   0.00000000E+00   0.35001257E+01
   0.72000000E+01   0.00000000E+00   0.33763947E+01
   0.73000000E+01   0.00000000E+00   0.32553570E+01
   0.74000000E+01   0.00000000E+00   0.31370406E+01
   0.75000000E+01   0.00000000E+00   0.30214684E+01
   0.76000000E+01   0.00000000E+00   0.29086585E+01
   0.77000000E+01   0.00000000E+00   0.27986240E+01
   0.78000000E+01   0.00000000E+00   0.26913737E+01
   0.79000000E+01   0.00000000E+00   0.25869116E+01
   0.80000000E+01   0.00000000E+00   0.24852374E+01
   0.81000000E+01   0.00000000E+00   0.23863468E+01
   0.82000000E+01   0.00000000E+00   0.22902312E+01
   0.83000000E+01   0.00000000E+00   0.21968782E+01
   0.84000000E+01   0.00000000E+00   0.21062717E+01
   0.85000000E+01   0.00000000E+00   0.20183920E+01
   0.86000000E+01   0.00000000E+00   0.19332159E+01
   0.87000000E+01   0.00000000E+00   0.18507172E+01
   0.88000000E+01   0.00000000E+00   0.17708666E+01
   0.89000000E+01   0.00000000E+00   0.16936318E+01
   0.90000000E+01   0.00000000E+00   0.16189779E+01
   0.91000000E+01   0.00000000E+00   0.15468674E+01
   0.92000000E+01   0.00000000E+00   0.14772607E+01
   0.93000000E+01   0.00000000E+00   0.14101157E+01
   0.94000000E+01   0.00000000E+00   0.13453886E+01
   0.95000000E+01   0.00000000E+00   0.12830337E+01
   0.96000000E+01   0.00000000E+00   0.12230034E+01
   0.97000000E+01   0.00000000E+00   0.11652491E+01
   0.98000000E+01   0.00000000E+00   0.11097204E+01
   0.99000000E+01   0.00000000E+00   0.10563662E+01
   0.10000000E+02   0.00000000E+00   0.10051340E+01
   0.10100000E+02   0.00000000E+00   0.95597066E+00
   0.10200000E+02   0.00000000E+00   0.90882239E+00
   0.10300000E+02   0.00000000E+00   0.86363474E+00
   0.10400000E+02   0.00000000E+00   0.82035291E+00
   0.10500000E+02   0.00000000E+00   0.77892180E+00
   0.10600000E+02   0.00000000E+00   0.73928619E+00
   0.10700000E+02   0.00000000E+00   0.70139081E+00
   0.10800000E+02   0.00000000E+00   0.66518051E+00
   0.10900000E+02   0.00000000E+00   0.63060035E+00
   0.11000000E+02   0.00000000E+00   0.59759570E+00
   0.11100000E+02   0.00000000E+00   0.56611236E+00
   0.11200000E+02   0.00000000E+00   0.53609664E+00
   0.11300000E+02   0.00000000E+00   0.50749544E+00
   0.11400000E+02   0.00000000E+00   0.48025637E+00
   0.11500000E+02   0.00000000E+00   0.45432780E+00
   0.11600000E+02   0.00000000E+00   0.42965893E+00
   0.11700000E+02   0.00000000E+00   0.40619988E+00
   0.11800000E+02   0.00000000E+00   0.38390171E+00
   0.11900000E+02   0.00000000E+00   0.36271653E+00
   0.12000000E+02   0.00000000E+00   0.34259748E+00
   0.12100000E+02   0.00000000E+00   0.32349885E+00
   0.12200000E+02   0.00000000E+00   0.30537605E+00
   0.12300000E+02   0.00000000E+00   0.28818568E+00
   0.12400000E+02   0.00000000E+00   0.27188556E+00
   0.12500000E+02   0.00000000E+00   0.25643474E+00
   0.12600000E+02   0.00000000E+00   0.24179353E+00
   0.12700000E+02   0.00000000E+00   0.22792347E+00
   0.12800000E+02   0.00000000E+00   0.21478743E+00
   0.12900000E+02   0.00000000E+00   0.20234953E+00
   0.13000000E+02   0.00000000E+00   0.19057516E+00
   0.13100000E+02   0.00000000E+00   0.17943103E+00
   0.13200000E+02   0.00000000E+00   0.16888510E+00
   0.13300000E+02   0.00000000E+00   0.15890659E+00
   0.13400000E+02   0.00000000E+00   0.14946599E+00
   0.13500000E+02   0.00000000E+00   0.14053503E+00
   0.13600000E+02   0.00000000E+00   0.13208664E+00
   0.13700000E+02   0.00000000E+00   0.12409499E+00
   0.13800000E+02   0.00000000E+00   0.11653539E+00
   0.13900000E+02   0.00000000E+00   0.10938433E+00
   0.14000000E+02   0.00000000E+00   0.10261940E+00
   0.14100000E+02   0.00000000E+00   0.96219336E-01
   0.14200000E+02   0.00000000E+00   0.90163900E-01
   0.14300000E+02   0.00000000E+00   0.84433916E-01
   0.14400000E+02   0.00000000E+00   0.79011212E-01
   0.14500000E+02   0.00000000E+00   0.73878591E-01
   0.14600000E+02   0.00000000E+00   0.69019798E-01
   0.14700000E+02   0.00000000E+00   0.64419485E-01
   0.14800000E+02   0.00000000E+00   0.60063180E-01
   0.14900000E+02   0.00000000E+00   0.55937245E-01
   0.15000000E+02   0.00000000E+00   0.52028848E-01
   0.15100000E+02   0.00000000E+00   0.48325924E-01
   0.15200000E+02   0.00000000E+00   0.44817144E-01
   0.15300000E+02   0.00000000E+00   0.41491875E-01
   0.15400000E+02   0.00000000E+00   0.38340149E-01
   0.15500000E+02   0.00000000E+00   0.35352629E-01
   0.15600000E+02   0.00000000E+00   0.32520577E-01
   0.15700000E+02   0.00000000E+00   0.29835818E-01
   0.15800000E+02   0.00000000E+00   0.27290709E-01
   0.15900000E+02   0.00000000E+00   0.24878110E-01
   0.16000000E+02   0.00000000E+00   0.22591353E-01
   0.16100000E+02   0.00000000E+00   0.20424210E-01
   0.16200000E+02   0.00000000E+00   0.18370868E-01
   0.16300000E+02   0.00000000E+00   0.16425898E-01
   0.16400000E+02   0.00000000E+00   0.14584231E-01
   0.16500000E+02   0.00000000E+00   0.12841135E-01
   0.16600000E+02   0.00000000E+00   0.11192182E-01
   0.16700000E+02   0.00000000E+00   0.96332361E-02
   0.16800000E+02   0.00000000E+00   0.81604219E-02
   0.16900000E+02   0.00000000E+00   0.67701090E-02
   0.17000000E+02   0.00000000E+00   0.54588899E-02
   0.17100000E+02   0.00000000E+00   0.42235618E-02
   0.17200000E+02   0.00000000E+00   0.30611086E-02
   0.17300000E+02   0.00000000E+00   0.19686846E-02
   0.17400000E+02   0.00000000E+00   0.94359884E-03
   0.17500000E+02   0.00000000E+00  -0.16699519E-04    WARNING: Negative imaginary part detected at b = 17.50
   0.17600000E+02   0.00000000E+00  -0.91463460E-03    WARNING: Negative imaginary part detected at b = 17.60
   0.17700000E+02   0.00000000E+00  -0.17525163E-02    WARNING: Negative imaginary part detected at b = 17.70
   0.17800000E+02   0.00000000E+00  -0.25325517E-02    WARNING: Negative imaginary part detected at b = 17.80
   0.17900000E+02   0.00000000E+00  -0.32568559E-02    WARNING: Negative imaginary part detected at b = 17.90
   0.18000000E+02   0.00000000E+00  -0.39274614E-02    WARNING: Negative imaginary part detected at b = 18.00
   0.18100000E+02   0.00000000E+00  -0.45463271E-02    WARNING: Negative imaginary part detected at b = 18.10
   0.18200000E+02   0.00000000E+00  -0.51153461E-02    WARNING: Negative imaginary part detected at b = 18.20
   0.18300000E+02   0.00000000E+00  -0.56363530E-02    WARNING: Negative imaginary part detected at b = 18.30
   0.18400000E+02   0.00000000E+00  -0.61111304E-02    WARNING: Negative imaginary part detected at b = 18.40
   0.18500000E+02   0.00000000E+00  -0.65414143E-02    WARNING: Negative imaginary part detected at b = 18.50
   0.18600000E+02   0.00000000E+00  -0.69288994E-02    WARNING: Negative imaginary part detected at b = 18.60
   0.18700000E+02   0.00000000E+00  -0.72752434E-02    WARNING: Negative imaginary part detected at b = 18.70
   0.18800000E+02   0.00000000E+00  -0.75820708E-02    WARNING: Negative imaginary part detected at b = 18.80
   0.18900000E+02   0.00000000E+00  -0.78509758E-02    WARNING: Negative imaginary part detected at b = 18.90
   0.19000000E+02   0.00000000E+00  -0.80835255E-02    WARNING: Negative imaginary part detected at b = 19.00
   0.19100000E+02   0.00000000E+00  -0.82812620E-02    WARNING: Negative imaginary part detected at b = 19.10
   0.19200000E+02   0.00000000E+00  -0.84457037E-02    WARNING: Negative imaginary part detected at b = 19.20
   0.19300000E+02   0.00000000E+00  -0.85783474E-02    WARNING: Negative imaginary part detected at b = 19.30
   0.19400000E+02   0.00000000E+00  -0.86806687E-02    WARNING: Negative imaginary part detected at b = 19.40
   0.19500000E+02   0.00000000E+00  -0.87541231E-02    WARNING: Negative imaginary part detected at b = 19.50
   0.19600000E+02   0.00000000E+00  -0.88001458E-02    WARNING: Negative imaginary part detected at b = 19.60
   0.19700000E+02   0.00000000E+00  -0.88201524E-02    WARNING: Negative imaginary part detected at b = 19.70
   0.19800000E+02   0.00000000E+00  -0.88155386E-02    WARNING: Negative imaginary part detected at b = 19.80
   0.19900000E+02   0.00000000E+00  -0.87876795E-02    WARNING: Negative imaginary part detected at b = 19.90
   0.20000000E+02   0.00000000E+00  -0.87379294E-02    WARNING: Negative imaginary part detected at b = 20.00
