down | strategy | tol | ncall | sigma_tot
0.95 | 0.00 | 1.0 | 400 | 103.966
0.95 | 0.00 | 1.0 | 500 | 103.968
0.95 | 0.00 | 0.1 | 500 | 103.960
0.95 | 0.00 | 0.01 | 500 | 103.960
0.95 | 0.00 | 1.0 | 600 | 103.968
0.95 | 0.00 | 0.1 | 600 | 103.960
0.95 | 0.00 | 0.01 | 600 | 103.960
0.95 | 0.00 | 1.0 | 700 | 103.968
0.95 | 0.00 | 0.1 | 700 | 103.960
0.95 | 0.00 | 0.01 | 700 | 103.960
0.95 | 0.00 | 1.0 | 800 | 103.968
0.95 | 0.00 | 0.1 | 800 | 103.960
0.95 | 0.00 | 0.01 | 800 | 103.960
0.95 | 2.00 | 5.0 | 300 | 104.049
0.95 | 2.00 | 5.0 | 400 | 103.936
0.95 | 2.00 | 1.0 | 400 | 104.009
0.95 | 2.00 | 5.0 | 500 | 103.982
0.95 | 2.00 | 1.0 | 500 | 103.959
0.95 | 2.00 | 0.1 | 500 | 103.963
0.95 | 2.00 | 0.01 | 500 | 103.963
0.95 | 2.00 | 5.0 | 600 | 103.982
0.95 | 2.00 | 1.0 | 600 | 103.959
0.95 | 2.00 | 0.1 | 600 | 103.963
0.95 | 2.00 | 0.01 | 600 | 103.960
0.95 | 2.00 | 5.0 | 700 | 103.982
0.95 | 2.00 | 1.0 | 700 | 103.959
0.95 | 2.00 | 0.1 | 700 | 103.963
0.95 | 2.00 | 0.01 | 700 | 103.960
0.95 | 2.00 | 5.0 | 800 | 103.982
0.95 | 2.00 | 1.0 | 800 | 103.959
0.95 | 2.00 | 0.1 | 800 | 103.963
0.95 | 2.00 | 0.01 | 800 | 103.960
0.96 | 0.00 | 1.0 | 300 | 104.003
0.96 | 0.00 | 0.1 | 300 | 104.013
0.96 | 0.00 | 1.0 | 400 | 104.003
0.96 | 0.00 | 0.1 | 400 | 104.013
0.96 | 0.00 | 1.0 | 500 | 104.003
0.96 | 0.00 | 0.1 | 500 | 104.013
0.96 | 0.00 | 1.0 | 600 | 104.003
0.96 | 0.00 | 0.1 | 600 | 104.013
0.96 | 0.00 | 1.0 | 700 | 104.003
0.96 | 0.00 | 0.1 | 700 | 104.013
0.96 | 0.00 | 1.0 | 800 | 104.003
0.96 | 0.00 | 0.1 | 800 | 104.013
0.96 | 2.00 | 5.0 | 300 | 103.912
0.96 | 2.00 | 5.0 | 400 | 104.018
0.96 | 2.00 | 1.0 | 400 | 104.014
0.96 | 2.00 | 5.0 | 500 | 104.018
0.96 | 2.00 | 1.0 | 500 | 104.014
0.96 | 2.00 | 0.1 | 500 | 103.998
0.96 | 2.00 | 0.01 | 500 | 103.991
0.96 | 2.00 | 5.0 | 600 | 104.018
0.96 | 2.00 | 1.0 | 600 | 103.994
0.96 | 2.00 | 0.1 | 600 | 103.998
0.96 | 2.00 | 0.01 | 600 | 103.992
0.96 | 2.00 | 5.0 | 700 | 104.018
0.96 | 2.00 | 1.0 | 700 | 103.994
0.96 | 2.00 | 0.1 | 700 | 103.998
0.96 | 2.00 | 0.01 | 700 | 103.992
0.96 | 2.00 | 5.0 | 800 | 104.018
0.96 | 2.00 | 1.0 | 800 | 103.994
0.96 | 2.00 | 0.1 | 800 | 103.998
0.96 | 2.00 | 0.01 | 800 | 103.992
0.97 | 0.00 | 0.1 | 300 | 104.022
0.97 | 0.00 | 0.01 | 300 | 104.022
0.97 | 0.00 | 0.1 | 400 | 104.022
0.97 | 0.00 | 0.01 | 400 | 104.022
0.97 | 0.00 | 0.1 | 500 | 104.022
0.97 | 0.00 | 0.01 | 500 | 104.022
0.97 | 0.00 | 0.1 | 600 | 104.022
0.97 | 0.00 | 0.01 | 600 | 104.022
0.97 | 0.00 | 0.1 | 700 | 104.022
0.97 | 0.00 | 0.01 | 700 | 104.022
0.97 | 0.00 | 0.1 | 800 | 104.022
0.97 | 0.00 | 0.01 | 800 | 104.022
0.97 | 2.00 | 5.0 | 300 | 103.857
0.97 | 2.00 | 5.0 | 400 | 103.952
0.97 | 2.00 | 1.0 | 400 | 104.024
0.97 | 2.00 | 0.1 | 400 | 104.024
0.97 | 2.00 | 5.0 | 500 | 103.952
0.97 | 2.00 | 1.0 | 500 | 104.024
0.97 | 2.00 | 0.1 | 500 | 104.025
0.97 | 2.00 | 0.01 | 500 | 104.023
0.97 | 2.00 | 5.0 | 600 | 103.952
0.97 | 2.00 | 1.0 | 600 | 104.024
0.97 | 2.00 | 0.1 | 600 | 104.025
0.97 | 2.00 | 0.01 | 600 | 104.023
0.97 | 2.00 | 5.0 | 700 | 103.952
0.97 | 2.00 | 1.0 | 700 | 104.024
0.97 | 2.00 | 0.1 | 700 | 104.025
0.97 | 2.00 | 0.01 | 700 | 104.023
0.97 | 2.00 | 5.0 | 800 | 103.952
0.97 | 2.00 | 1.0 | 800 | 104.024
0.97 | 2.00 | 0.1 | 800 | 104.025
0.97 | 2.00 | 0.01 | 800 | 104.023
0.98 | 0.00 | 5.0 | 300 | 103.897
0.98 | 0.00 | 0.1 | 300 | 104.049
0.98 | 0.00 | 0.01 | 300 | 104.056
0.98 | 0.00 | 5.0 | 400 | 103.897
0.98 | 0.00 | 0.1 | 400 | 104.049
0.98 | 0.00 | 0.01 | 400 | 104.056
0.98 | 0.00 | 5.0 | 500 | 103.897
0.98 | 0.00 | 0.1 | 500 | 104.049
0.98 | 0.00 | 0.01 | 500 | 104.056
0.98 | 0.00 | 5.0 | 600 | 103.897
0.98 | 0.00 | 0.1 | 600 | 104.049
0.98 | 0.00 | 0.01 | 600 | 104.056
0.98 | 0.00 | 5.0 | 700 | 103.897
0.98 | 0.00 | 0.1 | 700 | 104.049
0.98 | 0.00 | 0.01 | 700 | 104.056
0.98 | 0.00 | 5.0 | 800 | 103.897
0.98 | 0.00 | 0.1 | 800 | 104.049
0.98 | 0.00 | 0.01 | 800 | 104.056
0.98 | 2.00 | 5.0 | 400 | 104.068
0.98 | 2.00 | 1.0 | 400 | 104.095
0.98 | 2.00 | 5.0 | 500 | 104.068
0.98 | 2.00 | 1.0 | 500 | 104.068
0.98 | 2.00 | 0.1 | 500 | 104.068
0.98 | 2.00 | 5.0 | 600 | 104.068
0.98 | 2.00 | 1.0 | 600 | 104.060
0.98 | 2.00 | 0.1 | 600 | 104.056
0.98 | 2.00 | 0.01 | 600 | 104.056
0.98 | 2.00 | 5.0 | 700 | 104.068
0.98 | 2.00 | 1.0 | 700 | 104.060
0.98 | 2.00 | 0.1 | 700 | 104.056
0.98 | 2.00 | 0.01 | 700 | 104.056
0.98 | 2.00 | 5.0 | 800 | 104.068
0.98 | 2.00 | 1.0 | 800 | 104.060
0.98 | 2.00 | 0.1 | 800 | 104.056
0.98 | 2.00 | 0.01 | 800 | 104.056
0.99 | 0.00 | 5.0 | 300 | 104.100
0.99 | 0.00 | 1.0 | 300 | 104.100
0.99 | 0.00 | 0.1 | 300 | 104.100
0.99 | 0.00 | 5.0 | 400 | 104.100
0.99 | 0.00 | 1.0 | 400 | 104.100
0.99 | 0.00 | 0.1 | 400 | 104.100
0.99 | 0.00 | 5.0 | 500 | 104.100
0.99 | 0.00 | 1.0 | 500 | 104.100
0.99 | 0.00 | 0.1 | 500 | 104.100
0.99 | 0.00 | 5.0 | 600 | 104.100
0.99 | 0.00 | 1.0 | 600 | 104.100
0.99 | 0.00 | 0.1 | 600 | 104.100
0.99 | 0.00 | 5.0 | 700 | 104.100
0.99 | 0.00 | 1.0 | 700 | 104.100
0.99 | 0.00 | 0.1 | 700 | 104.100
0.99 | 0.00 | 5.0 | 800 | 104.100
0.99 | 0.00 | 1.0 | 800 | 104.100
0.99 | 0.00 | 0.1 | 800 | 104.100
0.99 | 2.00 | 5.0 | 300 | 104.055
0.99 | 2.00 | 1.0 | 300 | 104.055
0.99 | 2.00 | 5.0 | 400 | 104.077
0.99 | 2.00 | 1.0 | 400 | 104.077
0.99 | 2.00 | 0.1 | 400 | 104.102
0.99 | 2.00 | 5.0 | 500 | 104.077
0.99 | 2.00 | 1.0 | 500 | 104.077
0.99 | 2.00 | 0.1 | 500 | 104.087
0.99 | 2.00 | 0.01 | 500 | 104.088
0.99 | 2.00 | 5.0 | 600 | 104.077
0.99 | 2.00 | 1.0 | 600 | 104.077
0.99 | 2.00 | 0.1 | 600 | 104.087
0.99 | 2.00 | 0.01 | 600 | 104.088
0.99 | 2.00 | 5.0 | 700 | 104.077
0.99 | 2.00 | 1.0 | 700 | 104.077
0.99 | 2.00 | 0.1 | 700 | 104.087
0.99 | 2.00 | 0.01 | 700 | 104.088
0.99 | 2.00 | 5.0 | 800 | 104.077
0.99 | 2.00 | 1.0 | 800 | 104.077
0.99 | 2.00 | 0.1 | 800 | 104.087
0.99 | 2.00 | 0.01 | 800 | 104.088
