Otimização para pl em ATLAS - Limites: eps_1_mg_0_a1_1
Configuração: down | up | strategy | migrad | mg ± error | eps ± error | a1 ± error | a2 ± error | χ²/ndof
========================================================================================================================
0.91 | 1.0899999999999999 | 0 | 70 | 0.4125901893940598 ± 0.01181146448092472 | 0.0730024496383721 ± 0.00396743378066456 | 1.651109930598672 ± 0.059373351909883465 | 1.4967730121146445 ± 0.35888389801471815 | 0.50388878964565
0.91 | 1.0899999999999999 | 0 | 80 | 0.41291200945501033 ± 0.009311153326381244 | 0.07306914524655445 ± 0.0031792466568551503 | 1.6506128459716738 ± 0.18696140363704916 | 1.5382519761555018 ± 0.38255534587874623 | 0.5014779346586549
0.91 | 1.0899999999999999 | 1 | 70 | 0.4125901883200567 ± 0.011811603552498981 | 0.07300244937195355 ± 0.003967431113317078 | 1.651109932834449 ± 0.05929456162963487 | 1.4967728979688484 ± 0.35876189538343684 | 0.5038887980102342
0.91 | 1.0899999999999999 | 1 | 80 | 0.41291200596817684 ± 0.009311189876414173 | 0.07306914439251877 ± 0.0031792591486077618 | 1.650612858216333 ± 0.1869612741644996 | 1.5382517751050253 ± 0.38255500539252063 | 0.5014779272046386
0.91 | 1.0899999999999999 | 2 | 70 | 0.41987450421415035 ± 0.014908150533526924 | 0.07527907561425558 ± 0.004971717048344884 | 1.6237466439582116 ± 0.05870065304713756 | 1.7890096390395709 ± 0.5298250982260376 | 0.6053986500700966
0.91 | 1.0899999999999999 | 2 | 80 | 0.4198934338826867 ± 0.01511366325768371 | 0.07527870137344159 ± 0.005051307748902015 | 1.623757006721527 ± 0.059445801986111046 | 1.7890352560709577 ± 0.5208710431617447 | 0.6052576131658873
0.91 | 1.0899999999999999 | 2 | 90 | 0.4198934338826867 ± 0.01511366325768371 | 0.07527870137344159 ± 0.005051307748902015 | 1.623757006721527 ± 0.059445801986111046 | 1.7890352560709577 ± 0.5208710431617447 | 0.6052576131658873
0.91 | 1.0899999999999999 | 2 | 100 | 0.4198934338826867 ± 0.01511366325768371 | 0.07527870137344159 ± 0.005051307748902015 | 1.623757006721527 ± 0.059445801986111046 | 1.7890352560709577 ± 0.5208710431617447 | 0.6052576131658873
0.92 | 1.08 | 0 | 70 | 0.4137927093397405 ± 0.00933447474393802 | 0.07325783736702599 ± 0.0031760530531764405 | 1.6381760331379598 ± 0.04479617353153087 | 1.5986474895828409 ± 0.30383674895272694 | 0.5104774705885531
0.92 | 1.08 | 0 | 80 | 0.4142534049352437 ± 0.008867599543675152 | 0.07335712346870232 ± 0.0030407316682929467 | 1.6377461291602895 ± 0.16146372156258038 | 1.6483843443585415 ± 0.31462652433282123 | 0.5081691013954139
0.92 | 1.08 | 1 | 70 | 0.4137927088872349 ± 0.009334266943464798 | 0.07325783726147055 ± 0.003175989669140948 | 1.6381760333058224 ± 0.04479616743323345 | 1.5986474209870738 ± 0.30383472871176576 | 0.5104774760469064
0.92 | 1.08 | 1 | 80 | 0.41425340429377217 ± 0.008867908722880695 | 0.07335712333164633 ± 0.003040827697589829 | 1.6377461300976497 ± 0.16146369376115022 | 1.6483842909137196 ± 0.31462953658494885 | 0.5081691026307328
0.92 | 1.08 | 2 | 70 | 0.42020458820097967 ± 0.014588986055671993 | 0.07526549438577733 ± 0.004717058420684109 | 1.6116852098260832 ± 0.051784132028468655 | 1.8594949288059928 ± 0.5053241445734182 | 0.6105838008182798
0.92 | 1.08 | 2 | 80 | 0.4183381419662811 ± 0.0031938865346515656 | 0.07424057792411864 ± 0.0017166489813617153 | 1.6119832846485158 ± 0.20441162391489376 | 1.9977991143405356 ± 1.2631999591647392 | 0.566614724609277
0.92 | 1.08 | 2 | 90 | 0.4183381419662811 ± 0.0031938865346515656 | 0.07424057792411864 ± 0.0017166489813617153 | 1.6119832846485158 ± 0.20441162391489376 | 1.9977991143405356 ± 1.2631999591647392 | 0.566614724609277
0.93 | 1.0699999999999998 | 0 | 70 | 0.4153876957501721 ± 0.005934161697780422 | 0.07361354113002129 ± 0.0020402976559858663 | 1.6223490388795754 ± 0.032219143071855694 | 1.762641105510132 ± 0.3084111532266973 | 0.5301371748290277
0.93 | 1.0699999999999998 | 0 | 80 | 0.41552554387860674 ± 0.010378800237143092 | 0.07361876674371691 ± 0.0034491638209965675 | 1.6229360467954437 ± 0.13294358086408264 | 1.7510370254704226 ± 0.3067220724582623 | 0.518170248908759
0.93 | 1.0699999999999998 | 1 | 70 | 0.4153876957501721 ± 0.005934161697780422 | 0.07361354113002129 ± 0.0020402976559858663 | 1.6223490388795754 ± 0.032219143071855694 | 1.762641105510132 ± 0.3084111532266973 | 0.5301371748290277
0.93 | 1.0699999999999998 | 1 | 80 | 0.41552554387860674 ± 0.01037880278830666 | 0.07361876674371691 ± 0.0034491688176404994 | 1.6229360467954437 ± 0.13295838173424335 | 1.7510370254704226 ± 0.30675727538212505 | 0.518170248908759
0.93 | 1.0699999999999998 | 2 | 70 | 0.4199884084570613 ± 0.01106003761738339 | 0.07500677249558686 ± 0.003621446939957501 | 1.598015841478522 ± 0.05012062037825815 | 1.9749814583673595 ± 0.5361091873394537 | 0.6015739842212201
0.93 | 1.0699999999999998 | 2 | 80 | 0.41832600527003144 ± 0.00833664184819314 | 0.07435179081914062 ± 0.0027998016968189543 | 1.5957114229213236 ± 0.05371686906626816 | 1.9648108251089538 ± 0.5456816757952209 | 0.5661023664580618
0.93 | 1.0699999999999998 | 2 | 90 | 0.4175435544379362 ± 0.007551526794530621 | 0.07409489836917117 ± 0.002524601481334307 | 1.59738169935657 ± 0.05148904190697989 | 1.9352993744040974 ± 0.5326432470915304 | 0.5547887639913217
0.93 | 1.0699999999999998 | 2 | 100 | 0.4167151743041815 ± 0.0068613116080208985 | 0.07368374354804838 ± 0.002253703082491225 | 1.5918468599691689 ± 0.060403114582675665 | 1.9778777129450689 ± 0.6039457399027414 | 0.5324439331939977
0.94 | 1.06 | 0 | 70 | 0.41757969288073266 ± 0.007616603306593141 | 0.07416725565182154 ± 0.002603009603813697 | 1.6080181211506988 ± 0.11449030157178408 | 1.9079625992645945 ± 0.28629734087917197 | 0.545220353471497
0.94 | 1.06 | 0 | 80 | 0.41695890861249785 ± 0.008040806314157364 | 0.07398343749872899 ± 0.0027194846003862003 | 1.6074591798455422 ± 0.03468789112167403 | 1.8555965378416748 ± 0.292847050317898 | 0.5409080048084601
0.94 | 1.06 | 0 | 90 | 0.4171083445979426 ± 0.013320445336023402 | 0.07399776338720658 ± 0.006104430583696814 | 1.607831324278311 ± 0.11543913488633606 | 1.8654771125051708 ± 0.32581261473550194 | 0.5382890571648721
0.94 | 1.06 | 0 | 100 | 0.4151417685676247 ± 0.005509120498614038 | 0.07314330730065155 ± 0.001854799362837764 | 1.5970086707821693 ± 0.03646035002440129 | 1.9208216654246681 ± 0.41955567461867055 | 0.5013438347938937
0.94 | 1.06 | 1 | 70 | 0.41757969288073266 ± 0.007616605886777334 | 0.07416725565182154 ± 0.002603009649933742 | 1.6080181211506988 ± 0.11449147417984085 | 1.9079625992645945 ± 0.28630147815260576 | 0.545220353471497
0.94 | 1.06 | 1 | 80 | 0.4169589084992414 ± 0.008040905467047806 | 0.07398343745559274 ± 0.002719513810442234 | 1.6074591797968008 ± 0.03468789388979954 | 1.855596524141366 ± 0.292847717257713 | 0.5409080030320018
0.94 | 1.06 | 1 | 90 | 0.41710834467431923 ± 0.013320459013399667 | 0.07399776340261358 ± 0.006104430899590299 | 1.607831324393903 ± 0.11543913901406544 | 1.8654771198447397 ± 0.3258130652381919 | 0.538289056815193
0.94 | 1.06 | 1 | 100 | 0.41514176856346435 ± 0.005509231602748096 | 0.07314330725087906 ± 0.00185483893139049 | 1.597008670518634 ± 0.03646035161449279 | 1.9208217021781193 ± 0.41955602238467166 | 0.5013438295330467
0.94 | 1.06 | 2 | 70 | 0.42005274523141545 ± 0.011266962075896659 | 0.07502832717847452 ± 0.00358473405147771 | 1.6023474530886022 ± 0.03705253992768842 | 1.9748674074232178 ± 0.3862234007217846 | 0.592442382390984
0.94 | 1.06 | 2 | 80 | 0.41727996699061837 ± 0.0069602455000960005 | 0.07393255422322967 ± 0.002371053269416043 | 1.599661051990246 ± 0.1322950164116088 | 1.9689762628830154 ± 0.4212377292507651 | 0.5353670074022046
0.94 | 1.06 | 2 | 90 | 0.4166100128964944 ± 0.005924376348790407 | 0.07373446053305935 ± 0.0020198927195084967 | 1.6008752151360304 ± 0.037088135604012695 | 1.9354806277929437 ± 0.383098451975824 | 0.5298897389324082
0.94 | 1.06 | 2 | 100 | 0.4157053172480937 ± 0.005157886822887747 | 0.0733376077293443 ± 0.0017118179503770176 | 1.5978065766375222 ± 0.13039116106233395 | 1.9585558614871466 ± 0.44174569148252324 | 0.5128097991519411
0.95 | 1.05 | 0 | 70 | 0.4187263233998331 ± 0.007165078773091888 | 0.074397593388947 ± 0.0024120702780783612 | 1.5919509521574655 ± 0.09000680666871586 | 2.0233669670217242 ± 0.29310311359997626 | 0.56223747542995
0.95 | 1.05 | 0 | 80 | 0.4183458322679059 ± 0.013173929209393117 | 0.07424430746062206 ± 0.005114591661031231 | 1.59124016869126 ± 0.09129559933093145 | 1.9894630905279036 ± 0.33705319876602235 | 0.5556322359259069
0.95 | 1.05 | 0 | 90 | 0.4173351726551893 ± 0.006540757437899469 | 0.07385159597988275 ± 0.002202630248489622 | 1.5846687794090197 ± 0.0269745454051169 | 1.9889133233251717 ± 0.3476267119096059 | 0.5451693719623157
0.95 | 1.05 | 0 | 100 | 0.41688706487353294 ± 0.003787444555743409 | 0.07344872533333108 ± 0.001706893634059077 | 1.5824568844080709 ± 0.08166695094034548 | 2.1293730774988306 ± 1.3869794693628295 | 0.5160992900769634
0.95 | 1.05 | 1 | 70 | 0.4187263233998331 ± 0.007165078773091888 | 0.074397593388947 ± 0.0024120702780783612 | 1.5919509521574655 ± 0.09000680666871586 | 2.0233669670217242 ± 0.29310311359997626 | 0.56223747542995
0.95 | 1.05 | 1 | 80 | 0.4183458322679059 ± 0.013173929209393117 | 0.07424430746062206 ± 0.005114591661031231 | 1.59124016869126 ± 0.09129559933093145 | 1.9894630905279036 ± 0.33705319876602235 | 0.5556322359259069
0.95 | 1.05 | 1 | 90 | 0.4173351726551893 ± 0.006540757437899469 | 0.07385159597988275 ± 0.002202630248489622 | 1.5846687794090197 ± 0.0269745454051169 | 1.9889133233251717 ± 0.3476267119096059 | 0.5451693719623157
0.95 | 1.05 | 1 | 100 | 0.41688706487353294 ± 0.003787444555743409 | 0.07344872533333108 ± 0.001706893634059077 | 1.5824568844080709 ± 0.08166695094034548 | 2.1293730774988306 ± 1.3869794693628295 | 0.5160992900769634
0.95 | 1.05 | 2 | 70 | 0.42000142605502844 ± 0.008254357372895026 | 0.07486199438156979 ± 0.002709660160152144 | 1.5905769731806663 ± 0.03370845949767021 | 2.0640122979071673 ± 0.32466980904097215 | 0.5912078463232125
0.95 | 1.05 | 2 | 80 | 0.42000142605502844 ± 0.008254357372895026 | 0.07486199438156979 ± 0.002709660160152144 | 1.5905769731806663 ± 0.03370845949767021 | 2.0640122979071673 ± 0.32466980904097215 | 0.5912078463232125
0.95 | 1.05 | 2 | 90 | 0.4149307508163882 ± 0.002786162402779144 | 0.07293305459914322 ± 0.0007624882648389966 | 1.583478262501069 ± 0.028567869287073555 | 2.066752173535397 ± 0.4315981774220886 | 0.5590582707141524
0.95 | 1.05 | 2 | 100 | 0.4155046492600367 ± 0.003762382758011659 | 0.07291892384442825 ± 0.0008855417397718099 | 1.5732449341780328 ± 0.12583001435515517 | 2.1841765351902716 ± 0.6702573754249409 | 0.5318787764030503
0.96 | 1.04 | 0 | 70 | 0.4198514595881131 ± 0.007211749500599742 | 0.07438416794569652 ± 0.0022999672197167934 | 1.5626846229822062 ± 0.07074149186462808 | 2.2826716337487234 ± 0.5661590595561876 | 0.574624646823348
0.96 | 1.04 | 0 | 80 | 0.41960381612301256 ± 0.006279376496920994 | 0.0742668608048755 ± 0.002040690521539712 | 1.557412228556473 ± 0.06490619577478074 | 2.286744155228306 ± 0.5292203331695686 | 0.5719882660337582
0.96 | 1.04 | 0 | 90 | 0.4191093101351914 ± 0.00572650531054042 | 0.07401686686847601 ± 0.0020405141184854717 | 1.5522056711220522 ± 0.06994949581133114 | 2.2726598724543785 ± 0.4934981432686525 | 0.5638370314543016
0.96 | 1.04 | 0 | 100 | 0.41780661257158913 ± 0.004561705416872076 | 0.07346067422704175 ± 0.001399018985647399 | 1.5420676268256683 ± 0.07751633069758324 | 2.312526073032163 ± 0.5938541247341435 | 0.5431594697353506
0.96 | 1.04 | 1 | 70 | 0.41985145082316994 ± 0.007211667444775429 | 0.07438416433465596 ± 0.0022999468396792955 | 1.5626844225159795 ± 0.07074029725004394 | 2.2826717977277373 ± 0.5661538963832815 | 0.5746246010722306
0.96 | 1.04 | 1 | 80 | 0.41960377164356166 ± 0.006279214112389 | 0.07426683988838755 ± 0.002040642650046526 | 1.5574113388320674 ± 0.06490766818522731 | 2.28674433986344 ± 0.5292176260765548 | 0.5719878767499931
0.96 | 1.04 | 1 | 90 | 0.41910933753480556 ± 0.005726477667716893 | 0.07401687927745852 ± 0.00204052354952311 | 1.5522065452184681 ± 0.0699481972406849 | 2.2726585807481823 ± 0.49350080390130346 | 0.5638369780294492
0.96 | 1.04 | 1 | 100 | 0.41910933753480556 ± 0.005726477667716893 | 0.07401687927745852 ± 0.00204052354952311 | 1.5522065452184681 ± 0.0699481972406849 | 2.2726585807481823 ± 0.49350080390130346 | 0.5638369780294492
0.96 | 1.04 | 2 | 70 | 0.41756370068960247 ± 0.002586122281263409 | 0.07370711316145506 ± 0.0008351313656940126 | 1.5753149839690102 ± 0.08767876370949934 | 2.249709522924836 ± 0.3310964611477124 | 0.6039572294685542
0.96 | 1.04 | 2 | 80 | 0.4167719752187281 ± 0.0023383952856550544 | 0.07343135939753884 ± 0.000706182264364183 | 1.5736198217116317 ± 0.08495149577172212 | 2.215138141163525 ± 0.34953243786642274 | 0.5873533704103943
0.96 | 1.04 | 2 | 90 | 0.4167719752187281 ± 0.0023383952856550544 | 0.07343135939753884 ± 0.000706182264364183 | 1.5736198217116317 ± 0.08495149577172212 | 2.215138141163525 ± 0.34953243786642274 | 0.5873533704103943
0.96 | 1.04 | 2 | 100 | 0.41709282548488646 ± 0.0031683914571777492 | 0.07340128045535728 ± 0.0008106339761323952 | 1.5680294165632607 ± 0.10961258690792419 | 2.2886824500119687 ± 0.5611842544130164 | 0.5653946952270051
0.97 | 1.03 | 0 | 70 | 0.42143218107278707 ± 0.0031681402781089003 | 0.07492468953416367 ± 0.0013114386373404216 | 1.561863730368316 ± 0.05840643701995052 | 2.3261584147325833 ± 0.9808163927610893 | 0.6066938705726841
0.97 | 1.03 | 0 | 80 | 0.4197902215060706 ± 0.004243640820542969 | 0.0743697872298414 ± 0.0014073322280034953 | 1.5605865055225532 ± 0.07430784331383955 | 2.286805649532337 ± 0.2953529285728105 | 0.5781632976314639
0.97 | 1.03 | 0 | 90 | 0.4192590788240102 ± 0.003354335533689862 | 0.07417433381280425 ± 0.0011113748317443106 | 1.5583352964491919 ± 0.07127527969108605 | 2.2809739363959642 ± 0.3182225392068536 | 0.5729667341680403
0.97 | 1.03 | 0 | 100 | 0.41827636183580685 ± 0.0026028771075517466 | 0.07376088369335124 ± 0.0007861542180149436 | 1.5545109635150776 ± 0.0739683720561728 | 2.2949139943103747 ± 0.36994932897082927 | 0.556167019042156
0.97 | 1.03 | 0 | 150 | 0.41681754861304504 ± 0.0019257399187163422 | 0.07317981879894529 ± 0.000389935916579473 | 1.5549808323699796 ± 0.07968502289806634 | 2.2741789696419197 ± 0.39547789075454687 | 0.5192241042811888
0.97 | 1.03 | 0 | 200 | 0.416270566466678 ± 0.0009440561560186919 | 0.07304529246754833 ± 0.0009869828547347387 | 1.562484640756268 ± 0.07980747762991636 | 2.198183717345172 ± 0.2410194381852556 | 0.5033495877656003
0.97 | 1.03 | 0 | 250 | 0.4162755757504592 ± 0.0008651805665789032 | 0.07304106753535437 ± 0.002817624640016579 | 1.5625099195169918 ± 0.08367588726371267 | 2.2016619700411497 ± 0.23946731335192215 | 0.5030922645417418
0.97 | 1.03 | 1 | 70 | 0.42143218107278707 ± 0.0031681402781089003 | 0.07492468953416367 ± 0.0013114386373404216 | 1.561863730368316 ± 0.05840643701995052 | 2.3261584147325833 ± 0.9808163927610893 | 0.6066938705726841
0.97 | 1.03 | 1 | 80 | 0.4197902215060706 ± 0.004243640820542969 | 0.0743697872298414 ± 0.0014073322280034953 | 1.5605865055225532 ± 0.07430784331383955 | 2.286805649532337 ± 0.2953529285728105 | 0.5781632976314639
0.97 | 1.03 | 1 | 90 | 0.4192590788240102 ± 0.003354335533689862 | 0.07417433381280425 ± 0.0011113748317443106 | 1.5583352964491919 ± 0.07127527969108605 | 2.2809739363959642 ± 0.3182225392068536 | 0.5729667341680403
0.97 | 1.03 | 1 | 100 | 0.41827636183580685 ± 0.0026028771075517466 | 0.07376088369335124 ± 0.0007861542180149436 | 1.5545109635150776 ± 0.0739683720561728 | 2.2949139943103747 ± 0.36994932897082927 | 0.556167019042156
0.97 | 1.03 | 1 | 150 | 0.41681754861304504 ± 0.0019257399187163422 | 0.07317981879894529 ± 0.000389935916579473 | 1.5549808323699796 ± 0.07968502289806634 | 2.2741789696419197 ± 0.39547789075454687 | 0.5192241042811888
0.97 | 1.03 | 1 | 200 | 0.41631718513256527 ± 0.0010942569748003158 | 0.07305219623094726 ± 0.002707746334155575 | 1.5623467609123523 ± 0.08588720531330951 | 2.206143900925362 ± 0.2475521842348009 | 0.5037575792928083
0.97 | 1.03 | 1 | 250 | 0.41627557547949656 ± 0.0008651805557272036 | 0.07304106753743886 ± 0.002817625935513157 | 1.562509919612575 ± 0.08367586091094659 | 2.2016618513421293 ± 0.23946728328857247 | 0.5030922639072308
0.97 | 1.03 | 2 | 70 | 0.42106891285545345 ± 0.007105752219207265 | 0.07492865269520578 ± 0.003175309234296729 | 1.561433137461013 ± 0.0636577674174017 | 2.233940244996907 ± 0.28331761849795933 | 0.6109619624709763
0.97 | 1.03 | 2 | 80 | 0.42118491116497225 ± 0.012794462725085238 | 0.07492249129468823 ± 0.0028927456586866213 | 1.5614250365051987 ± 0.07141384744532098 | 2.2446068028791415 ± 0.3238234916130979 | 0.6071517340034231
0.97 | 1.03 | 2 | 90 | 0.41900159154397765 ± 0.0034273641540800287 | 0.07412473772188459 ± 0.0011587634705726019 | 1.5622008808331618 ± 0.06539039556583404 | 2.2395284186323585 ± 0.25928012439066606 | 0.5646556260988604
0.97 | 1.03 | 2 | 100 | 0.41900159154397765 ± 0.0034273641540800287 | 0.07412473772188459 ± 0.0011587634705726019 | 1.5622008808331618 ± 0.06539039556583404 | 2.2395284186323585 ± 0.25928012439066606 | 0.5646556260988604
0.97 | 1.03 | 2 | 150 | 0.4168685309564819 ± 0.003948134459784868 | 0.07321679313301051 ± 0.0028963258948607393 | 1.558417968562239 ± 0.07160286260691495 | 2.231890405018277 ± 0.3737633166260124 | 0.5143488193193024
0.97 | 1.03 | 2 | 200 | 0.4163741714651983 ± 0.0013045333543235302 | 0.07310817690000666 ± 0.00045251319409420065 | 1.5623742649464272 ± 0.06840164017370398 | 2.1952165881299495 ± 0.24732669829591722 | 0.5077207905125819
0.97 | 1.03 | 2 | 250 | 0.4162650615818777 ± 0.0008982186719520877 | 0.07304232737741799 ± 0.0009814193239711735 | 1.5624673150830615 ± 0.08148106732243543 | 2.198820558804975 ± 0.24149041961533252 | 0.5032121638764235
0.98 | 1.02 | 0 | 70 | 0.42067507990252156 ± 0.0037816528669757077 | 0.07454003903750293 ± 0.0018789583271122887 | 1.5432252090065455 ± 0.037244654484748896 | 2.3642538216807636 ± 0.30388174761026693 | 0.6001945661986975
0.98 | 1.02 | 0 | 80 | 0.42067507990252156 ± 0.0037816528669757077 | 0.07454003903750293 ± 0.0018789583271122887 | 1.5432252090065455 ± 0.037244654484748896 | 2.3642538216807636 ± 0.30388174761026693 | 0.6001945661986975
0.98 | 1.02 | 0 | 90 | 0.42024570401802386 ± 0.002954614250778487 | 0.07423657966996401 ± 0.0015268576723179925 | 1.542192438457078 ± 0.057901981569417726 | 2.4445700108575283 ± 1.454512440569132 | 0.5864708710099594
0.98 | 1.02 | 0 | 100 | 0.4198735051700541 ± 0.003156617645798065 | 0.07409846895299912 ± 0.0007377306833746197 | 1.5389036295876048 ± 0.05576451460524978 | 2.460159260878141 ± 0.5700751229658302 | 0.5811279713283204
0.98 | 1.02 | 0 | 150 | 0.4187147831755867 ± 0.0010241878113319153 | 0.07382060488139036 ± 0.00034915259810195526 | 1.54671673724543 ± 0.045079366163855106 | 2.3338502011154985 ± 0.2546040060156634 | 0.5566480563633369
0.98 | 1.02 | 0 | 200 | 0.4187649145783766 ± 0.0010539018793433543 | 0.07379642504074381 ± 0.002990051828337753 | 1.5473178398888763 ± 0.06028111071784592 | 2.3398603493412056 ± 0.2374359765634853 | 0.5527704649179837
0.98 | 1.02 | 0 | 250 | 0.41872387389636745 ± 0.0008040998425750586 | 0.07379400435750999 ± 0.0020707120953179503 | 1.5473399998664052 ± 0.05680065277917856 | 2.335758410072896 ± 0.23768975820911514 | 0.5524142616444513
0.98 | 1.02 | 1 | 70 | 0.42067507990252156 ± 0.0037816528669757077 | 0.07454003903750293 ± 0.0018789583271122887 | 1.5432252090065455 ± 0.037244654484748896 | 2.3642538216807636 ± 0.30388174761026693 | 0.6001945661986975
0.98 | 1.02 | 1 | 80 | 0.42067507990252156 ± 0.0037816528669757077 | 0.07454003903750293 ± 0.0018789583271122887 | 1.5432252090065455 ± 0.037244654484748896 | 2.3642538216807636 ± 0.30388174761026693 | 0.6001945661986975
0.98 | 1.02 | 1 | 90 | 0.42024570401802386 ± 0.002955594190855422 | 0.07423657966996401 ± 0.001525853150042375 | 1.542192438457078 ± 0.057887438001828606 | 2.4445700108575283 ± 1.4540938048621963 | 0.5864708710099594
0.98 | 1.02 | 1 | 100 | 0.419873505098866 ± 0.0031516502662654647 | 0.07409846904150158 ± 0.0007377270359127386 | 1.538903628265109 ± 0.05570961868750368 | 2.4601591730397496 ± 0.56835097727208 | 0.5811279661052869
0.98 | 1.02 | 1 | 150 | 0.418714784248394 ± 0.0010241907263128644 | 0.07382060511744784 ± 0.00034915000493906945 | 1.5467167033209777 ± 0.0450792318759049 | 2.333850574670378 ± 0.2546046737834234 | 0.5566481478181221
0.98 | 1.02 | 1 | 200 | 0.4187484404450775 ± 0.0010439827316990088 | 0.07380677894766584 ± 0.0018345338006326636 | 1.5469099123732173 ± 0.05622831420045338 | 2.335931888483083 ± 0.25032914775355586 | 0.5535346040963572
0.98 | 1.02 | 1 | 250 | 0.41872387372521586 ± 0.0008040998604849308 | 0.07379400435881917 ± 0.002070711084682035 | 1.5473399998653734 ± 0.05680063907594668 | 2.3357583650840934 ± 0.23768974226283504 | 0.552414261743788
0.98 | 1.02 | 2 | 70 | 0.4213995101697754 ± 0.007836144366966372 | 0.07458909064902995 ± 0.0015736181970746055 | 1.528324137436022 ± 0.04549469380249149 | 2.504875137504024 ± 0.5751567957781297 | 0.616063562565377
0.98 | 1.02 | 2 | 80 | 0.421197433221366 ± 0.005040015251711881 | 0.07445860077424701 ± 0.0017754540334820948 | 1.5222979393211404 ± 0.03545054646328716 | 2.540688393277065 ± 0.6717806428574499 | 0.6149816106519658
0.98 | 1.02 | 2 | 90 | 0.4211909551434663 ± 0.005177463809266304 | 0.07444067663647994 ± 0.001743152876004933 | 1.5215877569015486 ± 0.032547187111460985 | 2.5516755440454575 ± 0.6991005984428313 | 0.6149056237014634
0.98 | 1.02 | 2 | 100 | 0.4211905183462759 ± 0.006174163981537689 | 0.07443278953541911 ± 0.0015483207335181826 | 1.521169959721829 ± 0.03161995711059984 | 2.5508305417472603 ± 0.6983278718629765 | 0.6147939263345464
0.98 | 1.02 | 2 | 150 | 0.42058260631975314 ± 0.005093514608177834 | 0.07409419951608699 ± 0.0007396394964156866 | 1.5073495886969486 ± 0.032568735011313965 | 2.6116270373660107 ± 1.554574862953849 | 0.6117900426437943
0.98 | 1.02 | 2 | 200 | 0.4190692599336993 ± 0.0015307291141804212 | 0.07394689316312668 ± 0.0004175924210644902 | 1.545762135125928 ± 0.05183531406209774 | 2.3487724059862276 ± 0.2714631276604235 | 0.5652699915381516
0.98 | 1.02 | 2 | 250 | 0.41880958029609205 ± 0.0011588463735593886 | 0.07385516381215676 ± 0.0003715403439672263 | 1.5473390392486464 ± 0.049450922618835325 | 2.336628387503094 ± 0.24277729077022228 | 0.5575940548089835
0.99 | 1.01 | 0 | 70 | 0.42175337285553405 ± 0.002081330916322539 | 0.07476193498983684 ± 0.0007904543835715802 | 1.5320583014253428 ± 0.030273544146096842 | 2.5115581973440477 ± 0.24460448274509367 | 0.624230017439812
0.99 | 1.01 | 0 | 80 | 0.42141409244794575 ± 0.0013787805527346272 | 0.07465879623482093 ± 0.00076247327528213 | 1.531384569523687 ± 0.02716900655464205 | 2.49116697816456 ± 0.25658953516229754 | 0.6191468022297948
0.99 | 1.01 | 0 | 90 | 0.42129083597397016 ± 0.0021314819861304323 | 0.07461389045600608 ± 0.001252413792673046 | 1.531965860921267 ± 0.028977802904594396 | 2.453891531341303 ± 0.24185008057587504 | 0.6140700592874169
0.99 | 1.01 | 0 | 100 | 0.42114146921841616 ± 0.001023919239147941 | 0.07457505313479365 ± 0.0008989388644164431 | 1.5319803767226559 ± 0.027372022564694287 | 2.4543668743458293 ± 0.24203068041841416 | 0.612091081483986
0.99 | 1.01 | 0 | 150 | 0.42114014465206057 ± 0.0007570013575274577 | 0.07454701896183596 ± 0.001158381840875522 | 1.532146076978504 ± 0.030234655677382483 | 2.4696856390968716 ± 0.2373010121492492 | 0.6093156060605232
0.99 | 1.01 | 0 | 200 | 0.4211471370601305 ± 0.0007529146854044729 | 0.07454700247597956 ± 0.0012167630987131237 | 1.5321699923663754 ± 0.030275871418963707 | 2.4699601312445174 ± 0.23638537793471687 | 0.6092743246548215
0.99 | 1.01 | 0 | 250 | 0.4211471370601305 ± 0.0007529146854044729 | 0.07454700247597956 ± 0.0012167630987131237 | 1.5321699923663754 ± 0.030275871418963707 | 2.4699601312445174 ± 0.23638537793471687 | 0.6092743246548215
0.99 | 1.01 | 1 | 70 | 0.42175337285553405 ± 0.002081330916322539 | 0.07476193498983684 ± 0.0007904543835715802 | 1.5320583014253428 ± 0.030273544146096842 | 2.5115581973440477 ± 0.24460448274509367 | 0.624230017439812
0.99 | 1.01 | 1 | 80 | 0.42141409244794575 ± 0.0013785582132528908 | 0.07465879623482093 ± 0.000762473279181046 | 1.531384569523687 ± 0.027162208303009416 | 2.49116697816456 ± 0.2565178142090995 | 0.6191468022297948
0.99 | 1.01 | 1 | 90 | 0.4212908357299273 ± 0.002131481197331658 | 0.07461389037684175 ± 0.0012524139383058436 | 1.5319658589886296 ± 0.028977796423705793 | 2.453891511401976 ± 0.24185012859430483 | 0.614070058025989
0.99 | 1.01 | 1 | 100 | 0.42114146907870387 ± 0.0010239190634447914 | 0.0745750530924392 ± 0.0008989388948236685 | 1.5319803741321238 ± 0.02737201271360412 | 2.4543668624191657 ± 0.24203072415176016 | 0.6120910838163853
0.99 | 1.01 | 1 | 150 | 0.42116367718618564 ± 0.0007844199060193741 | 0.07454779921717934 ± 0.0011890746044287623 | 1.5320655767609752 ± 0.030246358134660256 | 2.4757376713164216 ± 0.23931194676249126 | 0.6094645145501736
0.99 | 1.01 | 1 | 200 | 0.4211471355871493 ± 0.0007530222895735853 | 0.07454700247563008 ± 0.0012168673932535998 | 1.5321699923767107 ± 0.030275870383747905 | 2.4699597773201845 ± 0.23640917422934804 | 0.6092743245617273
0.99 | 1.01 | 1 | 250 | 0.4211471355871493 ± 0.0007530222895735853 | 0.07454700247563008 ± 0.0012168673932535998 | 1.5321699923767107 ± 0.030275870383747905 | 2.4699597773201845 ± 0.23640917422934804 | 0.6092743245617273
0.99 | 1.01 | 2 | 70 | 0.4223269993171042 ± 0.0038688438285127387 | 0.07484645785426838 ± 0.00075534102397605 | 1.510175790040411 ± 0.015902847128919095 | 2.61472014660078 ± 1.3038105944960705 | 0.6651192389918634
0.99 | 1.01 | 2 | 80 | 0.422215934950001 ± 0.006605841815761434 | 0.07475830208627958 ± 0.0012836563815256039 | 1.520528658214721 ± 0.018963684830273997 | 2.6270124228964895 ± 0.929468952253825 | 0.6416849640600716
0.99 | 1.01 | 2 | 90 | 0.4214066252180227 ± 0.001520966296799902 | 0.07460835454418818 ± 0.0007951354739433175 | 1.525563745772489 ± 0.022494572706923455 | 2.5110951835672988 ± 0.3508200138180527 | 0.6220654665348938
0.99 | 1.01 | 2 | 100 | 0.4211396436871012 ± 0.001225337643814281 | 0.07457652394580412 ± 0.0010055900324181383 | 1.5307881610163732 ± 0.02448191968166269 | 2.436500488789385 ± 0.2571736581009293 | 0.6150289530682231
0.99 | 1.01 | 2 | 150 | 0.4211901290337472 ± 0.0010356383112286101 | 0.07456539627079158 ± 0.001052950881923996 | 1.5321278621292447 ± 0.0302491642246544 | 2.4721190263218435 ± 0.23817280910775399 | 0.610443147831147
0.99 | 1.01 | 2 | 200 | 0.4211453650995784 ± 0.0007533202699129854 | 0.07454700366016086 ± 0.0012043985043882627 | 1.532169868537802 ± 0.030250191117259684 | 2.4696701304074056 ± 0.23645049599206155 | 0.6092748946315093
0.99 | 1.01 | 2 | 250 | 0.4211453650995784 ± 0.0007533063592506845 | 0.07454700366016086 ± 0.0012042734192321061 | 1.532169868537802 ± 0.030250112481382874 | 2.4696701304074056 ± 0.23647041673609343 | 0.6092748946315093
1 | 1 | 0 | 70 | 0.42354810396603987 ± 0.0007091133056893475 | 0.0753 ± 0.0007530000000000001 | 1.517 ± 0.01517 | 2.6029114973791945 ± 0.23525667566847722 | 0.6613120515641596
1 | 1 | 0 | 80 | 0.42354810396603987 ± 0.0007091133056893475 | 0.0753 ± 0.0007530000000000001 | 1.517 ± 0.01517 | 2.6029114973791945 ± 0.23525667566847722 | 0.6613120515641596
1 | 1 | 0 | 90 | 0.42354810396603987 ± 0.0007091133056893475 | 0.0753 ± 0.0007530000000000001 | 1.517 ± 0.01517 | 2.6029114973791945 ± 0.23525667566847722 | 0.6613120515641596
1 | 1 | 0 | 100 | 0.42354810396603987 ± 0.0007091133056893475 | 0.0753 ± 0.0007530000000000001 | 1.517 ± 0.01517 | 2.6029114973791945 ± 0.23525667566847722 | 0.6613120515641596
1 | 1 | 0 | 150 | 0.42354810396603987 ± 0.0007091133056893475 | 0.0753 ± 0.0007530000000000001 | 1.517 ± 0.01517 | 2.6029114973791945 ± 0.23525667566847722 | 0.6613120515641596
1 | 1 | 0 | 200 | 0.42354810396603987 ± 0.0007091133056893475 | 0.0753 ± 0.0007530000000000001 | 1.517 ± 0.01517 | 2.6029114973791945 ± 0.23525667566847722 | 0.6613120515641596
1 | 1 | 0 | 250 | 0.42354810396603987 ± 0.0007091133056893475 | 0.0753 ± 0.0007530000000000001 | 1.517 ± 0.01517 | 2.6029114973791945 ± 0.23525667566847722 | 0.6613120515641596
1 | 1 | 1 | 70 | 0.42354810396603987 ± 0.0007091785073080511 | 0.0753 ± 0.0007530000000000001 | 1.517 ± 0.01517 | 2.6029114973791945 ± 0.2352783764023495 | 0.6613120515641596
1 | 1 | 1 | 80 | 0.42354810396603987 ± 0.0007091785073080511 | 0.0753 ± 0.0007530000000000001 | 1.517 ± 0.01517 | 2.6029114973791945 ± 0.2352783764023495 | 0.6613120515641596
1 | 1 | 1 | 90 | 0.42354810396603987 ± 0.0007091785073080511 | 0.0753 ± 0.0007530000000000001 | 1.517 ± 0.01517 | 2.6029114973791945 ± 0.2352783764023495 | 0.6613120515641596
1 | 1 | 1 | 100 | 0.42354810396603987 ± 0.0007091785073080511 | 0.0753 ± 0.0007530000000000001 | 1.517 ± 0.01517 | 2.6029114973791945 ± 0.2352783764023495 | 0.6613120515641596
1 | 1 | 1 | 150 | 0.42354810396603987 ± 0.0007091785073080511 | 0.0753 ± 0.0007530000000000001 | 1.517 ± 0.01517 | 2.6029114973791945 ± 0.2352783764023495 | 0.6613120515641596
1 | 1 | 1 | 200 | 0.42354810396603987 ± 0.0007091785073080511 | 0.0753 ± 0.0007530000000000001 | 1.517 ± 0.01517 | 2.6029114973791945 ± 0.2352783764023495 | 0.6613120515641596
1 | 1 | 1 | 250 | 0.42354810396603987 ± 0.0007091785073080511 | 0.0753 ± 0.0007530000000000001 | 1.517 ± 0.01517 | 2.6029114973791945 ± 0.2352783764023495 | 0.6613120515641596
1 | 1 | 2 | 70 | 0.42354814429456145 ± 0.0007091742385261153 | 0.0753 ± 0.0007530000000000001 | 1.517 ± 0.01517 | 2.6029151074104617 ± 0.23527648420341515 | 0.6613120527559682
1 | 1 | 2 | 80 | 0.42354814429456145 ± 0.0007091742385261153 | 0.0753 ± 0.0007530000000000001 | 1.517 ± 0.01517 | 2.6029151074104617 ± 0.23527648420341515 | 0.6613120527559682
1 | 1 | 2 | 90 | 0.42354814429456145 ± 0.0007091742385261153 | 0.0753 ± 0.0007530000000000001 | 1.517 ± 0.01517 | 2.6029151074104617 ± 0.23527648420341515 | 0.6613120527559682
1 | 1 | 2 | 100 | 0.42354814429456145 ± 0.0007091742385261153 | 0.0753 ± 0.0007530000000000001 | 1.517 ± 0.01517 | 2.6029151074104617 ± 0.23527648420341515 | 0.6613120527559682
1 | 1 | 2 | 150 | 0.42354814429456145 ± 0.0007091742385261153 | 0.0753 ± 0.0007530000000000001 | 1.517 ± 0.01517 | 2.6029151074104617 ± 0.23527648420341515 | 0.6613120527559682
1 | 1 | 2 | 200 | 0.42354814429456145 ± 0.0007091742385261153 | 0.0753 ± 0.0007530000000000001 | 1.517 ± 0.01517 | 2.6029151074104617 ± 0.23527648420341515 | 0.6613120527559682
1 | 1 | 2 | 250 | 0.42354814429456145 ± 0.0007091742385261153 | 0.0753 ± 0.0007530000000000001 | 1.517 ± 0.01517 | 2.6029151074104617 ± 0.23527648420341515 | 0.6613120527559682
