Otimização para pl em TOTEM - Limites: eps_0_mg_1_a1_1
Configuração: down | up | strategy | migrad | mg ± error | eps ± error | a1 ± error | a2 ± error | χ²/ndof
========================================================================================================================
0.91 | 1.0899999999999999 | 0 | 70 | 0.4482024962754193 ± 0.012063710509521514 | 0.08879467587613149 ± 0.004985541109824356 | 1.6945325642250866 ± 0.07971203948950234 | 2.0211344027624163 ± 0.31314743693193176 | 0.6375677539887965
0.91 | 1.0899999999999999 | 0 | 80 | 0.44889785379331776 ± 0.0009958978134251284 | 0.08860466583117002 ± 0.0003555542580057339 | 1.6562098799818965 ± 0.02018240718176101 | 2.1861315833250674 ± 0.09136649424773632 | 0.5910939810871096
0.91 | 1.0899999999999999 | 0 | 90 | 0.44889785379331776 ± 0.0009958978134251284 | 0.08860466583117002 ± 0.0003555542580057339 | 1.6562098799818965 ± 0.02018240718176101 | 2.1861315833250674 ± 0.09136649424773632 | 0.5910939810871096
0.91 | 1.0899999999999999 | 0 | 100 | 0.44946654705126404 ± 0.0009843091460819409 | 0.08845547980368487 ± 0.0003508222066775461 | 1.621100964461121 ± 0.019971327318375476 | 2.3462921270794794 ± 0.09077184283691514 | 0.5544292477423467
0.91 | 1.0899999999999999 | 0 | 150 | 0.449708356074264 ± 0.015012227225677688 | 0.08839157714858883 ± 0.006214326032322876 | 1.606024037288528 ± 0.08859060590758927 | 2.405605738970197 ± 0.35420652801885644 | 0.548157809440383
0.91 | 1.0899999999999999 | 0 | 200 | 0.44930182097202304 ± 0.017838223404538472 | 0.08811443713301853 ± 0.0068774571432069186 | 1.59294841389573 ± 0.05225781801787455 | 2.4598615645260082 ± 0.16899917313368978 | 0.5460278775352357
0.91 | 1.0899999999999999 | 0 | 250 | 0.4384496431368089 ± 0.006570487069417347 | 0.08409834404092217 ± 0.002466024213133705 | 1.5740156457234178 ± 0.02602077607660591 | 2.4874420529009242 ± 0.10871508463127899 | 0.5001527066998176
0.91 | 1.0899999999999999 | 1 | 70 | 0.4482024962754193 ± 0.012063710509521514 | 0.08879467587613149 ± 0.004985541109824356 | 1.6945325642250866 ± 0.07971203948950234 | 2.0211344027624163 ± 0.31314743693193176 | 0.6375677539887965
0.91 | 1.0899999999999999 | 1 | 80 | 0.44889785379331776 ± 0.0009958978134251284 | 0.08860466583117002 ± 0.0003555542580057339 | 1.6562098799818965 ± 0.02018240718176101 | 2.1861315833250674 ± 0.09136649424773632 | 0.5910939810871096
0.91 | 1.0899999999999999 | 1 | 90 | 0.44889785379331776 ± 0.0009958978134251284 | 0.08860466583117002 ± 0.0003555542580057339 | 1.6562098799818965 ± 0.02018240718176101 | 2.1861315833250674 ± 0.09136649424773632 | 0.5910939810871096
0.91 | 1.0899999999999999 | 1 | 100 | 0.44946654705126404 ± 0.0009843091460819409 | 0.08845547980368487 ± 0.0003508222066775461 | 1.621100964461121 ± 0.019971327318375476 | 2.3462921270794794 ± 0.09077184283691514 | 0.5544292477423467
0.91 | 1.0899999999999999 | 1 | 150 | 0.449708356074264 ± 0.015012227225677688 | 0.08839157714858883 ± 0.006214326032322876 | 1.606024037288528 ± 0.08859060590758927 | 2.405605738970197 ± 0.35420652801885644 | 0.548157809440383
0.91 | 1.0899999999999999 | 1 | 200 | 0.44930182097202304 ± 0.017838223404538472 | 0.08811443713301853 ± 0.0068774571432069186 | 1.59294841389573 ± 0.05225781801787455 | 2.4598615645260082 ± 0.16899917313368978 | 0.5460278775352357
0.91 | 1.0899999999999999 | 1 | 250 | 0.4384496431368089 ± 0.006570487069417347 | 0.08409834404092217 ± 0.002466024213133705 | 1.5740156457234178 ± 0.02602077607660591 | 2.4874420529009242 ± 0.10871508463127899 | 0.5001527066998176
0.91 | 1.0899999999999999 | 2 | 150 | 0.43801182800289634 ± 0.0010564583673779993 | 0.08577187654048818 ± 0.0003640715311406918 | 1.7377858026245572 ± 0.020777195509059432 | 1.7874128522252462 ± 0.10281665372345143 | 0.9292001987952607
0.91 | 1.0899999999999999 | 2 | 200 | 0.4341058964233416 ± 0.0032734425444143622 | 0.08286804449309107 ± 0.00123422870644049 | 1.6073887123656994 ± 0.019353512974684794 | 2.31712596617608 ± 0.08607744524080244 | 0.5746836143746279
0.91 | 1.0899999999999999 | 2 | 250 | 0.4358262828003329 ± 0.005293208774358293 | 0.08320875610473157 ± 0.001969490196713168 | 1.578228446742612 ± 0.020110134184081474 | 2.4689035709025036 ± 0.08841611922922728 | 0.5106266622949988
0.92 | 1.08 | 0 | 70 | 0.4482023718584521 ± 0.011972217412188041 | 0.08879470520735294 ± 0.004970376524576159 | 1.694539132670451 ± 0.07865759308269449 | 2.021104636309975 ± 0.3135743460259107 | 0.6375811066877116
0.92 | 1.08 | 0 | 80 | 0.4488506366556781 ± 0.0009965649583839054 | 0.08861748191875544 ± 0.00035541413027936013 | 1.658850443590907 ± 0.020010961134759975 | 2.1747532270234218 ± 0.09086361601596989 | 0.5924059171582257
0.92 | 1.08 | 0 | 90 | 0.4488506366556781 ± 0.0009965649583839054 | 0.08861748191875544 ± 0.00035541413027936013 | 1.658850443590907 ± 0.020010961134759975 | 2.1747532270234218 ± 0.09086361601596989 | 0.5924059171582257
0.92 | 1.08 | 0 | 100 | 0.44926755783940026 ± 0.0009839150242541839 | 0.08850715072368609 ± 0.00034930209341301236 | 1.6337436571901822 ± 0.018281904278019123 | 2.288820376188273 ± 0.0838158086906217 | 0.5658212802742811
0.92 | 1.08 | 0 | 150 | 0.44970255470316534 ± 0.013136324639672348 | 0.08839437763659364 ± 0.005262455524076201 | 1.6064717513735933 ± 0.06635736020650373 | 2.4049567167169097 ± 0.25658027806284817 | 0.54821407047011
0.92 | 1.08 | 0 | 200 | 0.4497157886613971 ± 0.013997669108061689 | 0.08834828331104107 ± 0.005651552379353183 | 1.6015412549350303 ± 0.07031724942098305 | 2.4248677122260442 ± 0.27559802024290114 | 0.547904035291029
0.92 | 1.08 | 0 | 250 | 0.4447420959745417 ± 0.009916271218069928 | 0.08645790347298951 ± 0.003842585351309698 | 1.5867986387641253 ± 0.04400000148317684 | 2.4609177001870433 ± 0.17179049071571428 | 0.5196059658677523
0.92 | 1.08 | 1 | 70 | 0.4482023718584521 ± 0.011972217412188041 | 0.08879470520735294 ± 0.004970376524576159 | 1.694539132670451 ± 0.07865759308269449 | 2.021104636309975 ± 0.3135743460259107 | 0.6375811066877116
0.92 | 1.08 | 1 | 80 | 0.4488506366556781 ± 0.0009965649583839054 | 0.08861748191875544 ± 0.00035541413027936013 | 1.658850443590907 ± 0.020010961134759975 | 2.1747532270234218 ± 0.09086361601596989 | 0.5924059171582257
0.92 | 1.08 | 1 | 90 | 0.4488506366556781 ± 0.0009965649583839054 | 0.08861748191875544 ± 0.00035541413027936013 | 1.658850443590907 ± 0.020010961134759975 | 2.1747532270234218 ± 0.09086361601596989 | 0.5924059171582257
0.92 | 1.08 | 1 | 100 | 0.44926755783940026 ± 0.0009839150242541839 | 0.08850715072368609 ± 0.00034930209341301236 | 1.6337436571901822 ± 0.018281904278019123 | 2.288820376188273 ± 0.0838158086906217 | 0.5658212802742811
0.92 | 1.08 | 1 | 150 | 0.44970255470316534 ± 0.013136324639672348 | 0.08839437763659364 ± 0.005262455524076201 | 1.6064717513735933 ± 0.06635736020650373 | 2.4049567167169097 ± 0.25658027806284817 | 0.54821407047011
0.92 | 1.08 | 1 | 200 | 0.4497157886613971 ± 0.013997669108061689 | 0.08834828331104107 ± 0.005651552379353183 | 1.6015412549350303 ± 0.07031724942098305 | 2.4248677122260442 ± 0.27559802024290114 | 0.547904035291029
0.92 | 1.08 | 1 | 250 | 0.4447420959745417 ± 0.009916271218069928 | 0.08645790347298951 ± 0.003842585351309698 | 1.5867986387641253 ± 0.04400000148317684 | 2.4609177001870433 ± 0.17179049071571428 | 0.5196059658677523
0.92 | 1.08 | 2 | 150 | 0.44527651776775146 ± 0.006109197496141139 | 0.0880116153974977 ± 0.0021872631242862033 | 1.7137697576156175 ± 0.034974727781608816 | 1.8959205660945426 ± 0.1626142259529415 | 0.7504979102867275
0.92 | 1.08 | 2 | 200 | 0.44684228553368327 ± 0.02316513798548131 | 0.08760025964423532 ± 0.009310112755602904 | 1.6275192619551724 ± 0.05514585429860819 | 2.296613966234882 ± 0.15200442756585614 | 0.5511703510415296
0.92 | 1.08 | 2 | 250 | 0.4477582202486763 ± 0.012465092393712157 | 0.0876526549651175 ± 0.004990727545639276 | 1.6001784995883943 ± 0.0629304440255748 | 2.4209818538669015 ± 0.2451294749116562 | 0.5363686886530649
0.93 | 1.0699999999999998 | 0 | 70 | 0.4482021898783692 ± 0.011824975085633432 | 0.08879474819008278 ± 0.004941831074115171 | 1.6945487461527815 ± 0.07709513149515135 | 2.0210610749325024 ± 0.31409287628222887 | 0.6376006517135302
0.93 | 1.0699999999999998 | 0 | 80 | 0.44879121065620936 ± 0.0009977611512296536 | 0.08863361506364817 ± 0.00035548876040206087 | 1.6621586881309371 ± 0.01992133051698941 | 2.16043239770516 ± 0.09076017226632088 | 0.5943139044549814
0.93 | 1.0699999999999998 | 0 | 90 | 0.44879121065620936 ± 0.0009977611512296536 | 0.08863361506364817 ± 0.00035548876040206087 | 1.6621586881309371 ± 0.01992133051698941 | 2.16043239770516 ± 0.09076017226632088 | 0.5943139044549814
0.93 | 1.0699999999999998 | 0 | 100 | 0.449120709091137 ± 0.000984409430874189 | 0.08854569841992393 ± 0.0003484997015567627 | 1.6428441753013399 ± 0.01722363265868565 | 2.2481665360748475 ± 0.07958221754892908 | 0.576801927104309
0.93 | 1.0699999999999998 | 0 | 150 | 0.44959398651437976 ± 0.013810050181849803 | 0.08842394144121489 ± 0.005418465700659974 | 1.6133565258472125 ± 0.053158352545262355 | 2.373578152501964 ± 0.19553526495975448 | 0.54901328109184
0.93 | 1.0699999999999998 | 0 | 200 | 0.44972294811973323 ± 0.014494485775939564 | 0.0883885916270125 ± 0.00604749521870202 | 1.6052228069666465 ± 0.1323772606913043 | 2.409313398026624 ± 0.3329185788213406 | 0.548162273876023
0.93 | 1.0699999999999998 | 0 | 250 | 0.44948637465241226 ± 0.011580359978364124 | 0.0883376772915897 ± 0.004624279260537897 | 1.6081401311952408 ± 0.058425282372675635 | 2.3981726262016343 ± 0.2344023805341528 | 0.5473126669319621
0.93 | 1.0699999999999998 | 1 | 70 | 0.4482021898783692 ± 0.011824975085633432 | 0.08879474819008278 ± 0.004941831074115171 | 1.6945487461527815 ± 0.07709513149515135 | 2.0210610749325024 ± 0.31409287628222887 | 0.6376006517135302
0.93 | 1.0699999999999998 | 1 | 80 | 0.44879121065620936 ± 0.0009977611512296536 | 0.08863361506364817 ± 0.00035548876040206087 | 1.6621586881309371 ± 0.01992133051698941 | 2.16043239770516 ± 0.09076017226632088 | 0.5943139044549814
0.93 | 1.0699999999999998 | 1 | 90 | 0.44879121065620936 ± 0.0009977611512296536 | 0.08863361506364817 ± 0.00035548876040206087 | 1.6621586881309371 ± 0.01992133051698941 | 2.16043239770516 ± 0.09076017226632088 | 0.5943139044549814
0.93 | 1.0699999999999998 | 1 | 100 | 0.449120709091137 ± 0.000984409430874189 | 0.08854569841992393 ± 0.0003484997015567627 | 1.6428441753013399 ± 0.01722363265868565 | 2.2481665360748475 ± 0.07958221754892908 | 0.576801927104309
0.93 | 1.0699999999999998 | 1 | 150 | 0.44959398651437976 ± 0.013810050181849803 | 0.08842394144121489 ± 0.005418465700659974 | 1.6133565258472125 ± 0.053158352545262355 | 2.373578152501964 ± 0.19553526495975448 | 0.54901328109184
0.93 | 1.0699999999999998 | 1 | 200 | 0.44972294811973323 ± 0.014494485775939564 | 0.0883885916270125 ± 0.00604749521870202 | 1.6052228069666465 ± 0.1323772606913043 | 2.409313398026624 ± 0.3329185788213406 | 0.548162273876023
0.93 | 1.0699999999999998 | 1 | 250 | 0.44948637465241226 ± 0.011580359978364124 | 0.0883376772915897 ± 0.004624279260537897 | 1.6081401311952408 ± 0.058425282372675635 | 2.3981726262016343 ± 0.2344023805341528 | 0.5473126669319621
0.93 | 1.0699999999999998 | 2 | 150 | 0.448055022498603 ± 0.0007347568625605816 | 0.08832626803840393 ± 0.0002616979886048862 | 1.6521235649155928 ± 0.028677586342072625 | 2.1995147387504503 ± 0.1320926249456527 | 0.612704476606194
0.93 | 1.0699999999999998 | 2 | 200 | 0.44766948103773196 ± 0.012059329781522188 | 0.08755393944012865 ± 0.004548175522533644 | 1.5942629688880416 ± 0.03366503845464297 | 2.439559861362591 ± 0.12492386865053365 | 0.5365074155719998
0.93 | 1.0699999999999998 | 2 | 250 | 0.44327403882902255 ± 0.0005166949662716303 | 0.08586192362752472 ± 0.00018510167787110817 | 1.5771392859606221 ± 0.03051195146490382 | 2.505304800657453 ± 0.12665938920486067 | 0.5153941292997447
0.94 | 1.06 | 0 | 70 | 0.44820190799488824 ± 0.011578339089424128 | 0.08879481480686888 ± 0.004885487091021539 | 1.6945636378011413 ± 0.07458444242785756 | 2.020993606762567 ± 0.3142615081845907 | 0.6376309337005254
0.94 | 1.06 | 0 | 80 | 0.44871770981090436 ± 0.000999708306616054 | 0.08865357132845901 ± 0.0003559195289609732 | 1.6662353618718821 ± 0.019970361444524354 | 2.1427144126864874 ± 0.09132012791570161 | 0.5972387790028456
0.94 | 1.06 | 0 | 90 | 0.44871770981090436 ± 0.000999708306616054 | 0.08865357132845901 ± 0.0003559195289609732 | 1.6662353618718821 ± 0.019970361444524354 | 2.1427144126864874 ± 0.09132012791570161 | 0.5972387790028456
0.94 | 1.06 | 0 | 100 | 0.44899221890066826 ± 0.0009857308280428745 | 0.08857980061730156 ± 0.0003482242372319135 | 1.6505136333131298 ± 0.016618751931279596 | 2.2141490139592492 ± 0.07733359550123566 | 0.5847508537202137
0.94 | 1.06 | 0 | 150 | 0.4495135975300351 ± 0.018625063244009782 | 0.0884463759099056 ± 0.007497826288005549 | 1.618416779693503 ± 0.04013527385252513 | 2.352706023959778 ± 0.12360977636571992 | 0.5505432797559195
0.94 | 1.06 | 0 | 200 | 0.4496822359715771 ± 0.010903021971644028 | 0.08840261077249276 ± 0.004280169551334143 | 1.6079411488696678 ± 0.04620176522644581 | 2.398873288138007 ± 0.19174243577223896 | 0.5483033249811592
0.94 | 1.06 | 0 | 250 | 0.4497263910174883 ± 0.0009950605536477863 | 0.08838617443440709 ± 0.00035979292206148836 | 1.6048391122585572 ± 0.025447511513032706 | 2.4106198301668695 ± 0.11705148733563366 | 0.5481581573024465
0.94 | 1.06 | 1 | 70 | 0.44820190799488824 ± 0.011578339089424128 | 0.08879481480686888 ± 0.004885487091021539 | 1.6945636378011413 ± 0.07458444242785756 | 2.020993606762567 ± 0.3142615081845907 | 0.6376309337005254
0.94 | 1.06 | 1 | 80 | 0.44871770981090436 ± 0.000999708306616054 | 0.08865357132845901 ± 0.0003559195289609732 | 1.6662353618718821 ± 0.019970361444524354 | 2.1427144126864874 ± 0.09132012791570161 | 0.5972387790028456
0.94 | 1.06 | 1 | 90 | 0.44871770981090436 ± 0.000999708306616054 | 0.08865357132845901 ± 0.0003559195289609732 | 1.6662353618718821 ± 0.019970361444524354 | 2.1427144126864874 ± 0.09132012791570161 | 0.5972387790028456
0.94 | 1.06 | 1 | 100 | 0.44899221890066826 ± 0.0009857308280428745 | 0.08857980061730156 ± 0.0003482242372319135 | 1.6505136333131298 ± 0.016618751931279596 | 2.2141490139592492 ± 0.07733359550123566 | 0.5847508537202137
0.94 | 1.06 | 1 | 150 | 0.4495135975300351 ± 0.018625063244009782 | 0.0884463759099056 ± 0.007497826288005549 | 1.618416779693503 ± 0.04013527385252513 | 2.352706023959778 ± 0.12360977636571992 | 0.5505432797559195
0.94 | 1.06 | 1 | 200 | 0.4496822359715771 ± 0.010903021971644028 | 0.08840261077249276 ± 0.004280169551334143 | 1.6079411488696678 ± 0.04620176522644581 | 2.398873288138007 ± 0.19174243577223896 | 0.5483033249811592
0.94 | 1.06 | 1 | 250 | 0.4497263910174883 ± 0.0009950605536477863 | 0.08838617443440709 ± 0.00035979292206148836 | 1.6048391122585572 ± 0.025447511513032706 | 2.4106198301668695 ± 0.11705148733563366 | 0.5481581573024465
0.94 | 1.06 | 2 | 100 | 0.4474273230512826 ± 0.0010236112663378483 | 0.08836790400205692 ± 0.0003682158958176379 | 1.683079556124537 ± 0.023843933069874534 | 2.0200582393680344 ± 0.1083835394891453 | 0.6765630196610912
0.94 | 1.06 | 2 | 150 | 0.44828002075435636 ± 0.018213087541680217 | 0.08826100118533334 ± 0.007693367904970321 | 1.6425239650226373 ± 0.0700510648009185 | 2.2351653600509844 ± 0.26130644850746837 | 0.5646839033759842
0.94 | 1.06 | 2 | 200 | 0.4488623568760412 ± 0.03890227538125848 | 0.0881931107303395 ± 0.010124405355522413 | 1.6159567949948774 ± 0.038297616932737255 | 2.359679857661532 ± 0.10042976146126673 | 0.5471599306744599
0.94 | 1.06 | 2 | 250 | 0.4487432187451428 ± 0.01060510850169899 | 0.08801467005344375 ± 0.003937035272278691 | 1.6020885427678748 ± 0.025665006734924778 | 2.418813852274598 ± 0.10326714016754551 | 0.5421881451595898
0.95 | 1.05 | 0 | 70 | 0.4482014365705322 ± 0.011268279670332892 | 0.08879492635854293 ± 0.004831160516017592 | 1.6945885484600733 ± 0.07082856294970175 | 2.0208807756422558 ± 0.31609042087620864 | 0.6376816048163003
0.95 | 1.05 | 0 | 80 | 0.4487170651912337 ± 0.0009959545558654026 | 0.0886534834901375 ± 0.0003528431419253018 | 1.6664257221375787 ± 0.018347782018466985 | 2.1420189718776745 ± 0.08480619160796517 | 0.599461062189643
0.95 | 1.05 | 0 | 90 | 0.4487170651912337 ± 0.0009959545558654026 | 0.0886534834901375 ± 0.0003528431419253018 | 1.6664257221375787 ± 0.018347782018466985 | 2.1420189718776745 ± 0.08480619160796517 | 0.599461062189643
0.95 | 1.05 | 0 | 100 | 0.4489651587172501 ± 0.0009831890594525494 | 0.08858735128634959 ± 0.0003459286862617311 | 1.6519759712374942 ± 0.015172200633836175 | 2.208830601731701 ± 0.07186731908700439 | 0.5849966741134253
0.95 | 1.05 | 0 | 150 | 0.44939982503734194 ± 0.000977759476160911 | 0.08847776032103156 ± 0.0003454027682195014 | 1.6254473349504597 ± 0.016522641390182558 | 2.322026511221562 ± 0.0781435890185463 | 0.553376727733156
0.95 | 1.05 | 0 | 200 | 0.44954174654756723 ± 0.015017634854725459 | 0.08844285102017652 ± 0.00587609072320335 | 1.6170566481973836 ± 0.023291828907904488 | 2.3583105787004266 ± 0.09081522988103082 | 0.5500267156968255
0.95 | 1.05 | 0 | 250 | 0.44965979297823255 ± 0.009840642709296354 | 0.088409373859931 ± 0.003632730339272343 | 1.6095506628553333 ± 0.02125235222897759 | 2.390692149555912 ± 0.08941937209718982 | 0.5484355932218231
0.95 | 1.05 | 1 | 70 | 0.4482014365705322 ± 0.011268279670332892 | 0.08879492635854293 ± 0.004831160516017592 | 1.6945885484600733 ± 0.07082856294970175 | 2.0208807756422558 ± 0.31609042087620864 | 0.6376816048163003
0.95 | 1.05 | 1 | 80 | 0.4487170651912337 ± 0.0009959545558654026 | 0.0886534834901375 ± 0.0003528431419253018 | 1.6664257221375787 ± 0.018347782018466985 | 2.1420189718776745 ± 0.08480619160796517 | 0.599461062189643
0.95 | 1.05 | 1 | 90 | 0.4487170651912337 ± 0.0009959545558654026 | 0.0886534834901375 ± 0.0003528431419253018 | 1.6664257221375787 ± 0.018347782018466985 | 2.1420189718776745 ± 0.08480619160796517 | 0.599461062189643
0.95 | 1.05 | 1 | 100 | 0.4489651587172501 ± 0.0009831890594525494 | 0.08858735128634959 ± 0.0003459286862617311 | 1.6519759712374942 ± 0.015172200633836175 | 2.208830601731701 ± 0.07186731908700439 | 0.5849966741134253
0.95 | 1.05 | 1 | 150 | 0.44939982503734194 ± 0.000977759476160911 | 0.08847776032103156 ± 0.0003454027682195014 | 1.6254473349504597 ± 0.016522641390182558 | 2.322026511221562 ± 0.0781435890185463 | 0.553376727733156
0.95 | 1.05 | 1 | 200 | 0.44954174654756723 ± 0.015017634854725459 | 0.08844285102017652 ± 0.00587609072320335 | 1.6170566481973836 ± 0.023291828907904488 | 2.3583105787004266 ± 0.09081522988103082 | 0.5500267156968255
0.95 | 1.05 | 1 | 250 | 0.44965979297823255 ± 0.009840642709296354 | 0.088409373859931 ± 0.003632730339272343 | 1.6095506628553333 ± 0.02125235222897759 | 2.390692149555912 ± 0.08941937209718982 | 0.5484355932218231
0.95 | 1.05 | 2 | 100 | 0.44712466697530767 ± 0.0009380110854981527 | 0.08860425660339383 ± 0.0003441094246206475 | 1.7119672784994897 ± 0.02889371426863041 | 1.9512372100948225 ± 0.1311813917493551 | 0.6870396251655767
0.95 | 1.05 | 2 | 150 | 0.4486875713218742 ± 0.0009809480016859107 | 0.08838871701372762 ± 0.00034540836551221165 | 1.642870691398427 ± 0.01506778235401518 | 2.231222264965854 ± 0.07160203254438265 | 0.5778078237933162
0.95 | 1.05 | 2 | 200 | 0.4490089095588981 ± 0.03372589458359035 | 0.08837574330072305 ± 0.010242659325995409 | 1.6287058282136062 ± 0.038061657655204306 | 2.3061191233969582 ± 0.1021331478181128 | 0.5537360874299141
0.95 | 1.05 | 2 | 250 | 0.4491420060366666 ± 0.011322680112153982 | 0.08830662609755299 ± 0.004311769784408763 | 1.617321365049876 ± 0.02861473003106907 | 2.353432112794794 ± 0.11440652656918521 | 0.5481752698208506
0.96 | 1.04 | 0 | 70 | 0.44820055600814457 ± 0.010731063190379808 | 0.0887951352481283 ± 0.004730467371473092 | 1.6946351061328808 ± 0.10152374437079237 | 2.020670004397458 ± 0.3195145072384823 | 0.6377763575792026
0.96 | 1.04 | 0 | 80 | 0.448685694490499 ± 0.0009930237578505419 | 0.0886616378530888 ± 0.0003498107893445576 | 1.6683428966272258 ± 0.016585393407361093 | 2.1336607923263724 ± 0.0779398968373279 | 0.6035239813716408
0.96 | 1.04 | 0 | 90 | 0.448685694490499 ± 0.0009930237578505419 | 0.0886616378530888 ± 0.0003498107893445576 | 1.6683428966272258 ± 0.016585393407361093 | 2.1336607923263724 ± 0.0779398968373279 | 0.6035239813716408
0.96 | 1.04 | 0 | 100 | 0.4489526529131498 ± 0.0009789183297665704 | 0.08859162258354554 ± 0.00034281673941823846 | 1.6523329241820532 ± 0.013073438983659202 | 2.2106896422017677 ± 0.06410347902659667 | 0.5827063353230254
0.96 | 1.04 | 0 | 150 | 0.4493094041996675 ± 0.027555816356784862 | 0.08850566313671374 ± 0.008703622231456707 | 1.6308591005973594 ± 0.018932732744354253 | 2.3018085508072277 ± 0.09629449372220988 | 0.5559974979818912
0.96 | 1.04 | 0 | 200 | 0.44943338485906065 ± 0.025950366267859015 | 0.08847893720140576 ± 0.006244560232209003 | 1.6241339985713217 ± 0.009401074194141046 | 2.329324548024547 ± 0.08725642537865161 | 0.5524689855998239
0.96 | 1.04 | 0 | 250 | 0.4494698107242802 ± 0.008811956554476835 | 0.08847024449157966 ± 0.003211826536743472 | 1.6219671404839486 ± 0.022197191285228568 | 2.3371351613970277 ± 0.058881308692910195 | 0.5513565977671224
0.96 | 1.04 | 1 | 70 | 0.44820055600814457 ± 0.010731063190379808 | 0.0887951352481283 ± 0.004730467371473092 | 1.6946351061328808 ± 0.10152374437079237 | 2.020670004397458 ± 0.3195145072384823 | 0.6377763575792026
0.96 | 1.04 | 1 | 80 | 0.448685694490499 ± 0.0009930237578505419 | 0.0886616378530888 ± 0.0003498107893445576 | 1.6683428966272258 ± 0.016585393407361093 | 2.1336607923263724 ± 0.0779398968373279 | 0.6035239813716408
0.96 | 1.04 | 1 | 90 | 0.448685694490499 ± 0.0009930237578505419 | 0.0886616378530888 ± 0.0003498107893445576 | 1.6683428966272258 ± 0.016585393407361093 | 2.1336607923263724 ± 0.0779398968373279 | 0.6035239813716408
0.96 | 1.04 | 1 | 100 | 0.4489526529131498 ± 0.0009789183297665704 | 0.08859162258354554 ± 0.00034281673941823846 | 1.6523329241820532 ± 0.013073438983659202 | 2.2106896422017677 ± 0.06410347902659667 | 0.5827063353230254
0.96 | 1.04 | 1 | 150 | 0.4493094041996675 ± 0.027555816356784862 | 0.08850566313671374 ± 0.008703622231456707 | 1.6308591005973594 ± 0.018932732744354253 | 2.3018085508072277 ± 0.09629449372220988 | 0.5559974979818912
0.96 | 1.04 | 1 | 200 | 0.44943338485906065 ± 0.025950366267859015 | 0.08847893720140576 ± 0.006244560232209003 | 1.6241339985713217 ± 0.009401074194141046 | 2.329324548024547 ± 0.08725642537865161 | 0.5524689855998239
0.96 | 1.04 | 1 | 250 | 0.4494698107242802 ± 0.008811956554476835 | 0.08847024449157966 ± 0.003211826536743472 | 1.6219671404839486 ± 0.022197191285228568 | 2.3371351613970277 ± 0.058881308692910195 | 0.5513565977671224
0.96 | 1.04 | 2 | 80 | 0.44685419488800093 ± 0.004442783350680463 | 0.08874872749272655 ± 0.0015492154481328217 | 1.7301318529180028 ± 0.008423507848716372 | 1.809194458761413 ± 0.058449659471797824 | 0.8714194298833934
0.96 | 1.04 | 2 | 90 | 0.44685419488800093 ± 0.004442783350680463 | 0.08874872749272655 ± 0.0015492154481328217 | 1.7301318529180028 ± 0.008423507848716372 | 1.809194458761413 ± 0.058449659471797824 | 0.8714194298833934
0.96 | 1.04 | 2 | 100 | 0.4471018722943596 ± 0.007540950673709995 | 0.08869328040267925 ± 0.0031483572847269344 | 1.7189162299051162 ± 0.10104652851735796 | 1.9255460961937905 ± 0.25203351196011564 | 0.7039262122388686
0.96 | 1.04 | 2 | 150 | 0.449044408808029 ± 0.024795016273668646 | 0.0885983410880375 ± 0.027782375148482388 | 1.6486127084702977 ± 0.0683131005039479 | 2.2270305660609346 ± 0.10815816442307749 | 0.5701722457085842
0.96 | 1.04 | 2 | 200 | 0.44945397078321137 ± 0.0009789773332884721 | 0.08859679630187116 ± 0.000345077646353649 | 1.635078569640847 ± 0.01571354370982958 | 2.281043288858497 ± 0.07580269464985005 | 0.5590235243981786
0.96 | 1.04 | 2 | 250 | 0.4495697903875616 ± 0.010420583035006953 | 0.08856135255265377 ± 0.003993101145664998 | 1.6276185131229906 ± 0.02292059639094257 | 2.3119396234698293 ± 0.09916887913231819 | 0.5546251982377627
0.97 | 1.03 | 0 | 70 | 0.44819859826732417 ± 0.0097731058774361 | 0.08879560248181631 ± 0.004551810646728056 | 1.694738815462156 ± 0.07886432272474941 | 2.0202010969527597 ± 0.3286829022876177 | 0.6379876231519812
0.97 | 1.03 | 0 | 80 | 0.44859688591256636 ± 0.0009937446018385143 | 0.08868529988444905 ± 0.00034848276925838285 | 1.6733675479320151 ± 0.015617162432259635 | 2.1110916786138354 ± 0.07470131896652447 | 0.6093472139062599
0.97 | 1.03 | 0 | 90 | 0.44859688591256636 ± 0.0009937446018385143 | 0.08868529988444905 ± 0.00034848276925838285 | 1.6733675479320151 ± 0.015617162432259635 | 2.1110916786138354 ± 0.07470131896652447 | 0.6093472139062599
0.97 | 1.03 | 0 | 100 | 0.4487698175258068 ± 0.0009818676310526242 | 0.08863926430740197 ± 0.00034242197966681835 | 1.6632863859248102 ± 0.01199660388846635 | 2.1596819393922035 ± 0.06031336221118763 | 0.5970796989798284
0.97 | 1.03 | 0 | 150 | 0.4490472084857766 ± 0.0009745342189387551 | 0.08857233856627866 ± 0.00034131943283982716 | 1.6464104561453434 ± 0.012075713643805774 | 2.230696000713819 ± 0.06204331652329317 | 0.567570780920202
0.97 | 1.03 | 0 | 200 | 0.44915168693029817 ± 0.0009690180408370996 | 0.08855109638143593 ± 0.00033816128162329317 | 1.6408291163390256 ± 0.008893134347633946 | 2.2534516426838818 ± 0.05113855379085953 | 0.5626207595528797
0.97 | 1.03 | 0 | 250 | 0.4491927241005477 ± 0.008124792195617792 | 0.08854598309418674 ± 0.0030428299077783884 | 1.6386907525719927 ± 0.061209170395452706 | 2.263903420845861 ± 0.05728646314399117 | 0.5607069302727508
0.97 | 1.03 | 1 | 70 | 0.44819859826732417 ± 0.0097731058774361 | 0.08879560248181631 ± 0.004551810646728056 | 1.694738815462156 ± 0.07886432272474941 | 2.0202010969527597 ± 0.3286829022876177 | 0.6379876231519812
0.97 | 1.03 | 1 | 80 | 0.44859688591256636 ± 0.0009937446018385143 | 0.08868529988444905 ± 0.00034848276925838285 | 1.6733675479320151 ± 0.015617162432259635 | 2.1110916786138354 ± 0.07470131896652447 | 0.6093472139062599
0.97 | 1.03 | 1 | 90 | 0.44859688591256636 ± 0.0009937446018385143 | 0.08868529988444905 ± 0.00034848276925838285 | 1.6733675479320151 ± 0.015617162432259635 | 2.1110916786138354 ± 0.07470131896652447 | 0.6093472139062599
0.97 | 1.03 | 1 | 100 | 0.4487698175258068 ± 0.0009818676310526242 | 0.08863926430740197 ± 0.00034242197966681835 | 1.6632863859248102 ± 0.01199660388846635 | 2.1596819393922035 ± 0.06031336221118763 | 0.5970796989798284
0.97 | 1.03 | 1 | 150 | 0.4490472084857766 ± 0.0009745342189387551 | 0.08857233856627866 ± 0.00034131943283982716 | 1.6464104561453434 ± 0.012075713643805774 | 2.230696000713819 ± 0.06204331652329317 | 0.567570780920202
0.97 | 1.03 | 1 | 200 | 0.44915168693029817 ± 0.0009690180408370996 | 0.08855109638143593 ± 0.00033816128162329317 | 1.6408291163390256 ± 0.008893134347633946 | 2.2534516426838818 ± 0.05113855379085953 | 0.5626207595528797
0.97 | 1.03 | 1 | 250 | 0.4491927241005477 ± 0.008124792195617792 | 0.08854598309418674 ± 0.0030428299077783884 | 1.6386907525719927 ± 0.061209170395452706 | 2.263903420845861 ± 0.05728646314399117 | 0.5607069302727508
0.97 | 1.03 | 2 | 80 | 0.44713463133134734 ± 0.004442833175913957 | 0.08868926276875169 ± 0.001568970704810498 | 1.7184292446438834 ± 0.009410638115822545 | 1.856955941866479 ± 0.05864399293318125 | 0.796312117186308
0.97 | 1.03 | 2 | 90 | 0.44713463133134734 ± 0.004442833175913957 | 0.08868926276875169 ± 0.001568970704810498 | 1.7184292446438834 ± 0.009410638115822545 | 1.856955941866479 ± 0.05864399293318125 | 0.796312117186308
0.97 | 1.03 | 2 | 100 | 0.4472299938737785 ± 0.004690208868122991 | 0.08869554802843604 ± 0.001690256118015821 | 1.714421745661117 ± 0.01745773223680691 | 1.9382721038466546 ± 0.08599853123627732 | 0.6966805528268593
0.97 | 1.03 | 2 | 150 | 0.44924211096803274 ± 0.0009866296855484402 | 0.08877847530560308 ± 0.0003466895999266325 | 1.6596981062679734 ± 0.015508727581296067 | 2.1776517821873433 ± 0.07504688194071887 | 0.5824778471700766
0.97 | 1.03 | 2 | 200 | 0.45004388527638045 ± 0.0009739870866164457 | 0.0889052650047144 ± 0.000340236386886469 | 1.6448937211474977 ± 0.011599727844466057 | 2.2454710315002617 ± 0.06038721983009627 | 0.5680913247950888
0.97 | 1.03 | 2 | 250 | 0.4503827886065363 ± 0.0009697430839314403 | 0.08897412699833214 ± 0.00033680054688512285 | 1.6403576769780708 ± 0.007216306332747946 | 2.264437116620657 ± 0.044918272237542536 | 0.565460662231585
0.98 | 1.02 | 0 | 70 | 0.44819260428797375 ± 0.013216157466616113 | 0.08879705850866927 ± 0.004203874773480031 | 1.6950591170543379 ± 0.044841834712848416 | 2.0187588034975605 ± 0.36623017615236353 | 0.6386411045391466
0.98 | 1.02 | 0 | 80 | 0.4484846089863055 ± 0.000997391780056367 | 0.08871499210281354 ± 0.000347712637219798 | 1.6796238479714314 ± 0.015025812938098126 | 2.08171799358875 ± 0.07388305640388233 | 0.616876031291922
0.98 | 1.02 | 0 | 90 | 0.44857588379201563 ± 0.0009876756989644908 | 0.08869001632714085 ± 0.0003429193500783709 | 1.6744734662045306 ± 0.011946439762713146 | 2.1059779150739395 ± 0.06100325856068677 | 0.6106954846306023
0.98 | 1.02 | 0 | 100 | 0.44870020896286156 ± 0.000978016145305488 | 0.08865837746685692 ± 0.0003396957337259002 | 1.6666627613718281 ± 0.008923623051000362 | 2.1491987507628596 ± 0.04985446837600935 | 0.5970697319128975
0.98 | 1.02 | 0 | 150 | 0.44887597287483894 ± 0.000975087357740767 | 0.0886208531609322 ± 0.00033900345720162627 | 1.6568440721398625 ± 0.005474995965078389 | 2.184561362793216 ± 0.03981637955151401 | 0.5786296138664887
0.98 | 1.02 | 0 | 200 | 0.44890887496275755 ± 0.0010253490092749507 | 0.08862036193930531 ± 0.0003561722954726783 | 1.6553075693672685 ± 0.009847458925247854 | 2.1930852679372927 ± 0.032296207552811394 | 0.5762324249285518
0.98 | 1.02 | 0 | 250 | 0.44891265540028374 ± 0.006749348354679552 | 0.08862212609889537 ± 0.0026733173193314854 | 1.6552200418784662 ± 0.0432335433729818 | 2.193420580100732 ± 0.049410671472248986 | 0.5760738337281442
0.98 | 1.02 | 1 | 70 | 0.44819260428797375 ± 0.013216157466616113 | 0.08879705850866927 ± 0.004203874773480031 | 1.6950591170543379 ± 0.044841834712848416 | 2.0187588034975605 ± 0.36623017615236353 | 0.6386411045391466
0.98 | 1.02 | 1 | 80 | 0.4484846089863055 ± 0.000997391780056367 | 0.08871499210281354 ± 0.000347712637219798 | 1.6796238479714314 ± 0.015025812938098126 | 2.08171799358875 ± 0.07388305640388233 | 0.616876031291922
0.98 | 1.02 | 1 | 90 | 0.44857588379201563 ± 0.0009876756989644908 | 0.08869001632714085 ± 0.0003429193500783709 | 1.6744734662045306 ± 0.011946439762713146 | 2.1059779150739395 ± 0.06100325856068677 | 0.6106954846306023
0.98 | 1.02 | 1 | 100 | 0.44870020896286156 ± 0.000978016145305488 | 0.08865837746685692 ± 0.0003396957337259002 | 1.6666627613718281 ± 0.008923623051000362 | 2.1491987507628596 ± 0.04985446837600935 | 0.5970697319128975
0.98 | 1.02 | 1 | 150 | 0.44887597287483894 ± 0.0009750484354527633 | 0.0886208531609322 ± 0.00033899256784423315 | 1.6568440721398625 ± 0.0054867561988344304 | 2.184561362793216 ± 0.0398582241208498 | 0.5786296138664887
0.98 | 1.02 | 1 | 200 | 0.44889907406482954 ± 0.00733003441365726 | 0.08862044997806613 ± 0.0030199331131919 | 1.6555747145076432 ± 0.040715861604425085 | 2.1911711030127488 ± 0.056295233612074884 | 0.5764805438684851
0.98 | 1.02 | 1 | 250 | 0.4489125494238779 ± 0.0070781318879469535 | 0.0886218661258536 ± 0.002859970065111256 | 1.6552214568326855 ± 0.04237925747312288 | 2.1932989881391167 ± 0.051526898046870585 | 0.5760764095372127
0.98 | 1.02 | 2 | 80 | 0.4473314439289142 ± 0.003611687994066276 | 0.08864868456594012 ± 0.00128989472573779 | 1.7091830963099597 ± 0.008029457753233604 | 1.898975173955653 ± 0.05191107272409749 | 0.7613066119286924
0.98 | 1.02 | 2 | 90 | 0.4473314439289142 ± 0.003611687994066276 | 0.08864868456594012 ± 0.00128989472573779 | 1.7091830963099597 ± 0.008029457753233604 | 1.898975173955653 ± 0.05191107272409749 | 0.7613066119286924
0.98 | 1.02 | 2 | 100 | 0.44736667422643595 ± 0.0036140808288592785 | 0.08866971106924686 ± 0.0013033266130050608 | 1.7078700795441473 ± 0.012233119313132756 | 1.9631655765157832 ± 0.06580617242862091 | 0.6802192891399034
0.98 | 1.02 | 2 | 150 | 0.4503312507963444 ± 0.003353620832854426 | 0.0891921774929327 ± 0.001995851864560091 | 1.6617697761947274 ± 0.04911982552946348 | 2.183247623146064 ± 0.43899147164538616 | 0.5878374909420044
0.98 | 1.02 | 2 | 200 | 0.4511977005207421 ± 0.0009748272134932345 | 0.08942048539688897 ± 0.00033769670544315085 | 1.656103353954524 ± 0.010557021043720805 | 2.2016450837024797 ± 0.041339471812091765 | 0.580183514727948
0.98 | 1.02 | 2 | 250 | 0.45136786567165227 ± 0.014420986828456828 | 0.0894733008525563 ± 0.003609516687866047 | 1.655469608187009 ± 0.04242308136116901 | 2.2047167978923885 ± 0.062040610145769906 | 0.5799475619275117
0.99 | 1.01 | 0 | 70 | 0.44815380621986367 ± 0.0007266523740835362 | 0.0888071057413602 ± 0.0002593912520851123 | 1.6975034413117962 ± 0.02956524914576708 | 2.007645327744323 ± 0.13184071723222854 | 0.6437315755547478
0.99 | 1.01 | 0 | 80 | 0.44815111743748587 ± 0.0009775329346528583 | 0.08880839661361405 ± 0.0003637563415650499 | 1.6973240913691112 ± 0.029429187950308022 | 2.0097939565219365 ± 0.12908551733232118 | 0.6433078621726418
0.99 | 1.01 | 0 | 90 | 0.44854206417520476 ± 0.0005705759846863778 | 0.08870076018399602 ± 0.00020752320264224317 | 1.6746267672343542 ± 0.03194254014509568 | 2.10669641184093 ± 0.1305394913522802 | 0.6025509354710301
0.99 | 1.01 | 0 | 100 | 0.44854206417520476 ± 0.0005705759846863778 | 0.08870076018399602 ± 0.00020752320264224317 | 1.6746267672343542 ± 0.03194254014509568 | 2.10669641184093 ± 0.1305394913522802 | 0.6025509354710301
0.99 | 1.01 | 0 | 150 | 0.4495756710259676 ± 0.0026662849147032486 | 0.08903046156649631 ± 0.0010341968935061244 | 1.672144403541406 ± 0.032059217427996445 | 2.124251755308298 ± 0.0365480200258618 | 0.5973248193122845
0.99 | 1.01 | 0 | 200 | 0.44999813844075676 ± 0.0010900422824249856 | 0.08917550003268125 ± 0.0003834464894544746 | 1.6721187704637996 ± 0.022791378474926627 | 2.127586594095138 ± 0.031521350192755405 | 0.5970821638765728
0.99 | 1.01 | 0 | 250 | 0.4501150564798866 ± 0.00788356706470153 | 0.08921573216045194 ± 0.0019377501044429912 | 1.6721125953507192 ± 0.024527223258703157 | 2.127600489075307 ± 0.042058093891091 | 0.5970345977729465
0.99 | 1.01 | 1 | 70 | 0.44815380623491985 ± 0.000726651012474544 | 0.08880710574455908 ± 0.00025939086269910196 | 1.6975034411450183 ± 0.029565249050569564 | 2.0076453285660043 ± 0.13184074820833194 | 0.6437315751808999
0.99 | 1.01 | 1 | 80 | 0.4481511174523985 ± 0.0009775208412545755 | 0.08880839661685536 ± 0.0003637562226630616 | 1.6973240912001752 ± 0.029429174457259455 | 2.009793957236055 ± 0.12908467593424502 | 0.6433078617691199
0.99 | 1.01 | 1 | 90 | 0.4485420642996713 ± 0.0005693289585565198 | 0.08870076015920526 ± 0.00020699782884245598 | 1.6746267634583747 ± 0.03194197065938387 | 2.106696439296438 ± 0.13053812874534781 | 0.6025509210809703
0.99 | 1.01 | 1 | 100 | 0.4485420642996713 ± 0.0005693289585565198 | 0.08870076015920526 ± 0.00020699782884245598 | 1.6746267634583747 ± 0.03194197065938387 | 2.106696439296438 ± 0.13053812874534781 | 0.6025509210809703
0.99 | 1.01 | 1 | 150 | 0.4487422698172221 ± 0.007546426541387319 | 0.08874132996372794 ± 0.002577181535841334 | 1.6721820117629274 ± 0.023605943412498775 | 2.119466772755264 ± 0.04953640549963777 | 0.5981320634759925
0.99 | 1.01 | 1 | 200 | 0.4492677574816509 ± 0.0025727221908589393 | 0.0889245878085591 ± 0.0009754350356906667 | 1.672129857963216 ± 0.03365418476612125 | 2.1231879591457234 ± 0.03582618215216662 | 0.5975571796770107
0.99 | 1.01 | 1 | 250 | 0.44970872766918996 ± 0.007311715505573302 | 0.08907589871695104 ± 0.0016944149382770882 | 1.6721108888599097 ± 0.024174094816362346 | 2.1261953418853348 ± 0.03974023240076641 | 0.5971828040363585
0.99 | 1.01 | 2 | 80 | 0.4475298960347483 ± 0.002624496624712591 | 0.08858551973419215 ± 0.0009760023801940207 | 1.6986142385196805 ± 0.006852438536319561 | 1.9379443143354353 ± 0.04650481660685049 | 0.7481449726438046
0.99 | 1.01 | 2 | 90 | 0.4475474197457761 ± 0.0019379064442354155 | 0.08861904408705575 ± 0.0007052931483570474 | 1.6978029092366107 ± 0.00885975455357002 | 2.002767183548143 ± 0.0529701151028935 | 0.6558826364183902
0.99 | 1.01 | 2 | 100 | 0.44756107987877836 ± 0.0007535927813248633 | 0.08860538821744308 ± 0.00027302307469084114 | 1.6975524544891998 ± 0.02958984068778947 | 2.0070174389166904 ± 0.13210342029403638 | 0.6463382917571182
0.99 | 1.01 | 2 | 150 | 0.4494571401277531 ± 0.00047399683625973243 | 0.08901546914577378 ± 0.00017235161464504057 | 1.6736502710870687 ± 0.0308788855211497 | 2.1224079202270487 ± 0.12984704788891419 | 0.602071546539344
0.99 | 1.01 | 2 | 200 | 0.44998682114475075 ± 0.0011010774303544246 | 0.08917078108638164 ± 0.0003872702049797673 | 1.67211778344437 ± 0.02144995047760001 | 2.1273800911698397 ± 0.03144782543174352 | 0.5971067400304496
0.99 | 1.01 | 2 | 250 | 0.45029042095918903 ± 0.007553858570659544 | 0.08927629100103429 ± 0.0015940112651750917 | 1.6721102434255477 ± 0.024914516821338828 | 2.1284641704102873 ± 0.03882639498021215 | 0.597011383268071
1 | 1 | 0 | 70 | 0.447 ± 0.00447 | 0.08831817904390925 ± 3.1695302083313754e-05 | 1.689 ± 0.016890000000000002 | 2.039569951681751 ± 0.03120113567377037 | 0.6278386083371076
1 | 1 | 0 | 80 | 0.447 ± 0.00447 | 0.08831817904390925 ± 3.1695302083313754e-05 | 1.689 ± 0.016890000000000002 | 2.039569951681751 ± 0.03120113567377037 | 0.6278386083371076
1 | 1 | 0 | 90 | 0.447 ± 0.00447 | 0.08831817904390925 ± 3.1695302083313754e-05 | 1.689 ± 0.016890000000000002 | 2.039569951681751 ± 0.03120113567377037 | 0.6278386083371076
1 | 1 | 0 | 100 | 0.447 ± 0.00447 | 0.08831817904390925 ± 3.1695302083313754e-05 | 1.689 ± 0.016890000000000002 | 2.039569951681751 ± 0.03120113567377037 | 0.6278386083371076
1 | 1 | 0 | 150 | 0.447 ± 0.00447 | 0.08831817904390925 ± 3.1695302083313754e-05 | 1.689 ± 0.016890000000000002 | 2.039569951681751 ± 0.03120113567377037 | 0.6278386083371076
1 | 1 | 0 | 200 | 0.447 ± 0.00447 | 0.08831817904390925 ± 3.1695302083313754e-05 | 1.689 ± 0.016890000000000002 | 2.039569951681751 ± 0.03120113567377037 | 0.6278386083371076
1 | 1 | 0 | 250 | 0.447 ± 0.00447 | 0.08831817904390925 ± 3.1695302083313754e-05 | 1.689 ± 0.016890000000000002 | 2.039569951681751 ± 0.03120113567377037 | 0.6278386083371076
1 | 1 | 1 | 70 | 0.447 ± 0.00447 | 0.08831817904390925 ± 3.169488484101688e-05 | 1.689 ± 0.016890000000000002 | 2.039569951681751 ± 0.031200713144181994 | 0.6278386083371076
1 | 1 | 1 | 80 | 0.447 ± 0.00447 | 0.08831817904390925 ± 3.169488484101688e-05 | 1.689 ± 0.016890000000000002 | 2.039569951681751 ± 0.031200713144181994 | 0.6278386083371076
1 | 1 | 1 | 90 | 0.447 ± 0.00447 | 0.08831817904390925 ± 3.169488484101688e-05 | 1.689 ± 0.016890000000000002 | 2.039569951681751 ± 0.031200713144181994 | 0.6278386083371076
1 | 1 | 1 | 100 | 0.447 ± 0.00447 | 0.08831817904390925 ± 3.169488484101688e-05 | 1.689 ± 0.016890000000000002 | 2.039569951681751 ± 0.031200713144181994 | 0.6278386083371076
1 | 1 | 1 | 150 | 0.447 ± 0.00447 | 0.08831817904390925 ± 3.169488484101688e-05 | 1.689 ± 0.016890000000000002 | 2.039569951681751 ± 0.031200713144181994 | 0.6278386083371076
1 | 1 | 1 | 200 | 0.447 ± 0.00447 | 0.08831817904390925 ± 3.169488484101688e-05 | 1.689 ± 0.016890000000000002 | 2.039569951681751 ± 0.031200713144181994 | 0.6278386083371076
1 | 1 | 1 | 250 | 0.447 ± 0.00447 | 0.08831817904390925 ± 3.169488484101688e-05 | 1.689 ± 0.016890000000000002 | 2.039569951681751 ± 0.031200713144181994 | 0.6278386083371076
1 | 1 | 2 | 70 | 0.447 ± 0.00447 | 0.0883181815450128 ± 3.169485211444729e-05 | 1.689 ± 0.016890000000000002 | 2.039567942210319 ± 0.031200703779778266 | 0.6278386084851503
1 | 1 | 2 | 80 | 0.447 ± 0.00447 | 0.0883181815450128 ± 3.169485211444729e-05 | 1.689 ± 0.016890000000000002 | 2.039567942210319 ± 0.031200703779778266 | 0.6278386084851503
1 | 1 | 2 | 90 | 0.447 ± 0.00447 | 0.0883181815450128 ± 3.169485211444729e-05 | 1.689 ± 0.016890000000000002 | 2.039567942210319 ± 0.031200703779778266 | 0.6278386084851503
1 | 1 | 2 | 100 | 0.447 ± 0.00447 | 0.0883181815450128 ± 3.169485211444729e-05 | 1.689 ± 0.016890000000000002 | 2.039567942210319 ± 0.031200703779778266 | 0.6278386084851503
1 | 1 | 2 | 150 | 0.447 ± 0.00447 | 0.0883181815450128 ± 3.169485211444729e-05 | 1.689 ± 0.016890000000000002 | 2.039567942210319 ± 0.031200703779778266 | 0.6278386084851503
1 | 1 | 2 | 200 | 0.447 ± 0.00447 | 0.0883181815450128 ± 3.169485211444729e-05 | 1.689 ± 0.016890000000000002 | 2.039567942210319 ± 0.031200703779778266 | 0.6278386084851503
1 | 1 | 2 | 250 | 0.447 ± 0.00447 | 0.0883181815450128 ± 3.169485211444729e-05 | 1.689 ± 0.016890000000000002 | 2.039567942210319 ± 0.031200703779778266 | 0.6278386084851503
