Otimização para pl em ATLAS - Limites: eps_1_mg_1_a1_1
Configuração: down | up | strategy | migrad | mg ± error | eps ± error | a1 ± error | a2 ± error | χ²/ndof
========================================================================================================================
0.91 | 1.0899999999999999 | 0 | 70 | 0.41247738844904236 ± 0.012838668191378633 | 0.07296742893026337 ± 0.0043451307534000255 | 1.65149031322405 ± 0.1778415616190825 | 1.4884193561898966 ± 0.3565884155417961 | 0.5036749239623268
0.91 | 1.0899999999999999 | 0 | 80 | 0.4127600513373906 ± 0.010006194157828469 | 0.07303131878923072 ± 0.003424735147367769 | 1.65107639762063 ± 0.1830549750477669 | 1.5263824059612026 ± 0.3770171341486886 | 0.5009707803207216
0.91 | 1.0899999999999999 | 1 | 70 | 0.41247738499416126 ± 0.012838740061202197 | 0.07296742798994928 ± 0.004345060670690293 | 1.6514903214421723 ± 0.17778364309916084 | 1.4884189237244687 ± 0.35646074651787546 | 0.5036749783594504
0.91 | 1.0899999999999999 | 1 | 80 | 0.4127600469883056 ± 0.010006383899572896 | 0.0730313177568871 ± 0.0034247972314230338 | 1.6510764125903756 ± 0.1830548414112667 | 1.526382071147709 ± 0.3770182187127313 | 0.5009707731770338
0.91 | 1.0899999999999999 | 2 | 70 | 0.4198794462530945 ± 0.014633223960217018 | 0.07527998440588037 ± 0.0050005973972549606 | 1.6236595069912585 ± 0.05873641905710414 | 1.7894313556301338 ± 0.5306531464926957 | 0.6055076760943914
0.91 | 1.0899999999999999 | 2 | 80 | 0.4198996311067385 ± 0.014752510007417285 | 0.07527539159184286 ± 0.005078152587307171 | 1.6236589883291042 ± 0.06000112184203055 | 1.7896071254241246 ± 0.5159619864117926 | 0.6051609916483485
0.91 | 1.0899999999999999 | 2 | 90 | 0.41800329870573477 ± 0.013671603225753032 | 0.07438714138183165 ± 0.005154822722266479 | 1.6203632780759138 ± 0.23444982647753987 | 1.877512121812958 ± 0.9099605091673855 | 0.5501770859713271
0.91 | 1.0899999999999999 | 2 | 100 | 0.41800329870573477 ± 0.013671603225753032 | 0.07438714138183165 ± 0.005154822722266479 | 1.6203632780759138 ± 0.23444982647753987 | 1.877512121812958 ± 0.9099605091673855 | 0.5501770859713271
0.92 | 1.08 | 0 | 70 | 0.4137980024602828 ± 0.00948595831214491 | 0.07325028752349375 ± 0.0032551996834510113 | 1.638268319706659 ± 0.047395863861181886 | 1.6060750607398528 ± 0.3100021462459982 | 0.5087404919804142
0.92 | 1.08 | 0 | 80 | 0.41424203081570643 ± 0.009695612042391472 | 0.07334617596383013 ± 0.0033356927731407193 | 1.6378758229666852 ± 0.16541015456949815 | 1.6500929549770063 ± 0.3222454670931361 | 0.5070273921183366
0.92 | 1.08 | 1 | 70 | 0.4137980011901095 ± 0.009485470884858987 | 0.07325028720905287 ± 0.0032550473087743226 | 1.6382683203803907 ± 0.04739582608160142 | 1.6060749426508223 ± 0.3099965774870477 | 0.5087404960538228
0.92 | 1.08 | 1 | 80 | 0.4142420295533389 ± 0.009695707035830808 | 0.07334617574733722 ± 0.0033357224495158336 | 1.6378758244409404 ± 0.16541004396984904 | 1.6500928127696057 ± 0.32224643282487375 | 0.5070273990380513
0.92 | 1.08 | 2 | 70 | 0.42021016723171617 ± 0.014337203194261378 | 0.07526632269107972 ± 0.004766661667218265 | 1.6115757691602115 ± 0.05185802591325883 | 1.860160174970226 ± 0.5076750196957939 | 0.6106939462573897
0.92 | 1.08 | 2 | 80 | 0.41913301504378775 ± 0.0034572026638285958 | 0.07459506372655872 ± 0.0020411156446657475 | 1.6113850017391005 ± 0.21996037668046198 | 1.9679639761450953 ± 1.2599165388286113 | 0.5768322442613182
0.92 | 1.08 | 2 | 90 | 0.41845170137199234 ± 0.003410680009959255 | 0.07434299088690652 ± 0.0017771094657432207 | 1.6131522070424693 ± 0.21489225604905515 | 1.9878833462602201 ± 1.2997284812976206 | 0.5594622953117285
0.93 | 1.0699999999999998 | 0 | 70 | 0.4153814976510116 ± 0.006731183376137373 | 0.07360666729397881 ± 0.0023035225450230568 | 1.6221902505106847 ± 0.03284907307687068 | 1.7639655208515954 ± 0.3250572054388439 | 0.52916523549591
0.93 | 1.0699999999999998 | 0 | 80 | 0.4154762387860183 ± 0.010471371462397294 | 0.07360002696619102 ± 0.0035365157872640843 | 1.622797329022824 ± 0.1318483420579003 | 1.7497233467966156 ± 0.3127419367063184 | 0.5175152268045591
0.93 | 1.0699999999999998 | 1 | 70 | 0.4153814976510116 ± 0.006731183376137373 | 0.07360666729397881 ± 0.0023035225450230568 | 1.6221902505106847 ± 0.03284907307687068 | 1.7639655208515954 ± 0.3250572054388439 | 0.52916523549591
0.93 | 1.0699999999999998 | 1 | 80 | 0.4154762387860183 ± 0.010471371462397294 | 0.07360002696619102 ± 0.0035365157872640843 | 1.622797329022824 ± 0.1318483420579003 | 1.7497233467966156 ± 0.3127419367063184 | 0.5175152268045591
0.93 | 1.0699999999999998 | 2 | 70 | 0.4199212501241117 ± 0.011063987003466141 | 0.0749779708087071 ± 0.003664984306301987 | 1.5980734654658262 ± 0.05092573749884177 | 1.982630257669719 ± 0.5609693100410681 | 0.6007862177754475
0.93 | 1.0699999999999998 | 2 | 80 | 0.4164426031387926 ± 0.007109083844380498 | 0.07359715601202858 ± 0.002222857663652482 | 1.5918960017299417 ± 0.06137814071566983 | 1.9738648587130885 ± 0.6529850622043187 | 0.5330881452983304
0.93 | 1.0699999999999998 | 2 | 90 | 0.4142106946945623 ± 0.006461512521256069 | 0.07272167853270003 ± 0.0016162353032537005 | 1.5881549252153426 ± 0.16317765666111217 | 1.9702284602332611 ± 0.8403411460288536 | 0.5015449283522894
0.94 | 1.06 | 0 | 70 | 0.4174650844024649 ± 0.008105048815647276 | 0.07413495266392428 ± 0.002781294404844946 | 1.6079802096152602 ± 0.11185637322141662 | 1.8979629352705383 ± 0.29505025142342356 | 0.5441679587092746
0.94 | 1.06 | 0 | 80 | 0.41690832328072075 ± 0.009400802792491031 | 0.07395865478271109 ± 0.003156484355945857 | 1.6073881506723238 ± 0.0371838993876592 | 1.8499792446754801 ± 0.30365345917384107 | 0.5397045057406834
0.94 | 1.06 | 0 | 90 | 0.4171241804148476 ± 0.013617959443989108 | 0.0739904524095445 ± 0.006120508085348045 | 1.6078307616559988 ± 0.11996162219344297 | 1.8706487091899446 ± 0.3323035891852866 | 0.5373545277512868
0.94 | 1.06 | 1 | 70 | 0.4174650844024649 ± 0.00810505996971686 | 0.07413495266392428 ± 0.0027812944184567936 | 1.6079802096152602 ± 0.11186046305372932 | 1.8979629352705383 ± 0.29506499348357335 | 0.5441679587092746
0.94 | 1.06 | 1 | 80 | 0.41690832349074247 ± 0.009400841262805909 | 0.07395865477644571 ± 0.0031564948621697064 | 1.6073881519708277 ± 0.037183935759089515 | 1.8499792405025408 ± 0.30365382412385433 | 0.539704499321809
0.94 | 1.06 | 1 | 90 | 0.41712418064726864 ± 0.013617965858819081 | 0.07399045244728515 ± 0.006120508163781242 | 1.6078307618813834 ± 0.11996163885981714 | 1.8706487568102024 ± 0.33230362930236573 | 0.5373545212833256
0.94 | 1.06 | 2 | 70 | 0.41997586950352755 ± 0.010740942318601787 | 0.07499342923503743 ± 0.003532587076663478 | 1.6023936493177289 ± 0.0379819499789571 | 1.987577640279986 ± 0.39795127158675564 | 0.5918980946924302
0.94 | 1.06 | 2 | 80 | 0.41395644835312273 ± 0.0046215250667292485 | 0.07265274258038563 ± 0.0010707677015611566 | 1.593502387237459 ± 0.13809894633869835 | 2.0031281310951288 ± 0.6725571281545415 | 0.5316655031822086
0.94 | 1.06 | 2 | 90 | 0.41395644835312273 ± 0.0046215250667292485 | 0.07265274258038563 ± 0.0010707677015611566 | 1.593502387237459 ± 0.13809894633869835 | 2.0031281310951288 ± 0.6725571281545415 | 0.5316655031822086
0.94 | 1.06 | 2 | 100 | 0.4145629044215677 ± 0.006427504099231707 | 0.0727173811005733 ± 0.001226260738193298 | 1.5865028337607106 ± 0.16620344820072852 | 2.0887258572852807 ± 1.064475343507145 | 0.5183226724397804
0.95 | 1.05 | 0 | 70 | 0.4187090816477365 ± 0.0075274475923046424 | 0.07439155867633554 ± 0.0025534687309796203 | 1.5918837774007732 ± 0.0897105725631897 | 2.0219217173705064 ± 0.3002007137911916 | 0.561944940213895
0.95 | 1.05 | 0 | 80 | 0.4183380538100445 ± 0.011876255198702307 | 0.07424053030986758 ± 0.005117389585400159 | 1.5911725505312666 ± 0.09116839677750943 | 1.9893696217246162 ± 0.33106104732112696 | 0.5555540896765577
0.95 | 1.05 | 0 | 90 | 0.4172797153817642 ± 0.006806374908411739 | 0.07381596916548128 ± 0.0023054970111941256 | 1.584010966829066 ± 0.028386739137767125 | 1.995986825745697 ± 0.35992585285051926 | 0.5425497927827455
0.95 | 1.05 | 0 | 100 | 0.4165033559517107 ± 0.004863169248072674 | 0.07344836736012221 ± 0.0015824847804982028 | 1.576195711216254 ± 0.037741612608255815 | 2.0421684964383275 ± 0.4321130029009 | 0.5321965469797258
0.95 | 1.05 | 1 | 70 | 0.4187090816477365 ± 0.0075274475923046424 | 0.07439155867633554 ± 0.0025534687309796203 | 1.5918837774007732 ± 0.0897105725631897 | 2.0219217173705064 ± 0.3002007137911916 | 0.561944940213895
0.95 | 1.05 | 1 | 80 | 0.4183380538100445 ± 0.011876255198702307 | 0.07424053030986758 ± 0.005117389585400159 | 1.5911725505312666 ± 0.09116839677750943 | 1.9893696217246162 ± 0.33106104732112696 | 0.5555540896765577
0.95 | 1.05 | 1 | 90 | 0.4172797153817642 ± 0.006806374908411739 | 0.07381596916548128 ± 0.0023054970111941256 | 1.584010966829066 ± 0.028386739137767125 | 1.995986825745697 ± 0.35992585285051926 | 0.5425497927827455
0.95 | 1.05 | 1 | 100 | 0.4165033559517107 ± 0.004863169248072674 | 0.07344836736012221 ± 0.0015824847804982028 | 1.576195711216254 ± 0.037741612608255815 | 2.0421684964383275 ± 0.4321130029009 | 0.5321965469797258
0.95 | 1.05 | 2 | 70 | 0.4199503657740949 ± 0.008055531831045654 | 0.07482977588949848 ± 0.002705392243511899 | 1.59044414425319 ± 0.10186000264453299 | 2.079430314264943 ± 0.3345889158800067 | 0.591237180020545
0.95 | 1.05 | 2 | 80 | 0.4199503657740949 ± 0.008055531831045654 | 0.07482977588949848 ± 0.002705392243511899 | 1.59044414425319 ± 0.10186000264453299 | 2.079430314264943 ± 0.3345889158800067 | 0.591237180020545
0.95 | 1.05 | 2 | 90 | 0.4158695884272513 ± 0.004024320095999928 | 0.07317657187022088 ± 0.0011840714856070148 | 1.5828136207723622 ± 0.11810191255047942 | 2.106433747875762 ± 0.49246240132094504 | 0.5240383901382138
0.95 | 1.05 | 2 | 100 | 0.41641945229767313 ± 0.006021269747181729 | 0.07323524664618751 ± 0.0015206026328273697 | 1.5768847835932387 ± 0.14333406459953246 | 2.17890038201512 ± 0.9453663360268623 | 0.5174911459092713
0.96 | 1.04 | 0 | 70 | 0.41984807469977997 ± 0.007154232554402479 | 0.07438252495407618 ± 0.0023338101526664407 | 1.5626012523698949 ± 0.07042048012594138 | 2.2827215019743914 ± 0.5675885642694438 | 0.5745741404460516
0.96 | 1.04 | 0 | 80 | 0.41959149433397447 ± 0.0063217223833150205 | 0.07426064245914733 ± 0.0020834751263387533 | 1.5571332966206644 ± 0.06527426548717363 | 2.286843843632768 ± 0.5325130601782939 | 0.5718569152010676
0.96 | 1.04 | 0 | 90 | 0.4191239627472486 ± 0.005595284722469646 | 0.07402264368558936 ± 0.0020468576312697648 | 1.5524485890849278 ± 0.06947212166941052 | 2.272718406903061 ± 0.49570714902593055 | 0.5639200865336393
0.96 | 1.04 | 0 | 100 | 0.41780666758259005 ± 0.004672700552178222 | 0.0734548236655141 ± 0.0014200720809035977 | 1.541060022793714 ± 0.07805926366688287 | 2.3147072720196604 ± 0.6075929400161975 | 0.5443243406822742
0.96 | 1.04 | 1 | 70 | 0.4198480659108993 ± 0.007154135168586595 | 0.07438252132660658 ± 0.002333782766413689 | 1.5626010505652208 ± 0.07041933920901722 | 2.282721665987712 ± 0.5675842335645224 | 0.5745740958278911
0.96 | 1.04 | 1 | 80 | 0.4195914480772723 ± 0.0063216368125982025 | 0.07426062061043914 ± 0.0020834465622702053 | 1.5571323730122477 ± 0.06527573193264402 | 2.2868440075034266 ± 0.5325109200717679 | 0.5718565092093704
0.96 | 1.04 | 1 | 90 | 0.41912399230765435 ± 0.005595256974006257 | 0.0740226573024515 ± 0.0020468674055035135 | 1.5524494693129516 ± 0.06947074844064327 | 2.2727172405395106 ± 0.4957103708106463 | 0.5639200653459804
0.96 | 1.04 | 1 | 100 | 0.41912399230765435 ± 0.005595256974006257 | 0.0740226573024515 ± 0.0020468674055035135 | 1.5524494693129516 ± 0.06947074844064327 | 2.2727172405395106 ± 0.4957103708106463 | 0.5639200653459804
0.96 | 1.04 | 2 | 70 | 0.41967334049918603 ± 0.005855469625186016 | 0.07450397747903711 ± 0.001994079852447199 | 1.5764256420239586 ± 0.09372591323850521 | 2.1966140206370723 ± 0.3026047575716582 | 0.5778244334349476
0.96 | 1.04 | 2 | 80 | 0.41967334049918603 ± 0.005855469625186016 | 0.07450397747903711 ± 0.001994079852447199 | 1.5764256420239586 ± 0.09372591323850521 | 2.1966140206370723 ± 0.3026047575716582 | 0.5778244334349476
0.96 | 1.04 | 2 | 90 | 0.41707294141282547 ± 0.0038337652104077358 | 0.07350211414726321 ± 0.00125800509175579 | 1.5720529733193864 ± 0.09418781343656324 | 2.1561127623204195 ± 0.36348975221249213 | 0.5265100357887781
0.96 | 1.04 | 2 | 100 | 0.4173999527981037 ± 0.006691688924809203 | 0.0735234846869106 ± 0.0036207056669103344 | 1.5681590039467628 ± 0.11279249293167959 | 2.1927935021571674 ± 0.5186660755729877 | 0.524027738071455
0.97 | 1.03 | 0 | 70 | 0.42143162161772213 ± 0.0031320099498966247 | 0.0749243373698607 ± 0.0013086554071253947 | 1.561864635042909 ± 0.04583073969074958 | 2.3262500197134846 ± 0.9637091267363559 | 0.6066864338789261
0.97 | 1.03 | 0 | 80 | 0.4197603510558101 ± 0.004253206888160638 | 0.07435961701776436 ± 0.0014270285350743706 | 1.5604697950639401 ± 0.07393365684544062 | 2.2861687808962525 ± 0.29891528805362494 | 0.5779306611655466
0.97 | 1.03 | 0 | 90 | 0.4191585682279376 ± 0.00335899953648075 | 0.07413650164050752 ± 0.0011072862742842332 | 1.5578150012375496 ± 0.07105831977860022 | 2.2801567348344345 ± 0.3272200887112815 | 0.5722027998155407
0.97 | 1.03 | 0 | 100 | 0.41804945686277367 ± 0.0026280130775936383 | 0.07365670518825233 ± 0.0007482083554749969 | 1.553898782294699 ± 0.07619772180736795 | 2.303584088667769 ± 0.39691475072046334 | 0.5509561565935001
0.97 | 1.03 | 0 | 150 | 0.4168414604800868 ± 0.0031616670696118787 | 0.07314753909425106 ± 0.0040949648227035645 | 1.5582022234097146 ± 0.05011691546394226 | 2.275721269407813 ± 1.4122199750100155 | 0.5133444970984031
0.97 | 1.03 | 0 | 200 | 0.4162626292422683 ± 0.0008978764256765415 | 0.07304277464297967 ± 0.0010103751981253503 | 1.562509687791773 ± 0.0803623793165602 | 2.197447690590264 ± 0.2399307350245882 | 0.5032088365474304
0.97 | 1.03 | 0 | 250 | 0.4162762299055989 ± 0.0008624681566787862 | 0.07304100125265442 ± 0.0029146512216268877 | 1.56250999214146 ± 0.08416175388656588 | 2.2003457232012127 ± 0.23910099132212176 | 0.503077990515537
0.97 | 1.03 | 1 | 70 | 0.42143162161772213 ± 0.0031320099498966247 | 0.0749243373698607 ± 0.0013086554071253947 | 1.561864635042909 ± 0.04583073969074958 | 2.3262500197134846 ± 0.9637091267363559 | 0.6066864338789261
0.97 | 1.03 | 1 | 80 | 0.4197603510558101 ± 0.004253206888160638 | 0.07435961701776436 ± 0.0014270285350743706 | 1.5604697950639401 ± 0.07393365684544062 | 2.2861687808962525 ± 0.29891528805362494 | 0.5779306611655466
0.97 | 1.03 | 1 | 90 | 0.4191585682279376 ± 0.0033592119505661544 | 0.07413650164050752 ± 0.0011072865328851308 | 1.5578150012375496 ± 0.07107179750279635 | 2.2801567348344345 ± 0.3273294773593689 | 0.5722027998155407
0.97 | 1.03 | 1 | 100 | 0.41804945820430833 ± 0.0026279999942648014 | 0.07365670624225393 ± 0.0007482038194159824 | 1.553898758489898 ± 0.07619762159167354 | 2.303583804611971 ± 0.3969142693728882 | 0.5509562990433219
0.97 | 1.03 | 1 | 150 | 0.4168060865403715 ± 0.002888991698157234 | 0.07314568862812583 ± 0.0004467364700291507 | 1.5577281595018082 ± 0.07062800422261628 | 2.2934915489888748 ± 0.6257792575359685 | 0.5164905499424036
0.97 | 1.03 | 1 | 200 | 0.4162501422288435 ± 0.0009249805012836732 | 0.07304319700394035 ± 0.002918659277954358 | 1.5624960190032118 ± 0.0793306825041582 | 2.1893697637979987 ± 0.23938797393755493 | 0.5033579370317433
0.97 | 1.03 | 1 | 250 | 0.416275381433278 ± 0.0008635786391257283 | 0.07304100028610895 ± 0.002874821051010251 | 1.5625076907867455 ± 0.08371372019766221 | 2.2007160593872857 ± 0.2394195279136073 | 0.5030809836738555
0.97 | 1.03 | 2 | 70 | 0.42107240523873196 ± 0.006713860381222098 | 0.07493046797025607 ± 0.0031748571201057063 | 1.5614399479688978 ± 0.06360356115649524 | 2.2337005644261385 ± 0.28293912639123325 | 0.6111193083736159
0.97 | 1.03 | 2 | 80 | 0.4211689408612089 ± 0.01840980791363145 | 0.07491325655793768 ± 0.0026491051814199196 | 1.561434509699435 ± 0.07223612980226324 | 2.2444915667760137 ± 0.3385198768993503 | 0.606714017030567
0.97 | 1.03 | 2 | 90 | 0.41922523778693754 ± 0.004163166588445649 | 0.07419361093128603 ± 0.0013989481114236313 | 1.5622546736299434 ± 0.06816375331163405 | 2.2436681640925773 ± 0.2607184900064286 | 0.56546400430547
0.97 | 1.03 | 2 | 100 | 0.41922523778693754 ± 0.004163166588445649 | 0.07419361093128603 ± 0.0013989481114236313 | 1.5622546736299434 ± 0.06816375331163405 | 2.2436681640925773 ± 0.2607184900064286 | 0.56546400430547
0.97 | 1.03 | 2 | 150 | 0.41684738559167667 ± 0.0018520579708204976 | 0.073283092176769 ± 0.0005766200119803888 | 1.5625092807734624 ± 0.0702892922814502 | 2.215326381615198 ± 0.24812599043426853 | 0.517581663818198
0.97 | 1.03 | 2 | 200 | 0.416393828152541 ± 0.0012900129700670337 | 0.07308110452006832 ± 0.0006719753112369789 | 1.56225088780451 ± 0.08430901031457116 | 2.214567133646443 ± 0.25341859271283523 | 0.5056570499868195
0.97 | 1.03 | 2 | 250 | 0.4162861587873552 ± 0.0008755398201742426 | 0.07304149857622984 ± 0.002926756907081482 | 1.5625068244074187 ± 0.08565539722135485 | 2.202777452683111 ± 0.23923483484836405 | 0.50311055918095
0.98 | 1.02 | 0 | 70 | 0.4206960082345781 ± 0.0037941411029075445 | 0.07454556046094751 ± 0.0018807680597128923 | 1.5433803788834086 ± 0.03788118325203871 | 2.3655255062711995 ± 0.304101129163797 | 0.6000172217895928
0.98 | 1.02 | 0 | 80 | 0.4206960082345781 ± 0.0037941411029075445 | 0.07454556046094751 ± 0.0018807680597128923 | 1.5433803788834086 ± 0.03788118325203871 | 2.3655255062711995 ± 0.304101129163797 | 0.6000172217895928
0.98 | 1.02 | 0 | 90 | 0.42003245903119385 ± 0.003276553114915537 | 0.07413173102150285 ± 0.0016722857276187247 | 1.5406546024118501 ± 0.03638544977854474 | 2.469847867328199 ± 1.4999714955976313 | 0.584229853781744
0.98 | 1.02 | 0 | 100 | 0.41984667188915414 ± 0.003842163633843293 | 0.07407102184865022 ± 0.0015887986321588207 | 1.538800458888769 ± 0.04137540164468967 | 2.47338321599878 ± 0.8232781232368701 | 0.5816226719777892
0.98 | 1.02 | 0 | 150 | 0.4187635812266674 ± 0.0012983821578742283 | 0.07381724570372648 ± 0.0020326666814397473 | 1.5472612284683178 ± 0.05385606164892276 | 2.3269324031467975 ± 0.2401218462323093 | 0.5538870489908838
0.98 | 1.02 | 0 | 200 | 0.41877219185049297 ± 0.0010927569449521446 | 0.07380088277904027 ± 0.0024516597058281964 | 1.5472753324205264 ± 0.059898775081354994 | 2.341123863795593 ± 0.23954135555034362 | 0.552945756003658
0.98 | 1.02 | 0 | 250 | 0.41872564778176397 ± 0.0008025281498163783 | 0.0737940027204844 ± 0.002079682228760274 | 1.5473399659969223 ± 0.05695953498165529 | 2.3362110439188637 ± 0.23766794216862394 | 0.5524142692790318
0.98 | 1.02 | 1 | 70 | 0.4206960082345781 ± 0.0037941411029075445 | 0.07454556046094751 ± 0.0018807680597128923 | 1.5433803788834086 ± 0.03788118325203871 | 2.3655255062711995 ± 0.304101129163797 | 0.6000172217895928
0.98 | 1.02 | 1 | 80 | 0.4206960082345781 ± 0.0037941411029075445 | 0.07454556046094751 ± 0.0018807680597128923 | 1.5433803788834086 ± 0.03788118325203871 | 2.3655255062711995 ± 0.304101129163797 | 0.6000172217895928
0.98 | 1.02 | 1 | 90 | 0.42003245903119385 ± 0.003276553114915537 | 0.07413173102150285 ± 0.0016722857276187247 | 1.5406546024118501 ± 0.03638544977854474 | 2.469847867328199 ± 1.4999714955976313 | 0.584229853781744
0.98 | 1.02 | 1 | 100 | 0.41984667188915414 ± 0.003842163633843293 | 0.07407102184865022 ± 0.0015887986321588207 | 1.538800458888769 ± 0.04137540164468967 | 2.47338321599878 ± 0.8232781232368701 | 0.5816226719777892
0.98 | 1.02 | 1 | 150 | 0.418788624717465 ± 0.0011893980457865216 | 0.0738225264093597 ± 0.0003344659464518812 | 1.54475409147847 ± 0.041994889961124104 | 2.353042395976798 ± 0.29203980221463716 | 0.5586523350011292
0.98 | 1.02 | 1 | 200 | 0.41877219211081035 ± 0.0010967379267238786 | 0.07380088210705846 ± 0.0024598807070586454 | 1.5472753354620052 ± 0.05989891176852291 | 2.3411244475696718 ± 0.2395457558311853 | 0.5529457281371043
0.98 | 1.02 | 1 | 250 | 0.41872564749278174 ± 0.000802528089207416 | 0.073794002717223 ± 0.0020796760428761565 | 1.5473399660381657 ± 0.05695950835534258 | 2.3362110924577815 ± 0.23766796994272715 | 0.5524142690916488
0.98 | 1.02 | 2 | 70 | 0.42165639982787295 ± 0.006560257177297968 | 0.07469893737605121 ± 0.0016672745340301012 | 1.5300873941256024 ± 0.04659745502926993 | 2.507542655196448 ± 0.5726937721974741 | 0.6209830700317366
0.98 | 1.02 | 2 | 80 | 0.4214173248097642 ± 0.004869098974845443 | 0.07454592138033163 ± 0.0018366183637337427 | 1.522777385739958 ± 0.03638154998103138 | 2.544072610901077 ± 0.664341367526628 | 0.6197918344698352
0.98 | 1.02 | 2 | 90 | 0.4213767437130474 ± 0.0050726961878163335 | 0.07449566127836961 ± 0.0017670061887218244 | 1.5207775719067453 ± 0.031240482386606927 | 2.5670102669837678 ± 0.7278923350516965 | 0.6195182301067814
0.98 | 1.02 | 2 | 100 | 0.4213593171177589 ± 0.005717824019768281 | 0.07447664769269428 ± 0.0015967371189349738 | 1.5196499033545219 ± 0.033645329702405635 | 2.568492628379141 ± 0.7397588573731563 | 0.6194048244004776
0.98 | 1.02 | 2 | 150 | 0.42030346105176 ± 0.004357441655990252 | 0.07406379753901632 ± 0.0026882406058502673 | 1.513862748482312 ± 0.047062955622435676 | 2.517345832264945 ± 0.8403130389003786 | 0.6061898267058341
0.98 | 1.02 | 2 | 200 | 0.418764167395757 ± 0.003612182336078157 | 0.07379506829363149 ± 0.001973556798948159 | 1.5450349753500736 ± 0.05931738346120552 | 2.320747587989339 ± 0.7113388955673118 | 0.5567075372132437
0.98 | 1.02 | 2 | 250 | 0.4187209394892347 ± 0.000849776444419359 | 0.07379534311658104 ± 0.002281218425044987 | 1.5472933195459566 ± 0.05683745522932537 | 2.3301339581069627 ± 0.23844711579855435 | 0.5525997800008547
0.99 | 1.01 | 0 | 70 | 0.4218812560276064 ± 0.002704700809538968 | 0.07479635960570155 ± 0.0008347217832468667 | 1.532169962882219 ± 0.02691481696290854 | 2.5145755707492645 ± 0.24098457835058415 | 0.6257331868735236
0.99 | 1.01 | 0 | 80 | 0.4213917744724147 ± 0.001435616401861406 | 0.07465826733616915 ± 0.0007677040591930057 | 1.5314745901965996 ± 0.026797712326603662 | 2.474308601098066 ± 0.25218808891092437 | 0.6177802130968852
0.99 | 1.01 | 0 | 90 | 0.42111052009509353 ± 0.0011641556893150218 | 0.07456368762209857 ± 0.001257800590555816 | 1.5321595708910198 ± 0.028792822528458717 | 2.4354525882787175 ± 0.2362336123603872 | 0.6119270414641458
0.99 | 1.01 | 0 | 100 | 0.42111052009509353 ± 0.0011641556893150218 | 0.07456368762209857 ± 0.001257800590555816 | 1.5321595708910198 ± 0.028792822528458717 | 2.4354525882787175 ± 0.2362336123603872 | 0.6119270414641458
0.99 | 1.01 | 0 | 150 | 0.4211469614424586 ± 0.0007521118033731178 | 0.07454708682038486 ± 0.0011939953970547673 | 1.5321563341743547 ± 0.030294435274110243 | 2.4708440762646373 ± 0.2368594655221294 | 0.6092969415147846
0.99 | 1.01 | 0 | 200 | 0.4211468468804178 ± 0.000748947505726405 | 0.07454700222854005 ± 0.0012167257975484042 | 1.5321699814517258 ± 0.0302705449073567 | 2.469844472564082 ± 0.23638621266277052 | 0.6092743439818433
0.99 | 1.01 | 0 | 250 | 0.4211468468804178 ± 0.000748947505726405 | 0.07454700222854005 ± 0.0012167257975484042 | 1.5321699814517258 ± 0.0302705449073567 | 2.469844472564082 ± 0.23638621266277052 | 0.6092743439818433
0.99 | 1.01 | 1 | 70 | 0.4218812560276064 ± 0.002704700809538968 | 0.07479635960570155 ± 0.0008347217832468667 | 1.532169962882219 ± 0.02691481696290854 | 2.5145755707492645 ± 0.24098457835058415 | 0.6257331868735236
0.99 | 1.01 | 1 | 80 | 0.4213917744724147 ± 0.001435616401861406 | 0.07465826733616915 ± 0.0007677040591930057 | 1.5314745901965996 ± 0.026797712326603662 | 2.474308601098066 ± 0.25218808891092437 | 0.6177802130968852
0.99 | 1.01 | 1 | 90 | 0.42111052009509353 ± 0.0011641556893150218 | 0.07456368762209857 ± 0.001257800590555816 | 1.5321595708910198 ± 0.028792822528458717 | 2.4354525882787175 ± 0.2362336123603872 | 0.6119270414641458
0.99 | 1.01 | 1 | 100 | 0.42111052009509353 ± 0.0011641556893150218 | 0.07456368762209857 ± 0.001257800590555816 | 1.5321595708910198 ± 0.028792822528458717 | 2.4354525882787175 ± 0.2362336123603872 | 0.6119270414641458
0.99 | 1.01 | 1 | 150 | 0.4211469614424586 ± 0.0007521118033731178 | 0.07454708682038486 ± 0.0011939953970547673 | 1.5321563341743547 ± 0.030294435274110243 | 2.4708440762646373 ± 0.2368594655221294 | 0.6092969415147846
0.99 | 1.01 | 1 | 200 | 0.4211468468804178 ± 0.0007490462838184164 | 0.07454700222854005 ± 0.001216831218259641 | 1.5321699814517258 ± 0.030270517605190617 | 2.469844472564082 ± 0.23640981903415628 | 0.6092743439818433
0.99 | 1.01 | 1 | 250 | 0.4211468468804178 ± 0.0007490462838184164 | 0.07454700222854005 ± 0.001216831218259641 | 1.5321699814517258 ± 0.030270517605190617 | 2.469844472564082 ± 0.23640981903415628 | 0.6092743439818433
0.99 | 1.01 | 2 | 70 | 0.42239520635421957 ± 0.0063771484867657935 | 0.07484465377229083 ± 0.0007879640630272522 | 1.5222598860351177 ± 0.025047255928236978 | 2.6400923868861184 ± 1.0571336609372566 | 0.6494143075577894
0.99 | 1.01 | 2 | 80 | 0.42202539044085347 ± 0.002866997770860469 | 0.07478001783453024 ± 0.0008357322597049785 | 1.5214396830227659 ± 0.024682596468316276 | 2.54081258838459 ± 0.4657632692594261 | 0.6355120409398579
0.99 | 1.01 | 2 | 90 | 0.42150396700226755 ± 0.0015824888082870137 | 0.07464120964319708 ± 0.0007547361761996302 | 1.524734235062814 ± 0.021872515641355506 | 2.5179446869169064 ± 0.3604994994603691 | 0.6256687570439814
0.99 | 1.01 | 2 | 100 | 0.4211852688895206 ± 0.0010227093301358459 | 0.07456887777363164 ± 0.0002627081566661596 | 1.52991765352299 ± 0.024392933157258878 | 2.4960974834110448 ± 0.27950908482501885 | 0.6173654030112341
0.99 | 1.01 | 2 | 150 | 0.4211522567965583 ± 0.0008173113317522795 | 0.07455001351328286 ± 0.0011811549366418511 | 1.5321465478075575 ± 0.030282899375708494 | 2.4690597078578547 ± 0.23700744937962415 | 0.6094794008531226
0.99 | 1.01 | 2 | 200 | 0.42114975299441515 ± 0.0007488839638533917 | 0.0745470053362713 ± 0.0012435278009386291 | 1.5321695446669605 ± 0.030306731989573343 | 2.4699443266023855 ± 0.23624579776128732 | 0.6092778594038235
0.99 | 1.01 | 2 | 250 | 0.42114701730412907 ± 0.0007490085318681283 | 0.07454700156436464 ± 0.0012170569589592603 | 1.5321699972478626 ± 0.030274440874453745 | 2.469898962407453 ± 0.23640753654277555 | 0.6092742783795346
