Otimização para pl em TOTEM - Limites: eps_0_mg_0_a1_0_a2_1
Configuração: down | up | strategy | migrad | mg ± error | eps ± error | a1 ± error | a2 ± error | χ²/ndof
========================================================================================================================
0.9 | 1.1 | 0 | 200 | 0.45517528409867447 ± 0.009524827738450037 | 0.09163313396779629 ± 0.0033736425236244377 | 1.7362953292191345 ± 0.01443126190478034 | 1.8699999282002042 ± 0.047137948183229916 | 0.7010443320365152
0.9 | 1.1 | 0 | 300 | 0.45517528409867447 ± 0.009524827738450037 | 0.09163313396779629 ± 0.0033736425236244377 | 1.7362953292191345 ± 0.01443126190478034 | 1.8699999282002042 ± 0.047137948183229916 | 0.7010443320365152
0.9 | 1.1 | 0 | 400 | 0.45517528409867447 ± 0.009524827738450037 | 0.09163313396779629 ± 0.0033736425236244377 | 1.7362953292191345 ± 0.01443126190478034 | 1.8699999282002042 ± 0.047137948183229916 | 0.7010443320365152
0.9 | 1.1 | 0 | 500 | 0.45517528409867447 ± 0.009524827738450037 | 0.09163313396779629 ± 0.0033736425236244377 | 1.7362953292191345 ± 0.01443126190478034 | 1.8699999282002042 ± 0.047137948183229916 | 0.7010443320365152
0.9 | 1.1 | 0 | 600 | 0.45517528409867447 ± 0.009524827738450037 | 0.09163313396779629 ± 0.0033736425236244377 | 1.7362953292191345 ± 0.01443126190478034 | 1.8699999282002042 ± 0.047137948183229916 | 0.7010443320365152
0.9 | 1.1 | 0 | 700 | 0.45517528409867447 ± 0.009524827738450037 | 0.09163313396779629 ± 0.0033736425236244377 | 1.7362953292191345 ± 0.01443126190478034 | 1.8699999282002042 ± 0.047137948183229916 | 0.7010443320365152
0.9 | 1.1 | 0 | 800 | 0.45517528409867447 ± 0.009524827738450037 | 0.09163313396779629 ± 0.0033736425236244377 | 1.7362953292191345 ± 0.01443126190478034 | 1.8699999282002042 ± 0.047137948183229916 | 0.7010443320365152
0.9 | 1.1 | 1 | 200 | 0.45517528409867447 ± 0.009524827738450037 | 0.09163313396779629 ± 0.0033736425236244377 | 1.7362953292191345 ± 0.01443126190478034 | 1.8699999282002042 ± 0.047137948183229916 | 0.7010443320365152
0.9 | 1.1 | 1 | 300 | 0.45517528409867447 ± 0.00930843668013639 | 0.09163313396779629 ± 0.0032969492834343567 | 1.7362953292191345 ± 0.014178827571310908 | 1.8699999282002042 ± 0.047139388634367174 | 0.7010443320365152
0.9 | 1.1 | 1 | 400 | 0.45517528409867447 ± 0.00930843668013639 | 0.09163313396779629 ± 0.0032969492834343567 | 1.7362953292191345 ± 0.014178827571310908 | 1.8699999282002042 ± 0.047139388634367174 | 0.7010443320365152
0.9 | 1.1 | 1 | 500 | 0.45517528409867447 ± 0.00930843668013639 | 0.09163313396779629 ± 0.0032969492834343567 | 1.7362953292191345 ± 0.014178827571310908 | 1.8699999282002042 ± 0.047139388634367174 | 0.7010443320365152
0.9 | 1.1 | 1 | 600 | 0.45517528409867447 ± 0.00930843668013639 | 0.09163313396779629 ± 0.0032969492834343567 | 1.7362953292191345 ± 0.014178827571310908 | 1.8699999282002042 ± 0.047139388634367174 | 0.7010443320365152
0.9 | 1.1 | 1 | 700 | 0.45517528409867447 ± 0.00930843668013639 | 0.09163313396779629 ± 0.0032969492834343567 | 1.7362953292191345 ± 0.014178827571310908 | 1.8699999282002042 ± 0.047139388634367174 | 0.7010443320365152
0.9 | 1.1 | 1 | 800 | 0.45517528409867447 ± 0.00930843668013639 | 0.09163313396779629 ± 0.0032969492834343567 | 1.7362953292191345 ± 0.014178827571310908 | 1.8699999282002042 ± 0.047139388634367174 | 0.7010443320365152
0.9 | 1.1 | 2 | 200 | 0.45515949645692955 ± 0.009288013976754758 | 0.09162758189785326 ± 0.00328983186619361 | 1.7362751454862926 ± 0.01415603680279677 | 1.8699996198221702 ± 0.04704147005299031 | 0.701044413611089
0.9 | 1.1 | 2 | 300 | 0.45515949645692955 ± 0.009288013976754758 | 0.09162758189785326 ± 0.00328983186619361 | 1.7362751454862926 ± 0.01415603680279677 | 1.8699996198221702 ± 0.04704147005299031 | 0.701044413611089
0.9 | 1.1 | 2 | 400 | 0.45515949645692955 ± 0.009288013976754758 | 0.09162758189785326 ± 0.00328983186619361 | 1.7362751454862926 ± 0.01415603680279677 | 1.8699996198221702 ± 0.04704147005299031 | 0.701044413611089
0.9 | 1.1 | 2 | 500 | 0.45515949645692955 ± 0.009288013976754758 | 0.09162758189785326 ± 0.00328983186619361 | 1.7362751454862926 ± 0.01415603680279677 | 1.8699996198221702 ± 0.04704147005299031 | 0.701044413611089
0.9 | 1.1 | 2 | 600 | 0.45515949645692955 ± 0.009288013976754758 | 0.09162758189785326 ± 0.00328983186619361 | 1.7362751454862926 ± 0.01415603680279677 | 1.8699996198221702 ± 0.04704147005299031 | 0.701044413611089
0.9 | 1.1 | 2 | 700 | 0.45515949645692955 ± 0.009288013976754758 | 0.09162758189785326 ± 0.00328983186619361 | 1.7362751454862926 ± 0.01415603680279677 | 1.8699996198221702 ± 0.04704147005299031 | 0.701044413611089
0.9 | 1.1 | 2 | 800 | 0.45515949645692955 ± 0.009288013976754758 | 0.09162758189785326 ± 0.00328983186619361 | 1.7362751454862926 ± 0.01415603680279677 | 1.8699996198221702 ± 0.04704147005299031 | 0.701044413611089
0.91 | 1.0899999999999999 | 0 | 200 | 0.45568214067264506 ± 0.009520900163454289 | 0.09185501619103031 ± 0.0033680406678021 | 1.7408507596606915 ± 0.014447077108133087 | 1.8529998849126315 ± 0.045940216203958495 | 0.7093034704242076
0.91 | 1.0899999999999999 | 0 | 300 | 0.45568214067264506 ± 0.009520900163454289 | 0.09185501619103031 ± 0.0033680406678021 | 1.7408507596606915 ± 0.014447077108133087 | 1.8529998849126315 ± 0.045940216203958495 | 0.7093034704242076
0.91 | 1.0899999999999999 | 0 | 400 | 0.45568214067264506 ± 0.009520900163454289 | 0.09185501619103031 ± 0.0033680406678021 | 1.7408507596606915 ± 0.014447077108133087 | 1.8529998849126315 ± 0.045940216203958495 | 0.7093034704242076
0.91 | 1.0899999999999999 | 0 | 500 | 0.45568214067264506 ± 0.009520900163454289 | 0.09185501619103031 ± 0.0033680406678021 | 1.7408507596606915 ± 0.014447077108133087 | 1.8529998849126315 ± 0.045940216203958495 | 0.7093034704242076
0.91 | 1.0899999999999999 | 0 | 600 | 0.45568214067264506 ± 0.009520900163454289 | 0.09185501619103031 ± 0.0033680406678021 | 1.7408507596606915 ± 0.014447077108133087 | 1.8529998849126315 ± 0.045940216203958495 | 0.7093034704242076
0.91 | 1.0899999999999999 | 0 | 700 | 0.45568214067264506 ± 0.009520900163454289 | 0.09185501619103031 ± 0.0033680406678021 | 1.7408507596606915 ± 0.014447077108133087 | 1.8529998849126315 ± 0.045940216203958495 | 0.7093034704242076
0.91 | 1.0899999999999999 | 0 | 800 | 0.45568214067264506 ± 0.009520900163454289 | 0.09185501619103031 ± 0.0033680406678021 | 1.7408507596606915 ± 0.014447077108133087 | 1.8529998849126315 ± 0.045940216203958495 | 0.7093034704242076
0.91 | 1.0899999999999999 | 1 | 200 | 0.45568214082162495 ± 0.009536719253131005 | 0.09185501624507045 ± 0.0033736389483426587 | 1.7408507594016025 ± 0.014465537181044846 | 1.8529998849053548 ± 0.045940192407924685 | 0.7093034704294964
0.91 | 1.0899999999999999 | 1 | 300 | 0.45568214082162495 ± 0.009314866700985703 | 0.09185501624507045 ± 0.0032951172592531777 | 1.7408507594016025 ± 0.014206728971935673 | 1.8529998849053548 ± 0.045941974994837986 | 0.7093034704294964
0.91 | 1.0899999999999999 | 1 | 400 | 0.45568214082162495 ± 0.009314866700985703 | 0.09185501624507045 ± 0.0032951172592531777 | 1.7408507594016025 ± 0.014206728971935673 | 1.8529998849053548 ± 0.045941974994837986 | 0.7093034704294964
0.91 | 1.0899999999999999 | 1 | 500 | 0.45568214082162495 ± 0.009314866700985703 | 0.09185501624507045 ± 0.0032951172592531777 | 1.7408507594016025 ± 0.014206728971935673 | 1.8529998849053548 ± 0.045941974994837986 | 0.7093034704294964
0.91 | 1.0899999999999999 | 1 | 600 | 0.45568214082162495 ± 0.009314866700985703 | 0.09185501624507045 ± 0.0032951172592531777 | 1.7408507594016025 ± 0.014206728971935673 | 1.8529998849053548 ± 0.045941974994837986 | 0.7093034704294964
0.91 | 1.0899999999999999 | 1 | 700 | 0.45568214082162495 ± 0.009314866700985703 | 0.09185501624507045 ± 0.0032951172592531777 | 1.7408507594016025 ± 0.014206728971935673 | 1.8529998849053548 ± 0.045941974994837986 | 0.7093034704294964
0.91 | 1.0899999999999999 | 1 | 800 | 0.45568214082162495 ± 0.009314866700985703 | 0.09185501624507045 ± 0.0032951172592531777 | 1.7408507594016025 ± 0.014206728971935673 | 1.8529998849053548 ± 0.045941974994837986 | 0.7093034704294964
0.91 | 1.0899999999999999 | 2 | 200 | 0.4556669342643885 ± 0.009321575726730319 | 0.09184969808754351 ± 0.0032975972040861484 | 1.7408348433718726 ± 0.014214857801334638 | 1.8529990992895797 ± 0.04597716117442019 | 0.7093038277930008
0.91 | 1.0899999999999999 | 2 | 300 | 0.4556669342643885 ± 0.009321575726730319 | 0.09184969808754351 ± 0.0032975972040861484 | 1.7408348433718726 ± 0.014214857801334638 | 1.8529990992895797 ± 0.04597716117442019 | 0.7093038277930008
0.91 | 1.0899999999999999 | 2 | 400 | 0.4556669342643885 ± 0.009321575726730319 | 0.09184969808754351 ± 0.0032975972040861484 | 1.7408348433718726 ± 0.014214857801334638 | 1.8529990992895797 ± 0.04597716117442019 | 0.7093038277930008
0.91 | 1.0899999999999999 | 2 | 500 | 0.4556669342643885 ± 0.009321575726730319 | 0.09184969808754351 ± 0.0032975972040861484 | 1.7408348433718726 ± 0.014214857801334638 | 1.8529990992895797 ± 0.04597716117442019 | 0.7093038277930008
0.91 | 1.0899999999999999 | 2 | 600 | 0.4556669342643885 ± 0.009321575726730319 | 0.09184969808754351 ± 0.0032975972040861484 | 1.7408348433718726 ± 0.014214857801334638 | 1.8529990992895797 ± 0.04597716117442019 | 0.7093038277930008
0.91 | 1.0899999999999999 | 2 | 700 | 0.4556669342643885 ± 0.009321575726730319 | 0.09184969808754351 ± 0.0032975972040861484 | 1.7408348433718726 ± 0.014214857801334638 | 1.8529990992895797 ± 0.04597716117442019 | 0.7093038277930008
0.91 | 1.0899999999999999 | 2 | 800 | 0.4556669342643885 ± 0.009321575726730319 | 0.09184969808754351 ± 0.0032975972040861484 | 1.7408348433718726 ± 0.014214857801334638 | 1.8529990992895797 ± 0.04597716117442019 | 0.7093038277930008
0.92 | 1.08 | 0 | 200 | 0.4561757149979825 ± 0.009547517410266597 | 0.09207207789427957 ± 0.003373328924754408 | 1.745391757906219 ± 0.014498004891216332 | 1.8359999980254662 ± 0.04484432328115717 | 0.7177153719595447
0.92 | 1.08 | 0 | 300 | 0.4561757149979825 ± 0.009547517410266597 | 0.09207207789427957 ± 0.003373328924754408 | 1.745391757906219 ± 0.014498004891216332 | 1.8359999980254662 ± 0.04484432328115717 | 0.7177153719595447
0.92 | 1.08 | 0 | 400 | 0.4561757149979825 ± 0.009547517410266597 | 0.09207207789427957 ± 0.003373328924754408 | 1.745391757906219 ± 0.014498004891216332 | 1.8359999980254662 ± 0.04484432328115717 | 0.7177153719595447
0.92 | 1.08 | 0 | 500 | 0.4561757149979825 ± 0.009547517410266597 | 0.09207207789427957 ± 0.003373328924754408 | 1.745391757906219 ± 0.014498004891216332 | 1.8359999980254662 ± 0.04484432328115717 | 0.7177153719595447
0.92 | 1.08 | 0 | 600 | 0.4561757149979825 ± 0.009547517410266597 | 0.09207207789427957 ± 0.003373328924754408 | 1.745391757906219 ± 0.014498004891216332 | 1.8359999980254662 ± 0.04484432328115717 | 0.7177153719595447
0.92 | 1.08 | 0 | 700 | 0.4561757149979825 ± 0.009547517410266597 | 0.09207207789427957 ± 0.003373328924754408 | 1.745391757906219 ± 0.014498004891216332 | 1.8359999980254662 ± 0.04484432328115717 | 0.7177153719595447
0.92 | 1.08 | 0 | 800 | 0.4561757149979825 ± 0.009547517410266597 | 0.09207207789427957 ± 0.003373328924754408 | 1.745391757906219 ± 0.014498004891216332 | 1.8359999980254662 ± 0.04484432328115717 | 0.7177153719595447
0.92 | 1.08 | 1 | 200 | 0.4561757149979825 ± 0.009547517410266597 | 0.09207207789427957 ± 0.003373328924754408 | 1.745391757906219 ± 0.014498004891216332 | 1.8359999980254662 ± 0.04484432328115717 | 0.7177153719595447
0.92 | 1.08 | 1 | 300 | 0.4561757149979825 ± 0.009317298930210497 | 0.09207207789427957 ± 0.0032919393355101564 | 1.745391757906219 ± 0.014228298667496147 | 1.8359999980254662 ± 0.044844164147603394 | 0.7177153719595447
0.92 | 1.08 | 1 | 400 | 0.4561757149979825 ± 0.009317298930210497 | 0.09207207789427957 ± 0.0032919393355101564 | 1.745391757906219 ± 0.014228298667496147 | 1.8359999980254662 ± 0.044844164147603394 | 0.7177153719595447
0.92 | 1.08 | 1 | 500 | 0.4561757149979825 ± 0.009317298930210497 | 0.09207207789427957 ± 0.0032919393355101564 | 1.745391757906219 ± 0.014228298667496147 | 1.8359999980254662 ± 0.044844164147603394 | 0.7177153719595447
0.92 | 1.08 | 1 | 600 | 0.4561757149979825 ± 0.009317298930210497 | 0.09207207789427957 ± 0.0032919393355101564 | 1.745391757906219 ± 0.014228298667496147 | 1.8359999980254662 ± 0.044844164147603394 | 0.7177153719595447
0.92 | 1.08 | 1 | 700 | 0.4561757149979825 ± 0.009317298930210497 | 0.09207207789427957 ± 0.0032919393355101564 | 1.745391757906219 ± 0.014228298667496147 | 1.8359999980254662 ± 0.044844164147603394 | 0.7177153719595447
0.92 | 1.08 | 1 | 800 | 0.4561757149979825 ± 0.009317298930210497 | 0.09207207789427957 ± 0.0032919393355101564 | 1.745391757906219 ± 0.014228298667496147 | 1.8359999980254662 ± 0.044844164147603394 | 0.7177153719595447
0.92 | 1.08 | 2 | 200 | 0.4561774193982807 ± 0.009343445325703144 | 0.09207267456976052 ± 0.0033011836667711787 | 1.7453935509602736 ± 0.014259603510569046 | 1.8359999999973193 ± 0.044836894047427744 | 0.7177153703830097
0.92 | 1.08 | 2 | 300 | 0.4561774193982807 ± 0.009343445325703144 | 0.09207267456976052 ± 0.0033011836667711787 | 1.7453935509602736 ± 0.014259603510569046 | 1.8359999999973193 ± 0.044836894047427744 | 0.7177153703830097
0.92 | 1.08 | 2 | 400 | 0.4561774193982807 ± 0.009343445325703144 | 0.09207267456976052 ± 0.0033011836667711787 | 1.7453935509602736 ± 0.014259603510569046 | 1.8359999999973193 ± 0.044836894047427744 | 0.7177153703830097
0.92 | 1.08 | 2 | 500 | 0.4561774193982807 ± 0.009343445325703144 | 0.09207267456976052 ± 0.0033011836667711787 | 1.7453935509602736 ± 0.014259603510569046 | 1.8359999999973193 ± 0.044836894047427744 | 0.7177153703830097
0.92 | 1.08 | 2 | 600 | 0.4561774193982807 ± 0.009343445325703144 | 0.09207267456976052 ± 0.0033011836667711787 | 1.7453935509602736 ± 0.014259603510569046 | 1.8359999999973193 ± 0.044836894047427744 | 0.7177153703830097
0.92 | 1.08 | 2 | 700 | 0.4561774193982807 ± 0.009343445325703144 | 0.09207267456976052 ± 0.0033011836667711787 | 1.7453935509602736 ± 0.014259603510569046 | 1.8359999999973193 ± 0.044836894047427744 | 0.7177153703830097
0.92 | 1.08 | 2 | 800 | 0.4561774193982807 ± 0.009343445325703144 | 0.09207267456976052 ± 0.0033011836667711787 | 1.7453935509602736 ± 0.014259603510569046 | 1.8359999999973193 ± 0.044836894047427744 | 0.7177153703830097
0.93 | 1.0699999999999998 | 0 | 200 | 0.45668182948898806 ± 0.009586686146228112 | 0.09229343323613684 ± 0.003382939234429463 | 1.7499490969505491 ± 0.014563429647786104 | 1.8189999987358854 ± 0.04372212937735731 | 0.7262810358892623
0.93 | 1.0699999999999998 | 0 | 300 | 0.45668182948898806 ± 0.009586686146228112 | 0.09229343323613684 ± 0.003382939234429463 | 1.7499490969505491 ± 0.014563429647786104 | 1.8189999987358854 ± 0.04372212937735731 | 0.7262810358892623
0.93 | 1.0699999999999998 | 0 | 400 | 0.45668182948898806 ± 0.009586686146228112 | 0.09229343323613684 ± 0.003382939234429463 | 1.7499490969505491 ± 0.014563429647786104 | 1.8189999987358854 ± 0.04372212937735731 | 0.7262810358892623
0.93 | 1.0699999999999998 | 0 | 500 | 0.45668182948898806 ± 0.009586686146228112 | 0.09229343323613684 ± 0.003382939234429463 | 1.7499490969505491 ± 0.014563429647786104 | 1.8189999987358854 ± 0.04372212937735731 | 0.7262810358892623
0.93 | 1.0699999999999998 | 0 | 600 | 0.45668182948898806 ± 0.009586686146228112 | 0.09229343323613684 ± 0.003382939234429463 | 1.7499490969505491 ± 0.014563429647786104 | 1.8189999987358854 ± 0.04372212937735731 | 0.7262810358892623
0.93 | 1.0699999999999998 | 0 | 700 | 0.45668182948898806 ± 0.009586686146228112 | 0.09229343323613684 ± 0.003382939234429463 | 1.7499490969505491 ± 0.014563429647786104 | 1.8189999987358854 ± 0.04372212937735731 | 0.7262810358892623
0.93 | 1.0699999999999998 | 0 | 800 | 0.45668182948898806 ± 0.009586686146228112 | 0.09229343323613684 ± 0.003382939234429463 | 1.7499490969505491 ± 0.014563429647786104 | 1.8189999987358854 ± 0.04372212937735731 | 0.7262810358892623
0.93 | 1.0699999999999998 | 1 | 200 | 0.45668182948898806 ± 0.009586686146228112 | 0.09229343323613684 ± 0.003382939234429463 | 1.7499490969505491 ± 0.014563429647786104 | 1.8189999987358854 ± 0.04372212937735731 | 0.7262810358892623
0.93 | 1.0699999999999998 | 1 | 300 | 0.45668182948898806 ± 0.009370933114431976 | 0.09229343323613684 ± 0.0033067560313441496 | 1.7499490969505491 ± 0.014309527784042306 | 1.8189999987358854 ± 0.04372199527379883 | 0.7262810358892623
0.93 | 1.0699999999999998 | 1 | 400 | 0.45668182948898806 ± 0.009370933114431976 | 0.09229343323613684 ± 0.0033067560313441496 | 1.7499490969505491 ± 0.014309527784042306 | 1.8189999987358854 ± 0.04372199527379883 | 0.7262810358892623
0.93 | 1.0699999999999998 | 1 | 500 | 0.45668182948898806 ± 0.009370933114431976 | 0.09229343323613684 ± 0.0033067560313441496 | 1.7499490969505491 ± 0.014309527784042306 | 1.8189999987358854 ± 0.04372199527379883 | 0.7262810358892623
0.93 | 1.0699999999999998 | 1 | 600 | 0.45668182948898806 ± 0.009370933114431976 | 0.09229343323613684 ± 0.0033067560313441496 | 1.7499490969505491 ± 0.014309527784042306 | 1.8189999987358854 ± 0.04372199527379883 | 0.7262810358892623
0.93 | 1.0699999999999998 | 1 | 700 | 0.45668182948898806 ± 0.009370933114431976 | 0.09229343323613684 ± 0.0033067560313441496 | 1.7499490969505491 ± 0.014309527784042306 | 1.8189999987358854 ± 0.04372199527379883 | 0.7262810358892623
0.93 | 1.0699999999999998 | 1 | 800 | 0.45668182948898806 ± 0.009370933114431976 | 0.09229343323613684 ± 0.0033067560313441496 | 1.7499490969505491 ± 0.014309527784042306 | 1.8189999987358854 ± 0.04372199527379883 | 0.7262810358892623
0.93 | 1.0699999999999998 | 2 | 200 | 0.4566846932681076 ± 0.009364849041906056 | 0.09229445169349636 ± 0.0033045737134978696 | 1.7499532345993871 ± 0.014301440168343062 | 1.8189999999859308 ± 0.04372334729978711 | 0.7262810325597181
0.93 | 1.0699999999999998 | 2 | 300 | 0.4566846932681076 ± 0.009364849041906056 | 0.09229445169349636 ± 0.0033045737134978696 | 1.7499532345993871 ± 0.014301440168343062 | 1.8189999999859308 ± 0.04372334729978711 | 0.7262810325597181
0.93 | 1.0699999999999998 | 2 | 400 | 0.4566846932681076 ± 0.009364849041906056 | 0.09229445169349636 ± 0.0033045737134978696 | 1.7499532345993871 ± 0.014301440168343062 | 1.8189999999859308 ± 0.04372334729978711 | 0.7262810325597181
0.93 | 1.0699999999999998 | 2 | 500 | 0.4566846932681076 ± 0.009364849041906056 | 0.09229445169349636 ± 0.0033045737134978696 | 1.7499532345993871 ± 0.014301440168343062 | 1.8189999999859308 ± 0.04372334729978711 | 0.7262810325597181
0.93 | 1.0699999999999998 | 2 | 600 | 0.4566846932681076 ± 0.009364849041906056 | 0.09229445169349636 ± 0.0033045737134978696 | 1.7499532345993871 ± 0.014301440168343062 | 1.8189999999859308 ± 0.04372334729978711 | 0.7262810325597181
0.93 | 1.0699999999999998 | 2 | 700 | 0.4566846932681076 ± 0.009364849041906056 | 0.09229445169349636 ± 0.0033045737134978696 | 1.7499532345993871 ± 0.014301440168343062 | 1.8189999999859308 ± 0.04372334729978711 | 0.7262810325597181
0.93 | 1.0699999999999998 | 2 | 800 | 0.4566846932681076 ± 0.009364849041906056 | 0.09229445169349636 ± 0.0033045737134978696 | 1.7499532345993871 ± 0.014301440168343062 | 1.8189999999859308 ± 0.04372334729978711 | 0.7262810325597181
0.94 | 1.06 | 0 | 200 | 0.4571894068823838 ± 0.009598558085575255 | 0.0925154573823633 ± 0.0033829044998421407 | 1.7545263714199981 ± 0.014597923987697627 | 1.8019999993793772 ± 0.04269929468104228 | 0.7350013839288388
0.94 | 1.06 | 0 | 300 | 0.4571894068823838 ± 0.009598558085575255 | 0.0925154573823633 ± 0.0033829044998421407 | 1.7545263714199981 ± 0.014597923987697627 | 1.8019999993793772 ± 0.04269929468104228 | 0.7350013839288388
0.94 | 1.06 | 0 | 400 | 0.4571894068823838 ± 0.009598558085575255 | 0.0925154573823633 ± 0.0033829044998421407 | 1.7545263714199981 ± 0.014597923987697627 | 1.8019999993793772 ± 0.04269929468104228 | 0.7350013839288388
0.94 | 1.06 | 0 | 500 | 0.4571894068823838 ± 0.009598558085575255 | 0.0925154573823633 ± 0.0033829044998421407 | 1.7545263714199981 ± 0.014597923987697627 | 1.8019999993793772 ± 0.04269929468104228 | 0.7350013839288388
0.94 | 1.06 | 0 | 600 | 0.4571894068823838 ± 0.009598558085575255 | 0.0925154573823633 ± 0.0033829044998421407 | 1.7545263714199981 ± 0.014597923987697627 | 1.8019999993793772 ± 0.04269929468104228 | 0.7350013839288388
0.94 | 1.06 | 0 | 700 | 0.4571894068823838 ± 0.009598558085575255 | 0.0925154573823633 ± 0.0033829044998421407 | 1.7545263714199981 ± 0.014597923987697627 | 1.8019999993793772 ± 0.04269929468104228 | 0.7350013839288388
0.94 | 1.06 | 0 | 800 | 0.4571894068823838 ± 0.009598558085575255 | 0.0925154573823633 ± 0.0033829044998421407 | 1.7545263714199981 ± 0.014597923987697627 | 1.8019999993793772 ± 0.04269929468104228 | 0.7350013839288388
0.94 | 1.06 | 1 | 200 | 0.4571894068823838 ± 0.009598558085575255 | 0.0925154573823633 ± 0.0033829044998421407 | 1.7545263714199981 ± 0.014597923987697627 | 1.8019999993793772 ± 0.04269929468104228 | 0.7350013839288388
0.94 | 1.06 | 1 | 300 | 0.4571894068823838 ± 0.009598558085575255 | 0.0925154573823633 ± 0.0033829044998421407 | 1.7545263714199981 ± 0.014597923987697627 | 1.8019999993793772 ± 0.04269929468104228 | 0.7350013839288388
0.94 | 1.06 | 1 | 400 | 0.4571894068823838 ± 0.009598558085575255 | 0.0925154573823633 ± 0.0033829044998421407 | 1.7545263714199981 ± 0.014597923987697627 | 1.8019999993793772 ± 0.04269929468104228 | 0.7350013839288388
0.94 | 1.06 | 1 | 500 | 0.4571894068823838 ± 0.009598558085575255 | 0.0925154573823633 ± 0.0033829044998421407 | 1.7545263714199981 ± 0.014597923987697627 | 1.8019999993793772 ± 0.04269929468104228 | 0.7350013839288388
0.94 | 1.06 | 1 | 600 | 0.4571894068823838 ± 0.009598558085575255 | 0.0925154573823633 ± 0.0033829044998421407 | 1.7545263714199981 ± 0.014597923987697627 | 1.8019999993793772 ± 0.04269929468104228 | 0.7350013839288388
0.94 | 1.06 | 1 | 700 | 0.4571894068823838 ± 0.009598558085575255 | 0.0925154573823633 ± 0.0033829044998421407 | 1.7545263714199981 ± 0.014597923987697627 | 1.8019999993793772 ± 0.04269929468104228 | 0.7350013839288388
0.94 | 1.06 | 1 | 800 | 0.4571894068823838 ± 0.009598558085575255 | 0.0925154573823633 ± 0.0033829044998421407 | 1.7545263714199981 ± 0.014597923987697627 | 1.8019999993793772 ± 0.04269929468104228 | 0.7350013839288388
0.94 | 1.06 | 2 | 200 | 0.4571917567393706 ± 0.009374770928452063 | 0.09251602754150975 ± 0.003303938363831584 | 1.7545132455638934 ± 0.014332151343585736 | 1.8019999999876946 ± 0.042543129952401726 | 0.7350011941630477
0.94 | 1.06 | 2 | 300 | 0.4571917567393706 ± 0.009374770928452063 | 0.09251602754150975 ± 0.003303938363831584 | 1.7545132455638934 ± 0.014332151343585736 | 1.8019999999876946 ± 0.042543129952401726 | 0.7350011941630477
0.94 | 1.06 | 2 | 400 | 0.4571917567393706 ± 0.009374770928452063 | 0.09251602754150975 ± 0.003303938363831584 | 1.7545132455638934 ± 0.014332151343585736 | 1.8019999999876946 ± 0.042543129952401726 | 0.7350011941630477
0.94 | 1.06 | 2 | 500 | 0.4571917567393706 ± 0.009374770928452063 | 0.09251602754150975 ± 0.003303938363831584 | 1.7545132455638934 ± 0.014332151343585736 | 1.8019999999876946 ± 0.042543129952401726 | 0.7350011941630477
0.94 | 1.06 | 2 | 600 | 0.4571917567393706 ± 0.009374770928452063 | 0.09251602754150975 ± 0.003303938363831584 | 1.7545132455638934 ± 0.014332151343585736 | 1.8019999999876946 ± 0.042543129952401726 | 0.7350011941630477
0.94 | 1.06 | 2 | 700 | 0.4571917567393706 ± 0.009374770928452063 | 0.09251602754150975 ± 0.003303938363831584 | 1.7545132455638934 ± 0.014332151343585736 | 1.8019999999876946 ± 0.042543129952401726 | 0.7350011941630477
0.94 | 1.06 | 2 | 800 | 0.4571917567393706 ± 0.009374770928452063 | 0.09251602754150975 ± 0.003303938363831584 | 1.7545132455638934 ± 0.014332151343585736 | 1.8019999999876946 ± 0.042543129952401726 | 0.7350011941630477
0.95 | 1.05 | 0 | 200 | 0.4576957247010109 ± 0.009629966004967466 | 0.09273638597788221 ± 0.0033897107308781703 | 1.7590696540878277 ± 0.014652966448071009 | 1.784999999394514 ± 0.10562468677469772 | 0.7438766960972187
0.95 | 1.05 | 0 | 300 | 0.4576957247010109 ± 0.009629966004967466 | 0.09273638597788221 ± 0.0033897107308781703 | 1.7590696540878277 ± 0.014652966448071009 | 1.784999999394514 ± 0.10562468677469772 | 0.7438766960972187
0.95 | 1.05 | 0 | 400 | 0.4576957247010109 ± 0.009629966004967466 | 0.09273638597788221 ± 0.0033897107308781703 | 1.7590696540878277 ± 0.014652966448071009 | 1.784999999394514 ± 0.10562468677469772 | 0.7438766960972187
0.95 | 1.05 | 0 | 500 | 0.4576957247010109 ± 0.009629966004967466 | 0.09273638597788221 ± 0.0033897107308781703 | 1.7590696540878277 ± 0.014652966448071009 | 1.784999999394514 ± 0.10562468677469772 | 0.7438766960972187
0.95 | 1.05 | 0 | 600 | 0.4576957247010109 ± 0.009629966004967466 | 0.09273638597788221 ± 0.0033897107308781703 | 1.7590696540878277 ± 0.014652966448071009 | 1.784999999394514 ± 0.10562468677469772 | 0.7438766960972187
0.95 | 1.05 | 0 | 700 | 0.4576957247010109 ± 0.009629966004967466 | 0.09273638597788221 ± 0.0033897107308781703 | 1.7590696540878277 ± 0.014652966448071009 | 1.784999999394514 ± 0.10562468677469772 | 0.7438766960972187
0.95 | 1.05 | 0 | 800 | 0.4576957247010109 ± 0.009629966004967466 | 0.09273638597788221 ± 0.0033897107308781703 | 1.7590696540878277 ± 0.014652966448071009 | 1.784999999394514 ± 0.10562468677469772 | 0.7438766960972187
0.95 | 1.05 | 1 | 200 | 0.45769572482431137 ± 0.009639177841253392 | 0.09273638602103786 ± 0.003392955705304825 | 1.7590696542313242 ± 0.014663919443068713 | 1.78499999939459 ± 0.10562468380398382 | 0.7438766960969888
0.95 | 1.05 | 1 | 300 | 0.45769572482431137 ± 0.009639177841253392 | 0.09273638602103786 ± 0.003392955705304825 | 1.7590696542313242 ± 0.014663919443068713 | 1.78499999939459 ± 0.10562468380398382 | 0.7438766960969888
0.95 | 1.05 | 1 | 400 | 0.45769572482431137 ± 0.009639177841253392 | 0.09273638602103786 ± 0.003392955705304825 | 1.7590696542313242 ± 0.014663919443068713 | 1.78499999939459 ± 0.10562468380398382 | 0.7438766960969888
0.95 | 1.05 | 1 | 500 | 0.45769572482431137 ± 0.009639177841253392 | 0.09273638602103786 ± 0.003392955705304825 | 1.7590696542313242 ± 0.014663919443068713 | 1.78499999939459 ± 0.10562468380398382 | 0.7438766960969888
0.95 | 1.05 | 1 | 600 | 0.45769572482431137 ± 0.009639177841253392 | 0.09273638602103786 ± 0.003392955705304825 | 1.7590696542313242 ± 0.014663919443068713 | 1.78499999939459 ± 0.10562468380398382 | 0.7438766960969888
0.95 | 1.05 | 1 | 700 | 0.45769572482431137 ± 0.009639177841253392 | 0.09273638602103786 ± 0.003392955705304825 | 1.7590696542313242 ± 0.014663919443068713 | 1.78499999939459 ± 0.10562468380398382 | 0.7438766960969888
0.95 | 1.05 | 1 | 800 | 0.45769572482431137 ± 0.009639177841253392 | 0.09273638602103786 ± 0.003392955705304825 | 1.7590696542313242 ± 0.014663919443068713 | 1.78499999939459 ± 0.10562468380398382 | 0.7438766960969888
0.95 | 1.05 | 2 | 200 | 0.4576992563451709 ± 0.009416585461914397 | 0.0927376235365285 ± 0.0033145193260264534 | 1.7590740876212299 ± 0.014399815686833451 | 1.7849999990561805 ± 0.10562777214500674 | 0.7438766943024403
0.95 | 1.05 | 2 | 300 | 0.4576992563451709 ± 0.009416585461914397 | 0.0927376235365285 ± 0.0033145193260264534 | 1.7590740876212299 ± 0.014399815686833451 | 1.7849999990561805 ± 0.10562777214500674 | 0.7438766943024403
0.95 | 1.05 | 2 | 400 | 0.4576992563451709 ± 0.009416585461914397 | 0.0927376235365285 ± 0.0033145193260264534 | 1.7590740876212299 ± 0.014399815686833451 | 1.7849999990561805 ± 0.10562777214500674 | 0.7438766943024403
0.95 | 1.05 | 2 | 500 | 0.4576992563451709 ± 0.009416585461914397 | 0.0927376235365285 ± 0.0033145193260264534 | 1.7590740876212299 ± 0.014399815686833451 | 1.7849999990561805 ± 0.10562777214500674 | 0.7438766943024403
0.95 | 1.05 | 2 | 600 | 0.4576992563451709 ± 0.009416585461914397 | 0.0927376235365285 ± 0.0033145193260264534 | 1.7590740876212299 ± 0.014399815686833451 | 1.7849999990561805 ± 0.10562777214500674 | 0.7438766943024403
0.95 | 1.05 | 2 | 700 | 0.4576992563451709 ± 0.009416585461914397 | 0.0927376235365285 ± 0.0033145193260264534 | 1.7590740876212299 ± 0.014399815686833451 | 1.7849999990561805 ± 0.10562777214500674 | 0.7438766943024403
0.95 | 1.05 | 2 | 800 | 0.4576992563451709 ± 0.009416585461914397 | 0.0927376235365285 ± 0.0033145193260264534 | 1.7590740876212299 ± 0.014399815686833451 | 1.7849999990561805 ± 0.10562777214500674 | 0.7438766943024403
0.96 | 1.04 | 0 | 200 | 0.4581864223745028 ± 0.00965893209792453 | 0.09295192033767673 ± 0.003395770531879376 | 1.7636052058582898 ± 0.014706790957466919 | 1.7679999990158328 ± 0.08780942376739043 | 0.7529084752156449
0.96 | 1.04 | 0 | 300 | 0.4581864223745028 ± 0.00965893209792453 | 0.09295192033767673 ± 0.003395770531879376 | 1.7636052058582898 ± 0.014706790957466919 | 1.7679999990158328 ± 0.08780942376739043 | 0.7529084752156449
0.96 | 1.04 | 0 | 400 | 0.4581864223745028 ± 0.00965893209792453 | 0.09295192033767673 ± 0.003395770531879376 | 1.7636052058582898 ± 0.014706790957466919 | 1.7679999990158328 ± 0.08780942376739043 | 0.7529084752156449
0.96 | 1.04 | 0 | 500 | 0.4581864223745028 ± 0.00965893209792453 | 0.09295192033767673 ± 0.003395770531879376 | 1.7636052058582898 ± 0.014706790957466919 | 1.7679999990158328 ± 0.08780942376739043 | 0.7529084752156449
0.96 | 1.04 | 0 | 600 | 0.4581864223745028 ± 0.00965893209792453 | 0.09295192033767673 ± 0.003395770531879376 | 1.7636052058582898 ± 0.014706790957466919 | 1.7679999990158328 ± 0.08780942376739043 | 0.7529084752156449
0.96 | 1.04 | 0 | 700 | 0.4581864223745028 ± 0.00965893209792453 | 0.09295192033767673 ± 0.003395770531879376 | 1.7636052058582898 ± 0.014706790957466919 | 1.7679999990158328 ± 0.08780942376739043 | 0.7529084752156449
0.96 | 1.04 | 0 | 800 | 0.4581864223745028 ± 0.00965893209792453 | 0.09295192033767673 ± 0.003395770531879376 | 1.7636052058582898 ± 0.014706790957466919 | 1.7679999990158328 ± 0.08780942376739043 | 0.7529084752156449
0.96 | 1.04 | 1 | 200 | 0.4581864221079883 ± 0.009665867604944941 | 0.0929519202425178 ± 0.0033982081520045285 | 1.763605205432333 ± 0.014714886178358793 | 1.7679999990164226 ± 0.08780942163918193 | 0.7529084752179663
0.96 | 1.04 | 1 | 300 | 0.4581864221079883 ± 0.009665867604944941 | 0.0929519202425178 ± 0.0033982081520045285 | 1.763605205432333 ± 0.014714886178358793 | 1.7679999990164226 ± 0.08780942163918193 | 0.7529084752179663
0.96 | 1.04 | 1 | 400 | 0.4581864221079883 ± 0.009665867604944941 | 0.0929519202425178 ± 0.0033982081520045285 | 1.763605205432333 ± 0.014714886178358793 | 1.7679999990164226 ± 0.08780942163918193 | 0.7529084752179663
0.96 | 1.04 | 1 | 500 | 0.4581864221079883 ± 0.009665867604944941 | 0.0929519202425178 ± 0.0033982081520045285 | 1.763605205432333 ± 0.014714886178358793 | 1.7679999990164226 ± 0.08780942163918193 | 0.7529084752179663
0.96 | 1.04 | 1 | 600 | 0.4581864221079883 ± 0.009665867604944941 | 0.0929519202425178 ± 0.0033982081520045285 | 1.763605205432333 ± 0.014714886178358793 | 1.7679999990164226 ± 0.08780942163918193 | 0.7529084752179663
0.96 | 1.04 | 1 | 700 | 0.4581864221079883 ± 0.009665867604944941 | 0.0929519202425178 ± 0.0033982081520045285 | 1.763605205432333 ± 0.014714886178358793 | 1.7679999990164226 ± 0.08780942163918193 | 0.7529084752179663
0.96 | 1.04 | 1 | 800 | 0.4581864221079883 ± 0.009665867604944941 | 0.0929519202425178 ± 0.0033982081520045285 | 1.763605205432333 ± 0.014714886178358793 | 1.7679999990164226 ± 0.08780942163918193 | 0.7529084752179663
0.96 | 1.04 | 2 | 200 | 0.4582039685756772 ± 0.009463800086240629 | 0.09295810366782178 ± 0.0033269857486113085 | 1.7636304066528323 ± 0.014473839658255955 | 1.7679999923347998 ± 0.08785794042712691 | 0.7529083812856989
0.96 | 1.04 | 2 | 300 | 0.4582039685756772 ± 0.009463800086240629 | 0.09295810366782178 ± 0.0033269857486113085 | 1.7636304066528323 ± 0.014473839658255955 | 1.7679999923347998 ± 0.08785794042712691 | 0.7529083812856989
0.96 | 1.04 | 2 | 400 | 0.4582039685756772 ± 0.009463800086240629 | 0.09295810366782178 ± 0.0033269857486113085 | 1.7636304066528323 ± 0.014473839658255955 | 1.7679999923347998 ± 0.08785794042712691 | 0.7529083812856989
0.96 | 1.04 | 2 | 500 | 0.4582039685756772 ± 0.009463800086240629 | 0.09295810366782178 ± 0.0033269857486113085 | 1.7636304066528323 ± 0.014473839658255955 | 1.7679999923347998 ± 0.08785794042712691 | 0.7529083812856989
0.96 | 1.04 | 2 | 600 | 0.4582039685756772 ± 0.009463800086240629 | 0.09295810366782178 ± 0.0033269857486113085 | 1.7636304066528323 ± 0.014473839658255955 | 1.7679999923347998 ± 0.08785794042712691 | 0.7529083812856989
0.96 | 1.04 | 2 | 700 | 0.4582039685756772 ± 0.009463800086240629 | 0.09295810366782178 ± 0.0033269857486113085 | 1.7636304066528323 ± 0.014473839658255955 | 1.7679999923347998 ± 0.08785794042712691 | 0.7529083812856989
0.96 | 1.04 | 2 | 800 | 0.4582039685756772 ± 0.009463800086240629 | 0.09295810366782178 ± 0.0033269857486113085 | 1.7636304066528323 ± 0.014473839658255955 | 1.7679999923347998 ± 0.08785794042712691 | 0.7529083812856989
0.97 | 1.03 | 0 | 200 | 0.45871947540651875 ± 0.009687351164385625 | 0.09318224968074934 ± 0.0034013073180777006 | 1.7681997204033448 ± 0.014758929033504042 | 1.7509998264752722 ± 0.06987411806326094 | 0.7620972225041047
0.97 | 1.03 | 0 | 300 | 0.45871947540651875 ± 0.009687351164385625 | 0.09318224968074934 ± 0.0034013073180777006 | 1.7681997204033448 ± 0.014758929033504042 | 1.7509998264752722 ± 0.06987411806326094 | 0.7620972225041047
0.97 | 1.03 | 0 | 400 | 0.45871947540651875 ± 0.009687351164385625 | 0.09318224968074934 ± 0.0034013073180777006 | 1.7681997204033448 ± 0.014758929033504042 | 1.7509998264752722 ± 0.06987411806326094 | 0.7620972225041047
0.97 | 1.03 | 0 | 500 | 0.45871947540651875 ± 0.009687351164385625 | 0.09318224968074934 ± 0.0034013073180777006 | 1.7681997204033448 ± 0.014758929033504042 | 1.7509998264752722 ± 0.06987411806326094 | 0.7620972225041047
0.97 | 1.03 | 0 | 600 | 0.45871947540651875 ± 0.009687351164385625 | 0.09318224968074934 ± 0.0034013073180777006 | 1.7681997204033448 ± 0.014758929033504042 | 1.7509998264752722 ± 0.06987411806326094 | 0.7620972225041047
0.97 | 1.03 | 0 | 700 | 0.45871947540651875 ± 0.009687351164385625 | 0.09318224968074934 ± 0.0034013073180777006 | 1.7681997204033448 ± 0.014758929033504042 | 1.7509998264752722 ± 0.06987411806326094 | 0.7620972225041047
0.97 | 1.03 | 0 | 800 | 0.45871947540651875 ± 0.009687351164385625 | 0.09318224968074934 ± 0.0034013073180777006 | 1.7681997204033448 ± 0.014758929033504042 | 1.7509998264752722 ± 0.06987411806326094 | 0.7620972225041047
0.97 | 1.03 | 1 | 200 | 0.45871947540651875 ± 0.009687351164385625 | 0.09318224968074934 ± 0.0034013073180777006 | 1.7681997204033448 ± 0.014758929033504042 | 1.7509998264752722 ± 0.06987411806326094 | 0.7620972225041047
0.97 | 1.03 | 1 | 300 | 0.45871947540651875 ± 0.009687351164385625 | 0.09318224968074934 ± 0.0034013073180777006 | 1.7681997204033448 ± 0.014758929033504042 | 1.7509998264752722 ± 0.06987411806326094 | 0.7620972225041047
0.97 | 1.03 | 1 | 400 | 0.45871947540651875 ± 0.009687351164385625 | 0.09318224968074934 ± 0.0034013073180777006 | 1.7681997204033448 ± 0.014758929033504042 | 1.7509998264752722 ± 0.06987411806326094 | 0.7620972225041047
0.97 | 1.03 | 1 | 500 | 0.45871947540651875 ± 0.009687351164385625 | 0.09318224968074934 ± 0.0034013073180777006 | 1.7681997204033448 ± 0.014758929033504042 | 1.7509998264752722 ± 0.06987411806326094 | 0.7620972225041047
0.97 | 1.03 | 1 | 600 | 0.45871947540651875 ± 0.009687351164385625 | 0.09318224968074934 ± 0.0034013073180777006 | 1.7681997204033448 ± 0.014758929033504042 | 1.7509998264752722 ± 0.06987411806326094 | 0.7620972225041047
0.97 | 1.03 | 1 | 700 | 0.45871947540651875 ± 0.009687351164385625 | 0.09318224968074934 ± 0.0034013073180777006 | 1.7681997204033448 ± 0.014758929033504042 | 1.7509998264752722 ± 0.06987411806326094 | 0.7620972225041047
0.97 | 1.03 | 1 | 800 | 0.45871947540651875 ± 0.009687351164385625 | 0.09318224968074934 ± 0.0034013073180777006 | 1.7681997204033448 ± 0.014758929033504042 | 1.7509998264752722 ± 0.06987411806326094 | 0.7620972225041047
0.97 | 1.03 | 2 | 200 | 0.4587117807260164 ± 0.009469460393021663 | 0.09317959205848482 ± 0.003324799665277851 | 1.7681942723768838 ± 0.01449912761637574 | 1.7509999999999446 ± 0.0698514126125388 | 0.7620970901758634
0.97 | 1.03 | 2 | 300 | 0.4587117807260164 ± 0.009469460393021663 | 0.09317959205848482 ± 0.003324799665277851 | 1.7681942723768838 ± 0.01449912761637574 | 1.7509999999999446 ± 0.0698514126125388 | 0.7620970901758634
0.97 | 1.03 | 2 | 400 | 0.4587117807260164 ± 0.009469460393021663 | 0.09317959205848482 ± 0.003324799665277851 | 1.7681942723768838 ± 0.01449912761637574 | 1.7509999999999446 ± 0.0698514126125388 | 0.7620970901758634
0.97 | 1.03 | 2 | 500 | 0.4587117807260164 ± 0.009469460393021663 | 0.09317959205848482 ± 0.003324799665277851 | 1.7681942723768838 ± 0.01449912761637574 | 1.7509999999999446 ± 0.0698514126125388 | 0.7620970901758634
0.97 | 1.03 | 2 | 600 | 0.4587117807260164 ± 0.009469460393021663 | 0.09317959205848482 ± 0.003324799665277851 | 1.7681942723768838 ± 0.01449912761637574 | 1.7509999999999446 ± 0.0698514126125388 | 0.7620970901758634
0.97 | 1.03 | 2 | 700 | 0.4587117807260164 ± 0.009469460393021663 | 0.09317959205848482 ± 0.003324799665277851 | 1.7681942723768838 ± 0.01449912761637574 | 1.7509999999999446 ± 0.0698514126125388 | 0.7620970901758634
0.97 | 1.03 | 2 | 800 | 0.4587117807260164 ± 0.009469460393021663 | 0.09317959205848482 ± 0.003324799665277851 | 1.7681942723768838 ± 0.01449912761637574 | 1.7509999999999446 ± 0.0698514126125388 | 0.7620970901758634
0.98 | 1.02 | 0 | 200 | 0.45922346655027096 ± 0.009744539224231259 | 0.09340232285859651 ± 0.0034171198771561157 | 1.772766912573303 ± 0.014845609111142941 | 1.7339996727366291 ± 0.05125282244930596 | 0.7714439271310132
0.98 | 1.02 | 0 | 300 | 0.45922346655027096 ± 0.009744539224231259 | 0.09340232285859651 ± 0.0034171198771561157 | 1.772766912573303 ± 0.014845609111142941 | 1.7339996727366291 ± 0.05125282244930596 | 0.7714439271310132
0.98 | 1.02 | 0 | 400 | 0.45922346655027096 ± 0.009744539224231259 | 0.09340232285859651 ± 0.0034171198771561157 | 1.772766912573303 ± 0.014845609111142941 | 1.7339996727366291 ± 0.05125282244930596 | 0.7714439271310132
0.98 | 1.02 | 0 | 500 | 0.45922346655027096 ± 0.009744539224231259 | 0.09340232285859651 ± 0.0034171198771561157 | 1.772766912573303 ± 0.014845609111142941 | 1.7339996727366291 ± 0.05125282244930596 | 0.7714439271310132
0.98 | 1.02 | 0 | 600 | 0.45922346655027096 ± 0.009744539224231259 | 0.09340232285859651 ± 0.0034171198771561157 | 1.772766912573303 ± 0.014845609111142941 | 1.7339996727366291 ± 0.05125282244930596 | 0.7714439271310132
0.98 | 1.02 | 0 | 700 | 0.45922346655027096 ± 0.009744539224231259 | 0.09340232285859651 ± 0.0034171198771561157 | 1.772766912573303 ± 0.014845609111142941 | 1.7339996727366291 ± 0.05125282244930596 | 0.7714439271310132
0.98 | 1.02 | 0 | 800 | 0.45922346655027096 ± 0.009744539224231259 | 0.09340232285859651 ± 0.0034171198771561157 | 1.772766912573303 ± 0.014845609111142941 | 1.7339996727366291 ± 0.05125282244930596 | 0.7714439271310132
0.98 | 1.02 | 1 | 200 | 0.45917405469829875 ± 0.009679052718142594 | 0.09338566573878576 ± 0.0033945430536442187 | 1.7727436043993805 ± 0.014771012074946693 | 1.7339992348643372 ± 0.05134069210596359 | 0.7714458372878984
0.98 | 1.02 | 1 | 300 | 0.4592234665853034 ± 0.009538422614151757 | 0.09340232290548656 ± 0.003344790386604165 | 1.7727669135982425 ± 0.014599074926250875 | 1.733999672742701 ± 0.05125202024409592 | 0.7714439270883293
0.98 | 1.02 | 1 | 400 | 0.4592234665853034 ± 0.009538422614151757 | 0.09340232290548656 ± 0.003344790386604165 | 1.7727669135982425 ± 0.014599074926250875 | 1.733999672742701 ± 0.05125202024409592 | 0.7714439270883293
0.98 | 1.02 | 1 | 500 | 0.4592234665853034 ± 0.009538422614151757 | 0.09340232290548656 ± 0.003344790386604165 | 1.7727669135982425 ± 0.014599074926250875 | 1.733999672742701 ± 0.05125202024409592 | 0.7714439270883293
0.98 | 1.02 | 1 | 600 | 0.4592234665853034 ± 0.009538422614151757 | 0.09340232290548656 ± 0.003344790386604165 | 1.7727669135982425 ± 0.014599074926250875 | 1.733999672742701 ± 0.05125202024409592 | 0.7714439270883293
0.98 | 1.02 | 1 | 700 | 0.4592234665853034 ± 0.009538422614151757 | 0.09340232290548656 ± 0.003344790386604165 | 1.7727669135982425 ± 0.014599074926250875 | 1.733999672742701 ± 0.05125202024409592 | 0.7714439270883293
0.98 | 1.02 | 1 | 800 | 0.4592234665853034 ± 0.009538422614151757 | 0.09340232290548656 ± 0.003344790386604165 | 1.7727669135982425 ± 0.014599074926250875 | 1.733999672742701 ± 0.05125202024409592 | 0.7714439270883293
0.98 | 1.02 | 2 | 200 | 0.459217981869018 ± 0.009479096560169124 | 0.0934003702398815 ± 0.003324019389062526 | 1.772754796573722 ± 0.014529055154185195 | 1.73399999999996 ± 0.05128031012445844 | 0.7714436974885494
0.98 | 1.02 | 2 | 300 | 0.459217981869018 ± 0.009479096560169124 | 0.0934003702398815 ± 0.003324019389062526 | 1.772754796573722 ± 0.014529055154185195 | 1.73399999999996 ± 0.05128031012445844 | 0.7714436974885494
0.98 | 1.02 | 2 | 400 | 0.459217981869018 ± 0.009479096560169124 | 0.0934003702398815 ± 0.003324019389062526 | 1.772754796573722 ± 0.014529055154185195 | 1.73399999999996 ± 0.05128031012445844 | 0.7714436974885494
0.98 | 1.02 | 2 | 500 | 0.459217981869018 ± 0.009479096560169124 | 0.0934003702398815 ± 0.003324019389062526 | 1.772754796573722 ± 0.014529055154185195 | 1.73399999999996 ± 0.05128031012445844 | 0.7714436974885494
0.98 | 1.02 | 2 | 600 | 0.459217981869018 ± 0.009479096560169124 | 0.0934003702398815 ± 0.003324019389062526 | 1.772754796573722 ± 0.014529055154185195 | 1.73399999999996 ± 0.05128031012445844 | 0.7714436974885494
0.98 | 1.02 | 2 | 700 | 0.459217981869018 ± 0.009479096560169124 | 0.0934003702398815 ± 0.003324019389062526 | 1.772754796573722 ± 0.014529055154185195 | 1.73399999999996 ± 0.05128031012445844 | 0.7714436974885494
0.98 | 1.02 | 2 | 800 | 0.459217981869018 ± 0.009479096560169124 | 0.0934003702398815 ± 0.003324019389062526 | 1.772754796573722 ± 0.014529055154185195 | 1.73399999999996 ± 0.05128031012445844 | 0.7714436974885494
0.99 | 1.01 | 0 | 300 | 0.4597256320572851 ± 0.009786685096793278 | 0.09362150062997616 ± 0.0034276232395383517 | 1.7773203006469371 ± 0.014913859519692051 | 1.7169999574766233 ± 0.03069643272588507 | 0.7809492471853554
0.99 | 1.01 | 0 | 400 | 0.4597256320572851 ± 0.009786685096793278 | 0.09362150062997616 ± 0.0034276232395383517 | 1.7773203006469371 ± 0.014913859519692051 | 1.7169999574766233 ± 0.03069643272588507 | 0.7809492471853554
0.99 | 1.01 | 0 | 500 | 0.4597256320572851 ± 0.009786685096793278 | 0.09362150062997616 ± 0.0034276232395383517 | 1.7773203006469371 ± 0.014913859519692051 | 1.7169999574766233 ± 0.03069643272588507 | 0.7809492471853554
0.99 | 1.01 | 0 | 600 | 0.4597256320572851 ± 0.009786685096793278 | 0.09362150062997616 ± 0.0034276232395383517 | 1.7773203006469371 ± 0.014913859519692051 | 1.7169999574766233 ± 0.03069643272588507 | 0.7809492471853554
0.99 | 1.01 | 0 | 700 | 0.4597256320572851 ± 0.009786685096793278 | 0.09362150062997616 ± 0.0034276232395383517 | 1.7773203006469371 ± 0.014913859519692051 | 1.7169999574766233 ± 0.03069643272588507 | 0.7809492471853554
0.99 | 1.01 | 0 | 800 | 0.4597256320572851 ± 0.009786685096793278 | 0.09362150062997616 ± 0.0034276232395383517 | 1.7773203006469371 ± 0.014913859519692051 | 1.7169999574766233 ± 0.03069643272588507 | 0.7809492471853554
0.99 | 1.01 | 1 | 300 | 0.45972781247184236 ± 0.009560746060517655 | 0.09362228549966511 ± 0.0033484184407319047 | 1.7773196162047238 ± 0.014642764487264863 | 1.7169999968522105 ± 0.030674986664608772 | 0.7809490678141594
0.99 | 1.01 | 1 | 400 | 0.45972781247184236 ± 0.009560746060517655 | 0.09362228549966511 ± 0.0033484184407319047 | 1.7773196162047238 ± 0.014642764487264863 | 1.7169999968522105 ± 0.030674986664608772 | 0.7809490678141594
0.99 | 1.01 | 1 | 500 | 0.45972781247184236 ± 0.009560746060517655 | 0.09362228549966511 ± 0.0033484184407319047 | 1.7773196162047238 ± 0.014642764487264863 | 1.7169999968522105 ± 0.030674986664608772 | 0.7809490678141594
0.99 | 1.01 | 1 | 600 | 0.45972781247184236 ± 0.009560746060517655 | 0.09362228549966511 ± 0.0033484184407319047 | 1.7773196162047238 ± 0.014642764487264863 | 1.7169999968522105 ± 0.030674986664608772 | 0.7809490678141594
0.99 | 1.01 | 1 | 700 | 0.45972781247184236 ± 0.009560746060517655 | 0.09362228549966511 ± 0.0033484184407319047 | 1.7773196162047238 ± 0.014642764487264863 | 1.7169999968522105 ± 0.030674986664608772 | 0.7809490678141594
0.99 | 1.01 | 1 | 800 | 0.45972781247184236 ± 0.009560746060517655 | 0.09362228549966511 ± 0.0033484184407319047 | 1.7773196162047238 ± 0.014642764487264863 | 1.7169999968522105 ± 0.030674986664608772 | 0.7809490678141594
0.99 | 1.01 | 2 | 200 | 0.45970687064270993 ± 0.009462532232171637 | 0.09361521010653259 ± 0.003314180201327223 | 1.777305782908856 ± 0.014528150463350103 | 1.7169998864313742 ± 0.03066460442146346 | 0.7809494372399763
0.99 | 1.01 | 2 | 300 | 0.45970687064270993 ± 0.009462532232171637 | 0.09361521010653259 ± 0.003314180201327223 | 1.777305782908856 ± 0.014528150463350103 | 1.7169998864313742 ± 0.03066460442146346 | 0.7809494372399763
0.99 | 1.01 | 2 | 400 | 0.45970687064270993 ± 0.009462532232171637 | 0.09361521010653259 ± 0.003314180201327223 | 1.777305782908856 ± 0.014528150463350103 | 1.7169998864313742 ± 0.03066460442146346 | 0.7809494372399763
0.99 | 1.01 | 2 | 500 | 0.45970687064270993 ± 0.009462532232171637 | 0.09361521010653259 ± 0.003314180201327223 | 1.777305782908856 ± 0.014528150463350103 | 1.7169998864313742 ± 0.03066460442146346 | 0.7809494372399763
0.99 | 1.01 | 2 | 600 | 0.45970687064270993 ± 0.009462532232171637 | 0.09361521010653259 ± 0.003314180201327223 | 1.777305782908856 ± 0.014528150463350103 | 1.7169998864313742 ± 0.03066460442146346 | 0.7809494372399763
0.99 | 1.01 | 2 | 700 | 0.45970687064270993 ± 0.009462532232171637 | 0.09361521010653259 ± 0.003314180201327223 | 1.777305782908856 ± 0.014528150463350103 | 1.7169998864313742 ± 0.03066460442146346 | 0.7809494372399763
0.99 | 1.01 | 2 | 800 | 0.45970687064270993 ± 0.009462532232171637 | 0.09361521010653259 ± 0.003314180201327223 | 1.777305782908856 ± 0.014528150463350103 | 1.7169998864313742 ± 0.03066460442146346 | 0.7809494372399763
