Otimização para pl em TOTEM - Limites: eps_0_mg_1_a1_1_a2_0
Configuração: down | up | strategy | migrad | mg ± error | eps ± error | a1 ± error | a2 ± error | χ²/ndof
========================================================================================================================
0.94 | 1.06 | 1 | 600 | 0.4397445218537104 ± 0.007433596174878265 | 0.08470484758524165 ± 0.002678370505092702 | 1.5876600199947994 ± 0.029086527192990097 | 2.4360491406321536 ± 0.047464015194260335 | 0.5092156313674783
0.94 | 1.06 | 1 | 700 | 0.4397445218537104 ± 0.007490630780217167 | 0.08470484758524165 ± 0.0026995326657140283 | 1.5876600199947994 ± 0.029122687302320815 | 2.4360491406321536 ± 0.04768089219872142 | 0.5092156313674783
0.94 | 1.06 | 1 | 800 | 0.4397445218537104 ± 0.007490630780217167 | 0.08470484758524165 ± 0.0026995326657140283 | 1.5876600199947994 ± 0.029122687302320815 | 2.4360491406321536 ± 0.04768089219872142 | 0.5092156313674783
0.94 | 1.06 | 2 | 500 | 0.4397427065014672 ± 0.007435003188815403 | 0.08470418629330115 ± 0.0026789034449163328 | 1.5876600334401647 ± 0.028961980636679097 | 2.4360262444400638 ± 0.04746906324705948 | 0.5092156508242213
0.94 | 1.06 | 2 | 600 | 0.4397427065014672 ± 0.007606169830369103 | 0.08470418629330115 ± 0.002742449914276551 | 1.5876600334401647 ± 0.0290072060519313 | 2.4360262444400638 ± 0.0481128216776812 | 0.5092156508242213
0.94 | 1.06 | 2 | 700 | 0.4397427065014672 ± 0.007606169830369103 | 0.08470418629330115 ± 0.002742449914276551 | 1.5876600334401647 ± 0.0290072060519313 | 2.4360262444400638 ± 0.0481128216776812 | 0.5092156508242213
0.94 | 1.06 | 2 | 800 | 0.4397427065014672 ± 0.007606169830369103 | 0.08470418629330115 ± 0.002742449914276551 | 1.5876600334401647 ± 0.0290072060519313 | 2.4360262444400638 ± 0.0481128216776812 | 0.5092156508242213
0.95 | 1.05 | 0 | 800 | 0.4418310943612671 ± 0.007456950650641309 | 0.08561783615106162 ± 0.0026881219884461716 | 1.6045500237086532 ± 0.025457215649356435 | 2.37418462285579 ± 0.048074465292696836 | 0.5232462603826172
0.95 | 1.05 | 2 | 600 | 0.4418369379095196 ± 0.007546521103523551 | 0.08561987304353988 ± 0.002721777284460011 | 1.6045501190404234 ± 0.025630303375197228 | 2.374175028032084 ± 0.048425138683943256 | 0.5232463903939797
0.95 | 1.05 | 2 | 700 | 0.4418369379095196 ± 0.007546521103523551 | 0.08561987304353988 ± 0.002721777284460011 | 1.6045501190404234 ± 0.025630303375197228 | 2.374175028032084 ± 0.048425138683943256 | 0.5232463903939797
0.95 | 1.05 | 2 | 800 | 0.4418369379095196 ± 0.007546521103523551 | 0.08561987304353988 ± 0.002721777284460011 | 1.6045501190404234 ± 0.025630303375197228 | 2.374175028032084 ± 0.048425138683943256 | 0.5232463903939797
0.96 | 1.04 | 0 | 700 | 0.4439490860190324 ± 0.007426374242674588 | 0.08653847968813475 ± 0.002691718645518946 | 1.6214409108306977 ± 0.02253635490945116 | 2.312553538055177 ± 0.04863466988582375 | 0.5390204251625201
0.96 | 1.04 | 0 | 800 | 0.4439490860190324 ± 0.007426374242674588 | 0.08653847968813475 ± 0.002691718645518946 | 1.6214409108306977 ± 0.02253635490945116 | 2.312553538055177 ± 0.04863466988582375 | 0.5390204251625201
0.96 | 1.04 | 1 | 800 | 0.4439424208137462 ± 0.007520343319203038 | 0.08653620928933274 ± 0.002728188154751899 | 1.6214400842251628 ± 0.022663446477345084 | 2.312592844739069 ± 0.049013225501139644 | 0.539019503784918
0.96 | 1.04 | 2 | 600 | 0.44394376887182807 ± 0.0075350394270986 | 0.08653660696994203 ± 0.002733876879625948 | 1.6214402257153844 ± 0.02227733490842565 | 2.3125355135847085 ± 0.04907146309078803 | 0.5390197279235456
0.96 | 1.04 | 2 | 700 | 0.44394376887182807 ± 0.0075350394270986 | 0.08653660696994203 ± 0.002733876879625948 | 1.6214402257153844 ± 0.02227733490842565 | 2.3125355135847085 ± 0.04907146309078803 | 0.5390197279235456
0.96 | 1.04 | 2 | 800 | 0.44394376887182807 ± 0.0075350394270986 | 0.08653660696994203 ± 0.002733876879625948 | 1.6214402257153844 ± 0.02227733490842565 | 2.3125355135847085 ± 0.04907146309078803 | 0.5390197279235456
0.97 | 1.03 | 0 | 500 | 0.44605964556308647 ± 0.007302947610976218 | 0.08745316115986691 ± 0.0026968336656524655 | 1.6383300099910194 ± 0.019591540864821955 | 2.251071022637677 ± 0.04917605541747472 | 0.556556006567773
0.97 | 1.03 | 0 | 600 | 0.44605964556308647 ± 0.007302947610976218 | 0.08745316115986691 ± 0.0026968336656524655 | 1.6383300099910194 ± 0.019591540864821955 | 2.251071022637677 ± 0.04917605541747472 | 0.556556006567773
0.97 | 1.03 | 0 | 700 | 0.44605964556308647 ± 0.007302947610976218 | 0.08745316115986691 ± 0.0026968336656524655 | 1.6383300099910194 ± 0.019591540864821955 | 2.251071022637677 ± 0.04917605541747472 | 0.556556006567773
0.97 | 1.03 | 0 | 800 | 0.44605964556308647 ± 0.007302947610976218 | 0.08745316115986691 ± 0.0026968336656524655 | 1.6383300099910194 ± 0.019591540864821955 | 2.251071022637677 ± 0.04917605541747472 | 0.556556006567773
0.97 | 1.03 | 1 | 500 | 0.44605964556308647 ± 0.0073077873943932226 | 0.08745316115986691 ± 0.0026988559108404426 | 1.6383300099910194 ± 0.019601771205800644 | 2.251071022637677 ± 0.04920140226736033 | 0.556556006567773
0.97 | 1.03 | 1 | 600 | 0.44605964556308647 ± 0.0073077873943932226 | 0.08745316115986691 ± 0.0026988559108404426 | 1.6383300099910194 ± 0.019601771205800644 | 2.251071022637677 ± 0.04920140226736033 | 0.556556006567773
0.97 | 1.03 | 1 | 700 | 0.44605964556308647 ± 0.0073077873943932226 | 0.08745316115986691 ± 0.0026988559108404426 | 1.6383300099910194 ± 0.019601771205800644 | 2.251071022637677 ± 0.04920140226736033 | 0.556556006567773
0.97 | 1.03 | 1 | 800 | 0.44605964556308647 ± 0.0073077873943932226 | 0.08745316115986691 ± 0.0026988559108404426 | 1.6383300099910194 ± 0.019601771205800644 | 2.251071022637677 ± 0.04920140226736033 | 0.556556006567773
0.97 | 1.03 | 2 | 600 | 0.44606388345538445 ± 0.007405402058867805 | 0.08745471003514278 ± 0.002739624398122337 | 1.6383300000118406 ± 0.02019150252324653 | 2.2511230793104695 ± 0.049653826460752185 | 0.5565558752283946
0.97 | 1.03 | 2 | 700 | 0.44606388345538445 ± 0.007405402058867805 | 0.08745471003514278 ± 0.002739624398122337 | 1.6383300000118406 ± 0.02019150252324653 | 2.2511230793104695 ± 0.049653826460752185 | 0.5565558752283946
0.97 | 1.03 | 2 | 800 | 0.44606388345538445 ± 0.007405402058867805 | 0.08745471003514278 ± 0.002739624398122337 | 1.6383300000118406 ± 0.02019150252324653 | 2.2511230793104695 ± 0.049653826460752185 | 0.5565558752283946
0.98 | 1.02 | 1 | 300 | 0.44821281295154486 ± 0.006774489793338723 | 0.08837939994021911 ± 0.002676775081159571 | 1.6552200619120503 ± 0.04272632573522528 | 2.189892807280302 ± 0.04945397649843865 | 0.5758779534112707
0.98 | 1.02 | 1 | 400 | 0.44821281295154486 ± 0.006913460005723904 | 0.08837939994021911 ± 0.0027527600106300215 | 1.6552200619120503 ± 0.04273738573671659 | 2.189892807280302 ± 0.05030883002148469 | 0.5758779534112707
0.98 | 1.02 | 1 | 500 | 0.44821281295154486 ± 0.006913460005723904 | 0.08837939994021911 ± 0.0027527600106300215 | 1.6552200619120503 ± 0.04273738573671659 | 2.189892807280302 ± 0.05030883002148469 | 0.5758779534112707
0.98 | 1.02 | 1 | 600 | 0.44821281295154486 ± 0.006913460005723904 | 0.08837939994021911 ± 0.0027527600106300215 | 1.6552200619120503 ± 0.04273738573671659 | 2.189892807280302 ± 0.05030883002148469 | 0.5758779534112707
0.98 | 1.02 | 1 | 700 | 0.44821281295154486 ± 0.006913460005723904 | 0.08837939994021911 ± 0.0027527600106300215 | 1.6552200619120503 ± 0.04273738573671659 | 2.189892807280302 ± 0.05030883002148469 | 0.5758779534112707
0.98 | 1.02 | 1 | 800 | 0.44821281295154486 ± 0.006913460005723904 | 0.08837939994021911 ± 0.0027527600106300215 | 1.6552200619120503 ± 0.04273738573671659 | 2.189892807280302 ± 0.05030883002148469 | 0.5758779534112707
0.98 | 1.02 | 2 | 500 | 0.44821120913261997 ± 0.006853501766934916 | 0.08837890158122408 ± 0.0027196884776377363 | 1.6552200457997002 ± 0.04281637158050655 | 2.189935234914572 ± 0.04993915783821443 | 0.5758779490650766
0.98 | 1.02 | 2 | 600 | 0.44821120913261997 ± 0.006853501766934916 | 0.08837890158122408 ± 0.0027196884776377363 | 1.6552200457997002 ± 0.04281637158050655 | 2.189935234914572 ± 0.04993915783821443 | 0.5758779490650766
0.98 | 1.02 | 2 | 700 | 0.44821120913261997 ± 0.006853501766934916 | 0.08837890158122408 ± 0.0027196884776377363 | 1.6552200457997002 ± 0.04281637158050655 | 2.189935234914572 ± 0.04993915783821443 | 0.5758779490650766
0.98 | 1.02 | 2 | 800 | 0.44821120913261997 ± 0.006853501766934916 | 0.08837890158122408 ± 0.0027196884776377363 | 1.6552200457997002 ± 0.04281637158050655 | 2.189935234914572 ± 0.04993915783821443 | 0.5758779490650766
0.99 | 1.01 | 0 | 300 | 0.45026684651939614 ± 0.007947088602816954 | 0.08926803589738287 ± 0.0018842687604790477 | 1.6721104557555142 ± 0.024664401321844 | 2.1282687355972114 ± 0.041510009612369045 | 0.5970126938264271
0.99 | 1.01 | 0 | 400 | 0.45033415509113056 ± 0.008371265601525929 | 0.08929123909194342 ± 0.002506215043926767 | 1.6721100118540146 ± 0.024500713251264794 | 2.1286420132117176 ± 0.04802062751270758 | 0.597009201981635
0.99 | 1.01 | 0 | 500 | 0.45033415509113056 ± 0.008371265601525929 | 0.08929123909194342 ± 0.002506215043926767 | 1.6721100118540146 ± 0.024500713251264794 | 2.1286420132117176 ± 0.04802062751270758 | 0.597009201981635
0.99 | 1.01 | 0 | 600 | 0.45033415509113056 ± 0.008371265601525929 | 0.08929123909194342 ± 0.002506215043926767 | 1.6721100118540146 ± 0.024500713251264794 | 2.1286420132117176 ± 0.04802062751270758 | 0.597009201981635
0.99 | 1.01 | 0 | 700 | 0.45033415509113056 ± 0.008371265601525929 | 0.08929123909194342 ± 0.002506215043926767 | 1.6721100118540146 ± 0.024500713251264794 | 2.1286420132117176 ± 0.04802062751270758 | 0.597009201981635
0.99 | 1.01 | 0 | 800 | 0.45033415509113056 ± 0.008371265601525929 | 0.08929123909194342 ± 0.002506215043926767 | 1.6721100118540146 ± 0.024500713251264794 | 2.1286420132117176 ± 0.04802062751270758 | 0.597009201981635
0.99 | 1.01 | 1 | 400 | 0.4503223304786881 ± 0.00808017620552598 | 0.08928715908403051 ± 0.0019577799525241314 | 1.6721100232717134 ± 0.024581249275067885 | 2.128555539440862 ± 0.042224796938786884 | 0.5970095114839425
0.99 | 1.01 | 1 | 500 | 0.4503223304786881 ± 0.00834960492870604 | 0.08928715908403051 ± 0.002359807275198213 | 1.6721100232717134 ± 0.024586024506562332 | 2.128555539440862 ± 0.04640862374304946 | 0.5970095114839425
0.99 | 1.01 | 1 | 600 | 0.4503223304786881 ± 0.00834960492870604 | 0.08928715908403051 ± 0.002359807275198213 | 1.6721100232717134 ± 0.024586024506562332 | 2.128555539440862 ± 0.04640862374304946 | 0.5970095114839425
0.99 | 1.01 | 1 | 700 | 0.4503223304786881 ± 0.00834960492870604 | 0.08928715908403051 ± 0.002359807275198213 | 1.6721100232717134 ± 0.024586024506562332 | 2.128555539440862 ± 0.04640862374304946 | 0.5970095114839425
0.99 | 1.01 | 1 | 800 | 0.4503223304786881 ± 0.00834960492870604 | 0.08928715908403051 ± 0.002359807275198213 | 1.6721100232717134 ± 0.024586024506562332 | 2.128555539440862 ± 0.04640862374304946 | 0.5970095114839425
0.99 | 1.01 | 2 | 300 | 0.4503382396414596 ± 0.007971550904884717 | 0.08929268103755902 ± 0.00185090809243604 | 1.6721100108523075 ± 0.02464809556640213 | 2.1286569489066385 ± 0.04118303560949943 | 0.5970091976882872
0.99 | 1.01 | 2 | 400 | 0.4503382396414596 ± 0.008288507686197488 | 0.08929268103755902 ± 0.002191339863407983 | 1.6721100108523075 ± 0.024651312552780857 | 2.1286569489066385 ± 0.04460832607878726 | 0.5970091976882872
0.99 | 1.01 | 2 | 500 | 0.4503382396414596 ± 0.008288507686197488 | 0.08929268103755902 ± 0.002191339863407983 | 1.6721100108523075 ± 0.024651312552780857 | 2.1286569489066385 ± 0.04460832607878726 | 0.5970091976882872
0.99 | 1.01 | 2 | 600 | 0.4503382396414596 ± 0.008288507686197488 | 0.08929268103755902 ± 0.002191339863407983 | 1.6721100108523075 ± 0.024651312552780857 | 2.1286569489066385 ± 0.04460832607878726 | 0.5970091976882872
0.99 | 1.01 | 2 | 700 | 0.4503382396414596 ± 0.008288507686197488 | 0.08929268103755902 ± 0.002191339863407983 | 1.6721100108523075 ± 0.024651312552780857 | 2.1286569489066385 ± 0.04460832607878726 | 0.5970091976882872
0.99 | 1.01 | 2 | 800 | 0.4503382396414596 ± 0.008288507686197488 | 0.08929268103755902 ± 0.002191339863407983 | 1.6721100108523075 ± 0.024651312552780857 | 2.1286569489066385 ± 0.04460832607878726 | 0.5970091976882872
