Otimização para pl em TOTEM - Limites: eps_0_mg_1_a1_0_a2_1
Configuração: down | up | strategy | migrad | mg ± error | eps ± error | a1 ± error | a2 ± error | χ²/ndof
========================================================================================================================
0.9 | 1.1 | 0 | 300 | 0.45517184743336214 ± 0.009402522225476856 | 0.0916318834199942 ± 0.003356297213144963 | 1.7362884484446663 ± 0.014375269781870944 | 1.8699997398372863 ± 0.047099187492432804 | 0.7010444063832305
0.9 | 1.1 | 0 | 400 | 0.45517184743336214 ± 0.009402522225476856 | 0.0916318834199942 ± 0.003356297213144963 | 1.7362884484446663 ± 0.014375269781870944 | 1.8699997398372863 ± 0.047099187492432804 | 0.7010444063832305
0.9 | 1.1 | 0 | 500 | 0.45517184743336214 ± 0.009402522225476856 | 0.0916318834199942 ± 0.003356297213144963 | 1.7362884484446663 ± 0.014375269781870944 | 1.8699997398372863 ± 0.047099187492432804 | 0.7010444063832305
0.9 | 1.1 | 0 | 600 | 0.45517184743336214 ± 0.009402522225476856 | 0.0916318834199942 ± 0.003356297213144963 | 1.7362884484446663 ± 0.014375269781870944 | 1.8699997398372863 ± 0.047099187492432804 | 0.7010444063832305
0.9 | 1.1 | 0 | 700 | 0.45517184743336214 ± 0.009402522225476856 | 0.0916318834199942 ± 0.003356297213144963 | 1.7362884484446663 ± 0.014375269781870944 | 1.8699997398372863 ± 0.047099187492432804 | 0.7010444063832305
0.9 | 1.1 | 0 | 800 | 0.45517184743336214 ± 0.009402522225476856 | 0.0916318834199942 ± 0.003356297213144963 | 1.7362884484446663 ± 0.014375269781870944 | 1.8699997398372863 ± 0.047099187492432804 | 0.7010444063832305
0.9 | 1.1 | 1 | 300 | 0.45517184743336214 ± 0.009591307252928838 | 0.0916318834199942 ± 0.0034246280394356773 | 1.7362884484446663 ± 0.014588201815239468 | 1.8699997398372863 ± 0.047096293749732676 | 0.7010444063832305
0.9 | 1.1 | 1 | 400 | 0.45517184743336214 ± 0.009591307252928838 | 0.0916318834199942 ± 0.0034246280394356773 | 1.7362884484446663 ± 0.014588201815239468 | 1.8699997398372863 ± 0.047096293749732676 | 0.7010444063832305
0.9 | 1.1 | 1 | 500 | 0.45517184743336214 ± 0.009591307252928838 | 0.0916318834199942 ± 0.0034246280394356773 | 1.7362884484446663 ± 0.014588201815239468 | 1.8699997398372863 ± 0.047096293749732676 | 0.7010444063832305
0.9 | 1.1 | 1 | 600 | 0.45517184743336214 ± 0.009591307252928838 | 0.0916318834199942 ± 0.0034246280394356773 | 1.7362884484446663 ± 0.014588201815239468 | 1.8699997398372863 ± 0.047096293749732676 | 0.7010444063832305
0.9 | 1.1 | 1 | 700 | 0.45517184743336214 ± 0.009591307252928838 | 0.0916318834199942 ± 0.0034246280394356773 | 1.7362884484446663 ± 0.014588201815239468 | 1.8699997398372863 ± 0.047096293749732676 | 0.7010444063832305
0.9 | 1.1 | 1 | 800 | 0.45517184743336214 ± 0.009591307252928838 | 0.0916318834199942 ± 0.0034246280394356773 | 1.7362884484446663 ± 0.014588201815239468 | 1.8699997398372863 ± 0.047096293749732676 | 0.7010444063832305
0.9 | 1.1 | 2 | 200 | 0.45515736829675735 ± 0.009566727804623115 | 0.0916267611928531 ± 0.0034158748645521262 | 1.7362670403931282 ± 0.014563634546544567 | 1.8699996279551017 ± 0.04693088279388968 | 0.7010444149620453
0.9 | 1.1 | 2 | 300 | 0.45515736829675735 ± 0.009566727804623115 | 0.0916267611928531 ± 0.0034158748645521262 | 1.7362670403931282 ± 0.014563634546544567 | 1.8699996279551017 ± 0.04693088279388968 | 0.7010444149620453
0.9 | 1.1 | 2 | 400 | 0.45515736829675735 ± 0.009566727804623115 | 0.0916267611928531 ± 0.0034158748645521262 | 1.7362670403931282 ± 0.014563634546544567 | 1.8699996279551017 ± 0.04693088279388968 | 0.7010444149620453
0.9 | 1.1 | 2 | 500 | 0.45515736829675735 ± 0.009566727804623115 | 0.0916267611928531 ± 0.0034158748645521262 | 1.7362670403931282 ± 0.014563634546544567 | 1.8699996279551017 ± 0.04693088279388968 | 0.7010444149620453
0.9 | 1.1 | 2 | 600 | 0.45515736829675735 ± 0.009566727804623115 | 0.0916267611928531 ± 0.0034158748645521262 | 1.7362670403931282 ± 0.014563634546544567 | 1.8699996279551017 ± 0.04693088279388968 | 0.7010444149620453
0.9 | 1.1 | 2 | 700 | 0.45515736829675735 ± 0.009566727804623115 | 0.0916267611928531 ± 0.0034158748645521262 | 1.7362670403931282 ± 0.014563634546544567 | 1.8699996279551017 ± 0.04693088279388968 | 0.7010444149620453
0.9 | 1.1 | 2 | 800 | 0.45515736829675735 ± 0.009566727804623115 | 0.0916267611928531 ± 0.0034158748645521262 | 1.7362670403931282 ± 0.014563634546544567 | 1.8699996279551017 ± 0.04693088279388968 | 0.7010444149620453
0.91 | 1.0899999999999999 | 0 | 300 | 0.4556676834879245 ± 0.00931722428775994 | 0.09185012924867131 ± 0.003327841873171284 | 1.7408469979528067 ± 0.01431806285198255 | 1.8529999461675761 ± 0.04613612419655844 | 0.709303531557995
0.91 | 1.0899999999999999 | 0 | 400 | 0.4556676834879245 ± 0.00931722428775994 | 0.09185012924867131 ± 0.003327841873171284 | 1.7408469979528067 ± 0.01431806285198255 | 1.8529999461675761 ± 0.04613612419655844 | 0.709303531557995
0.91 | 1.0899999999999999 | 0 | 500 | 0.4556676834879245 ± 0.00931722428775994 | 0.09185012924867131 ± 0.003327841873171284 | 1.7408469979528067 ± 0.01431806285198255 | 1.8529999461675761 ± 0.04613612419655844 | 0.709303531557995
0.91 | 1.0899999999999999 | 0 | 600 | 0.4556676834879245 ± 0.00931722428775994 | 0.09185012924867131 ± 0.003327841873171284 | 1.7408469979528067 ± 0.01431806285198255 | 1.8529999461675761 ± 0.04613612419655844 | 0.709303531557995
0.91 | 1.0899999999999999 | 0 | 700 | 0.4556676834879245 ± 0.00931722428775994 | 0.09185012924867131 ± 0.003327841873171284 | 1.7408469979528067 ± 0.01431806285198255 | 1.8529999461675761 ± 0.04613612419655844 | 0.709303531557995
0.91 | 1.0899999999999999 | 0 | 800 | 0.4556676834879245 ± 0.00931722428775994 | 0.09185012924867131 ± 0.003327841873171284 | 1.7408469979528067 ± 0.01431806285198255 | 1.8529999461675761 ± 0.04613612419655844 | 0.709303531557995
0.91 | 1.0899999999999999 | 1 | 300 | 0.4556676834879245 ± 0.009725041091237063 | 0.09185012924867131 ± 0.0034763404868963757 | 1.7408469979528067 ± 0.014791897414883074 | 1.8529999461675761 ± 0.04613493217405007 | 0.709303531557995
0.91 | 1.0899999999999999 | 1 | 400 | 0.4556676834879245 ± 0.009725041091237063 | 0.09185012924867131 ± 0.0034763404868963757 | 1.7408469979528067 ± 0.014791897414883074 | 1.8529999461675761 ± 0.04613493217405007 | 0.709303531557995
0.91 | 1.0899999999999999 | 1 | 500 | 0.4556676834879245 ± 0.009725041091237063 | 0.09185012924867131 ± 0.0034763404868963757 | 1.7408469979528067 ± 0.014791897414883074 | 1.8529999461675761 ± 0.04613493217405007 | 0.709303531557995
0.91 | 1.0899999999999999 | 1 | 600 | 0.4556676834879245 ± 0.009725041091237063 | 0.09185012924867131 ± 0.0034763404868963757 | 1.7408469979528067 ± 0.014791897414883074 | 1.8529999461675761 ± 0.04613493217405007 | 0.709303531557995
0.91 | 1.0899999999999999 | 1 | 700 | 0.4556676834879245 ± 0.009725041091237063 | 0.09185012924867131 ± 0.0034763404868963757 | 1.7408469979528067 ± 0.014791897414883074 | 1.8529999461675761 ± 0.04613493217405007 | 0.709303531557995
0.91 | 1.0899999999999999 | 1 | 800 | 0.4556676834879245 ± 0.009725041091237063 | 0.09185012924867131 ± 0.0034763404868963757 | 1.7408469979528067 ± 0.014791897414883074 | 1.8529999461675761 ± 0.04613493217405007 | 0.709303531557995
0.91 | 1.0899999999999999 | 2 | 200 | 0.45566674649241157 ± 0.009609397270963216 | 0.09184954890769532 ± 0.0034342096647779455 | 1.7408282687165593 ± 0.01465812984018505 | 1.8529991718420604 ± 0.04586207392187425 | 0.7093037900208249
0.91 | 1.0899999999999999 | 2 | 300 | 0.45566674649241157 ± 0.009609397270963216 | 0.09184954890769532 ± 0.0034342096647779455 | 1.7408282687165593 ± 0.01465812984018505 | 1.8529991718420604 ± 0.04586207392187425 | 0.7093037900208249
0.91 | 1.0899999999999999 | 2 | 400 | 0.45566674649241157 ± 0.009609397270963216 | 0.09184954890769532 ± 0.0034342096647779455 | 1.7408282687165593 ± 0.01465812984018505 | 1.8529991718420604 ± 0.04586207392187425 | 0.7093037900208249
0.91 | 1.0899999999999999 | 2 | 500 | 0.45566674649241157 ± 0.009609397270963216 | 0.09184954890769532 ± 0.0034342096647779455 | 1.7408282687165593 ± 0.01465812984018505 | 1.8529991718420604 ± 0.04586207392187425 | 0.7093037900208249
0.91 | 1.0899999999999999 | 2 | 600 | 0.45566674649241157 ± 0.009609397270963216 | 0.09184954890769532 ± 0.0034342096647779455 | 1.7408282687165593 ± 0.01465812984018505 | 1.8529991718420604 ± 0.04586207392187425 | 0.7093037900208249
0.91 | 1.0899999999999999 | 2 | 700 | 0.45566674649241157 ± 0.009609397270963216 | 0.09184954890769532 ± 0.0034342096647779455 | 1.7408282687165593 ± 0.01465812984018505 | 1.8529991718420604 ± 0.04586207392187425 | 0.7093037900208249
0.91 | 1.0899999999999999 | 2 | 800 | 0.45566674649241157 ± 0.009609397270963216 | 0.09184954890769532 ± 0.0034342096647779455 | 1.7408282687165593 ± 0.01465812984018505 | 1.8529991718420604 ± 0.04586207392187425 | 0.7093037900208249
0.92 | 1.08 | 0 | 300 | 0.4561521390284214 ± 0.009330085426081658 | 0.09206355661989277 ± 0.0033380979444039478 | 1.745345433189064 ± 0.014384196760471962 | 1.835999995375451 ± 0.0445376100172592 | 0.7177156532984438
0.92 | 1.08 | 0 | 400 | 0.4561521390284214 ± 0.009330085426081658 | 0.09206355661989277 ± 0.0033380979444039478 | 1.745345433189064 ± 0.014384196760471962 | 1.835999995375451 ± 0.0445376100172592 | 0.7177156532984438
0.92 | 1.08 | 0 | 500 | 0.4561521390284214 ± 0.009330085426081658 | 0.09206355661989277 ± 0.0033380979444039478 | 1.745345433189064 ± 0.014384196760471962 | 1.835999995375451 ± 0.0445376100172592 | 0.7177156532984438
0.92 | 1.08 | 0 | 600 | 0.4561521390284214 ± 0.009330085426081658 | 0.09206355661989277 ± 0.0033380979444039478 | 1.745345433189064 ± 0.014384196760471962 | 1.835999995375451 ± 0.0445376100172592 | 0.7177156532984438
0.92 | 1.08 | 0 | 700 | 0.4561521390284214 ± 0.009330085426081658 | 0.09206355661989277 ± 0.0033380979444039478 | 1.745345433189064 ± 0.014384196760471962 | 1.835999995375451 ± 0.0445376100172592 | 0.7177156532984438
0.92 | 1.08 | 0 | 800 | 0.4561521390284214 ± 0.009330085426081658 | 0.09206355661989277 ± 0.0033380979444039478 | 1.745345433189064 ± 0.014384196760471962 | 1.835999995375451 ± 0.0445376100172592 | 0.7177156532984438
0.92 | 1.08 | 1 | 300 | 0.4561521390284214 ± 0.00970497434055373 | 0.09206355661989277 ± 0.0034756595170264263 | 1.745345433189064 ± 0.014822688534822727 | 1.835999995375451 ± 0.044537276344146615 | 0.7177156532984438
0.92 | 1.08 | 1 | 400 | 0.4561521390284214 ± 0.00970497434055373 | 0.09206355661989277 ± 0.0034756595170264263 | 1.745345433189064 ± 0.014822688534822727 | 1.835999995375451 ± 0.044537276344146615 | 0.7177156532984438
0.92 | 1.08 | 1 | 500 | 0.4561521390284214 ± 0.00970497434055373 | 0.09206355661989277 ± 0.0034756595170264263 | 1.745345433189064 ± 0.014822688534822727 | 1.835999995375451 ± 0.044537276344146615 | 0.7177156532984438
0.92 | 1.08 | 1 | 600 | 0.4561521390284214 ± 0.00970497434055373 | 0.09206355661989277 ± 0.0034756595170264263 | 1.745345433189064 ± 0.014822688534822727 | 1.835999995375451 ± 0.044537276344146615 | 0.7177156532984438
0.92 | 1.08 | 1 | 700 | 0.4561521390284214 ± 0.00970497434055373 | 0.09206355661989277 ± 0.0034756595170264263 | 1.745345433189064 ± 0.014822688534822727 | 1.835999995375451 ± 0.044537276344146615 | 0.7177156532984438
0.92 | 1.08 | 1 | 800 | 0.4561521390284214 ± 0.00970497434055373 | 0.09206355661989277 ± 0.0034756595170264263 | 1.745345433189064 ± 0.014822688534822727 | 1.835999995375451 ± 0.044537276344146615 | 0.7177156532984438
0.92 | 1.08 | 2 | 200 | 0.4561773141666087 ± 0.009323460920009269 | 0.09207263781059391 ± 0.003335503402822067 | 1.7453934437331116 ± 0.014375733987784217 | 1.835999999992523 ± 0.044837376744317314 | 0.7177153703730873
0.92 | 1.08 | 2 | 300 | 0.4561773141666087 ± 0.009537732266133914 | 0.09207263781059391 ± 0.0034140823410418078 | 1.7453934437331116 ± 0.014626523374233254 | 1.835999999992523 ± 0.04483743042685173 | 0.7177153703730873
0.92 | 1.08 | 2 | 400 | 0.4561773141666087 ± 0.009537732266133914 | 0.09207263781059391 ± 0.0034140823410418078 | 1.7453934437331116 ± 0.014626523374233254 | 1.835999999992523 ± 0.04483743042685173 | 0.7177153703730873
0.92 | 1.08 | 2 | 500 | 0.4561773141666087 ± 0.009537732266133914 | 0.09207263781059391 ± 0.0034140823410418078 | 1.7453934437331116 ± 0.014626523374233254 | 1.835999999992523 ± 0.04483743042685173 | 0.7177153703730873
0.92 | 1.08 | 2 | 600 | 0.4561773141666087 ± 0.009537732266133914 | 0.09207263781059391 ± 0.0034140823410418078 | 1.7453934437331116 ± 0.014626523374233254 | 1.835999999992523 ± 0.04483743042685173 | 0.7177153703730873
0.92 | 1.08 | 2 | 700 | 0.4561773141666087 ± 0.009537732266133914 | 0.09207263781059391 ± 0.0034140823410418078 | 1.7453934437331116 ± 0.014626523374233254 | 1.835999999992523 ± 0.04483743042685173 | 0.7177153703730873
0.92 | 1.08 | 2 | 800 | 0.4561773141666087 ± 0.009537732266133914 | 0.09207263781059391 ± 0.0034140823410418078 | 1.7453934437331116 ± 0.014626523374233254 | 1.835999999992523 ± 0.04483743042685173 | 0.7177153703730873
0.93 | 1.0699999999999998 | 0 | 300 | 0.4566790417281332 ± 0.009292825330243504 | 0.09229242821420318 ± 0.003335086804956285 | 1.7499443000224126 ± 0.014407839273098506 | 1.818999999208372 ± 0.04371596916730036 | 0.7262810463003919
0.93 | 1.0699999999999998 | 0 | 400 | 0.4566790417281332 ± 0.009292825330243504 | 0.09229242821420318 ± 0.003335086804956285 | 1.7499443000224126 ± 0.014407839273098506 | 1.818999999208372 ± 0.04371596916730036 | 0.7262810463003919
0.93 | 1.0699999999999998 | 0 | 500 | 0.4566790417281332 ± 0.009292825330243504 | 0.09229242821420318 ± 0.003335086804956285 | 1.7499443000224126 ± 0.014407839273098506 | 1.818999999208372 ± 0.04371596916730036 | 0.7262810463003919
0.93 | 1.0699999999999998 | 0 | 600 | 0.4566790417281332 ± 0.009292825330243504 | 0.09229242821420318 ± 0.003335086804956285 | 1.7499443000224126 ± 0.014407839273098506 | 1.818999999208372 ± 0.04371596916730036 | 0.7262810463003919
0.93 | 1.0699999999999998 | 0 | 700 | 0.4566790417281332 ± 0.009292825330243504 | 0.09229242821420318 ± 0.003335086804956285 | 1.7499443000224126 ± 0.014407839273098506 | 1.818999999208372 ± 0.04371596916730036 | 0.7262810463003919
0.93 | 1.0699999999999998 | 0 | 800 | 0.4566790417281332 ± 0.009292825330243504 | 0.09229242821420318 ± 0.003335086804956285 | 1.7499443000224126 ± 0.014407839273098506 | 1.818999999208372 ± 0.04371596916730036 | 0.7262810463003919
0.93 | 1.0699999999999998 | 1 | 300 | 0.4566790417281332 ± 0.009743149402365592 | 0.09229242821420318 ± 0.0035025029385619753 | 1.7499443000224126 ± 0.014942065584470804 | 1.818999999208372 ± 0.04371593074327362 | 0.7262810463003919
0.93 | 1.0699999999999998 | 1 | 400 | 0.4566790417281332 ± 0.009743149402365592 | 0.09229242821420318 ± 0.0035025029385619753 | 1.7499443000224126 ± 0.014942065584470804 | 1.818999999208372 ± 0.04371593074327362 | 0.7262810463003919
0.93 | 1.0699999999999998 | 1 | 500 | 0.4566790417281332 ± 0.009743149402365592 | 0.09229242821420318 ± 0.0035025029385619753 | 1.7499443000224126 ± 0.014942065584470804 | 1.818999999208372 ± 0.04371593074327362 | 0.7262810463003919
0.93 | 1.0699999999999998 | 1 | 600 | 0.4566790417281332 ± 0.009743149402365592 | 0.09229242821420318 ± 0.0035025029385619753 | 1.7499443000224126 ± 0.014942065584470804 | 1.818999999208372 ± 0.04371593074327362 | 0.7262810463003919
0.93 | 1.0699999999999998 | 1 | 700 | 0.4566790417281332 ± 0.009743149402365592 | 0.09229242821420318 ± 0.0035025029385619753 | 1.7499443000224126 ± 0.014942065584470804 | 1.818999999208372 ± 0.04371593074327362 | 0.7262810463003919
0.93 | 1.0699999999999998 | 1 | 800 | 0.4566790417281332 ± 0.009743149402365592 | 0.09229242821420318 ± 0.0035025029385619753 | 1.7499443000224126 ± 0.014942065584470804 | 1.818999999208372 ± 0.04371593074327362 | 0.7262810463003919
0.93 | 1.0699999999999998 | 2 | 200 | 0.45668455038263994 ± 0.009262721580745814 | 0.09229440153489792 ± 0.0033238799057948415 | 1.7499530675524473 ± 0.014371339018598748 | 1.818999999995685 ± 0.04372360310222989 | 0.7262810325530031
0.93 | 1.0699999999999998 | 2 | 300 | 0.45668455038263994 ± 0.009623815435809535 | 0.09229440153489792 ± 0.0034579936520758 | 1.7499530675524473 ± 0.014797830497601413 | 1.818999999995685 ± 0.043723608220833876 | 0.7262810325530031
0.93 | 1.0699999999999998 | 2 | 400 | 0.45668455038263994 ± 0.009623815435809535 | 0.09229440153489792 ± 0.0034579936520758 | 1.7499530675524473 ± 0.014797830497601413 | 1.818999999995685 ± 0.043723608220833876 | 0.7262810325530031
0.93 | 1.0699999999999998 | 2 | 500 | 0.45668455038263994 ± 0.009623815435809535 | 0.09229440153489792 ± 0.0034579936520758 | 1.7499530675524473 ± 0.014797830497601413 | 1.818999999995685 ± 0.043723608220833876 | 0.7262810325530031
0.93 | 1.0699999999999998 | 2 | 600 | 0.45668455038263994 ± 0.009623815435809535 | 0.09229440153489792 ± 0.0034579936520758 | 1.7499530675524473 ± 0.014797830497601413 | 1.818999999995685 ± 0.043723608220833876 | 0.7262810325530031
0.93 | 1.0699999999999998 | 2 | 700 | 0.45668455038263994 ± 0.009623815435809535 | 0.09229440153489792 ± 0.0034579936520758 | 1.7499530675524473 ± 0.014797830497601413 | 1.818999999995685 ± 0.043723608220833876 | 0.7262810325530031
0.93 | 1.0699999999999998 | 2 | 800 | 0.45668455038263994 ± 0.009623815435809535 | 0.09229440153489792 ± 0.0034579936520758 | 1.7499530675524473 ± 0.014797830497601413 | 1.818999999995685 ± 0.043723608220833876 | 0.7262810325530031
0.94 | 1.06 | 0 | 300 | 0.45718426009086566 ± 0.009185769147503076 | 0.09251342534270128 ± 0.003316429184304423 | 1.7545071683621944 ± 0.014380902138598193 | 1.8019999973151481 ± 0.04261799723746584 | 0.7350012185907515
0.94 | 1.06 | 0 | 400 | 0.45718426009086566 ± 0.009185769147503076 | 0.09251342534270128 ± 0.003316429184304423 | 1.7545071683621944 ± 0.014380902138598193 | 1.8019999973151481 ± 0.04261799723746584 | 0.7350012185907515
0.94 | 1.06 | 0 | 500 | 0.45718426009086566 ± 0.009185769147503076 | 0.09251342534270128 ± 0.003316429184304423 | 1.7545071683621944 ± 0.014380902138598193 | 1.8019999973151481 ± 0.04261799723746584 | 0.7350012185907515
0.94 | 1.06 | 0 | 600 | 0.45718426009086566 ± 0.009185769147503076 | 0.09251342534270128 ± 0.003316429184304423 | 1.7545071683621944 ± 0.014380902138598193 | 1.8019999973151481 ± 0.04261799723746584 | 0.7350012185907515
0.94 | 1.06 | 0 | 700 | 0.45718426009086566 ± 0.009185769147503076 | 0.09251342534270128 ± 0.003316429184304423 | 1.7545071683621944 ± 0.014380902138598193 | 1.8019999973151481 ± 0.04261799723746584 | 0.7350012185907515
0.94 | 1.06 | 0 | 800 | 0.45718426009086566 ± 0.009185769147503076 | 0.09251342534270128 ± 0.003316429184304423 | 1.7545071683621944 ± 0.014380902138598193 | 1.8019999973151481 ± 0.04261799723746584 | 0.7350012185907515
0.94 | 1.06 | 1 | 300 | 0.45718426009086566 ± 0.009516878064793566 | 0.09251342534270128 ± 0.0034422247112768528 | 1.7545071683621944 ± 0.014785028751103943 | 1.8019999973151481 ± 0.04261767658323756 | 0.7350012185907515
0.94 | 1.06 | 1 | 400 | 0.45718426009086566 ± 0.009516878064793566 | 0.09251342534270128 ± 0.0034422247112768528 | 1.7545071683621944 ± 0.014785028751103943 | 1.8019999973151481 ± 0.04261767658323756 | 0.7350012185907515
0.94 | 1.06 | 1 | 500 | 0.45718426009086566 ± 0.009516878064793566 | 0.09251342534270128 ± 0.0034422247112768528 | 1.7545071683621944 ± 0.014785028751103943 | 1.8019999973151481 ± 0.04261767658323756 | 0.7350012185907515
0.94 | 1.06 | 1 | 600 | 0.45718426009086566 ± 0.009516878064793566 | 0.09251342534270128 ± 0.0034422247112768528 | 1.7545071683621944 ± 0.014785028751103943 | 1.8019999973151481 ± 0.04261767658323756 | 0.7350012185907515
0.94 | 1.06 | 1 | 700 | 0.45718426009086566 ± 0.009516878064793566 | 0.09251342534270128 ± 0.0034422247112768528 | 1.7545071683621944 ± 0.014785028751103943 | 1.8019999973151481 ± 0.04261767658323756 | 0.7350012185907515
0.94 | 1.06 | 1 | 800 | 0.45718426009086566 ± 0.009516878064793566 | 0.09251342534270128 ± 0.0034422247112768528 | 1.7545071683621944 ± 0.014785028751103943 | 1.8019999973151481 ± 0.04261767658323756 | 0.7350012185907515
0.94 | 1.06 | 2 | 200 | 0.4571918024642758 ± 0.009146215143259834 | 0.09251604365593454 ± 0.003301402789054868 | 1.7545133174226224 ± 0.014331883120518854 | 1.8019999999994107 ± 0.042543694044233527 | 0.735001194140858
0.94 | 1.06 | 2 | 300 | 0.4571918024642758 ± 0.009485340272340603 | 0.09251604365593454 ± 0.0034301009652287313 | 1.7545133174226224 ± 0.014741021730134283 | 1.8019999999994107 ± 0.042543695095946354 | 0.735001194140858
0.94 | 1.06 | 2 | 400 | 0.4571918024642758 ± 0.009485340272340603 | 0.09251604365593454 ± 0.0034301009652287313 | 1.7545133174226224 ± 0.014741021730134283 | 1.8019999999994107 ± 0.042543695095946354 | 0.735001194140858
0.94 | 1.06 | 2 | 500 | 0.4571918024642758 ± 0.009485340272340603 | 0.09251604365593454 ± 0.0034301009652287313 | 1.7545133174226224 ± 0.014741021730134283 | 1.8019999999994107 ± 0.042543695095946354 | 0.735001194140858
0.94 | 1.06 | 2 | 600 | 0.4571918024642758 ± 0.009485340272340603 | 0.09251604365593454 ± 0.0034301009652287313 | 1.7545133174226224 ± 0.014741021730134283 | 1.8019999999994107 ± 0.042543695095946354 | 0.735001194140858
0.94 | 1.06 | 2 | 700 | 0.4571918024642758 ± 0.009485340272340603 | 0.09251604365593454 ± 0.0034301009652287313 | 1.7545133174226224 ± 0.014741021730134283 | 1.8019999999994107 ± 0.042543695095946354 | 0.735001194140858
0.94 | 1.06 | 2 | 800 | 0.4571918024642758 ± 0.009485340272340603 | 0.09251604365593454 ± 0.0034301009652287313 | 1.7545133174226224 ± 0.014741021730134283 | 1.8019999999994107 ± 0.042543695095946354 | 0.735001194140858
0.95 | 1.05 | 0 | 300 | 0.4576981622260491 ± 0.008813769638785246 | 0.09273730273666503 ± 0.003217645913876745 | 1.759075699347053 ± 0.014093145074034735 | 1.7849999986931244 ± 0.1056146009863067 | 0.7438767111710861
0.95 | 1.05 | 0 | 400 | 0.4576981622260491 ± 0.008813769638785246 | 0.09273730273666503 ± 0.003217645913876745 | 1.759075699347053 ± 0.014093145074034735 | 1.7849999986931244 ± 0.1056146009863067 | 0.7438767111710861
0.95 | 1.05 | 0 | 500 | 0.4576981622260491 ± 0.008813769638785246 | 0.09273730273666503 ± 0.003217645913876745 | 1.759075699347053 ± 0.014093145074034735 | 1.7849999986931244 ± 0.1056146009863067 | 0.7438767111710861
0.95 | 1.05 | 0 | 600 | 0.4576981622260491 ± 0.008813769638785246 | 0.09273730273666503 ± 0.003217645913876745 | 1.759075699347053 ± 0.014093145074034735 | 1.7849999986931244 ± 0.1056146009863067 | 0.7438767111710861
0.95 | 1.05 | 0 | 700 | 0.4576981622260491 ± 0.008813769638785246 | 0.09273730273666503 ± 0.003217645913876745 | 1.759075699347053 ± 0.014093145074034735 | 1.7849999986931244 ± 0.1056146009863067 | 0.7438767111710861
0.95 | 1.05 | 0 | 800 | 0.4576981622260491 ± 0.008813769638785246 | 0.09273730273666503 ± 0.003217645913876745 | 1.759075699347053 ± 0.014093145074034735 | 1.7849999986931244 ± 0.1056146009863067 | 0.7438767111710861
0.95 | 1.05 | 1 | 300 | 0.457698162267613 ± 0.008807801991304376 | 0.09273730274619633 ± 0.0032152847422436226 | 1.7590756990634473 ± 0.014084760746257724 | 1.7849999986937417 ± 0.10561460155281166 | 0.743876711169001
0.95 | 1.05 | 1 | 400 | 0.457698162267613 ± 0.009247387716882521 | 0.09273730274619633 ± 0.0033893114355915206 | 1.7590756990634473 ± 0.014644326618365726 | 1.7849999986937417 ± 0.10561456466948171 | 0.743876711169001
0.95 | 1.05 | 1 | 500 | 0.457698162267613 ± 0.009247387716882521 | 0.09273730274619633 ± 0.0033893114355915206 | 1.7590756990634473 ± 0.014644326618365726 | 1.7849999986937417 ± 0.10561456466948171 | 0.743876711169001
0.95 | 1.05 | 1 | 600 | 0.457698162267613 ± 0.009247387716882521 | 0.09273730274619633 ± 0.0033893114355915206 | 1.7590756990634473 ± 0.014644326618365726 | 1.7849999986937417 ± 0.10561456466948171 | 0.743876711169001
0.95 | 1.05 | 1 | 700 | 0.457698162267613 ± 0.009247387716882521 | 0.09273730274619633 ± 0.0033893114355915206 | 1.7590756990634473 ± 0.014644326618365726 | 1.7849999986937417 ± 0.10561456466948171 | 0.743876711169001
0.95 | 1.05 | 1 | 800 | 0.457698162267613 ± 0.009247387716882521 | 0.09273730274619633 ± 0.0033893114355915206 | 1.7590756990634473 ± 0.014644326618365726 | 1.7849999986937417 ± 0.10561456466948171 | 0.743876711169001
0.95 | 1.05 | 2 | 300 | 0.4576945576706201 ± 0.008818073112374314 | 0.09273592564028349 ± 0.003219335392411269 | 1.7590626538465852 ± 0.014098427960857971 | 1.7849999999922377 ± 0.10555876450133506 | 0.7438767246660095
0.95 | 1.05 | 2 | 400 | 0.4576945576706201 ± 0.009205285678329733 | 0.09273592564028349 ± 0.003372552668545654 | 1.7590626538465852 ± 0.0145908868713757 | 1.7849999999922377 ± 0.10555877376587386 | 0.7438767246660095
0.95 | 1.05 | 2 | 500 | 0.4576945576706201 ± 0.009205285678329733 | 0.09273592564028349 ± 0.003372552668545654 | 1.7590626538465852 ± 0.0145908868713757 | 1.7849999999922377 ± 0.10555877376587386 | 0.7438767246660095
0.95 | 1.05 | 2 | 600 | 0.4576945576706201 ± 0.009205285678329733 | 0.09273592564028349 ± 0.003372552668545654 | 1.7590626538465852 ± 0.0145908868713757 | 1.7849999999922377 ± 0.10555877376587386 | 0.7438767246660095
0.95 | 1.05 | 2 | 700 | 0.4576945576706201 ± 0.009205285678329733 | 0.09273592564028349 ± 0.003372552668545654 | 1.7590626538465852 ± 0.0145908868713757 | 1.7849999999922377 ± 0.10555877376587386 | 0.7438767246660095
0.95 | 1.05 | 2 | 800 | 0.4576945576706201 ± 0.009205285678329733 | 0.09273592564028349 ± 0.003372552668545654 | 1.7590626538465852 ± 0.0145908868713757 | 1.7849999999922377 ± 0.10555877376587386 | 0.7438767246660095
0.96 | 1.04 | 0 | 400 | 0.45819010655701387 ± 0.00823200122762438 | 0.0929533427802597 ± 0.003095981689161622 | 1.7636196223737122 ± 0.013731170649263384 | 1.7679999956946095 ± 0.087867201273236 | 0.752908455011105
0.96 | 1.04 | 0 | 500 | 0.45819010655701387 ± 0.00823200122762438 | 0.0929533427802597 ± 0.003095981689161622 | 1.7636196223737122 ± 0.013731170649263384 | 1.7679999956946095 ± 0.087867201273236 | 0.752908455011105
0.96 | 1.04 | 0 | 600 | 0.45819010655701387 ± 0.00823200122762438 | 0.0929533427802597 ± 0.003095981689161622 | 1.7636196223737122 ± 0.013731170649263384 | 1.7679999956946095 ± 0.087867201273236 | 0.752908455011105
0.96 | 1.04 | 0 | 700 | 0.45819010655701387 ± 0.00823200122762438 | 0.0929533427802597 ± 0.003095981689161622 | 1.7636196223737122 ± 0.013731170649263384 | 1.7679999956946095 ± 0.087867201273236 | 0.752908455011105
0.96 | 1.04 | 0 | 800 | 0.45819010655701387 ± 0.00823200122762438 | 0.0929533427802597 ± 0.003095981689161622 | 1.7636196223737122 ± 0.013731170649263384 | 1.7679999956946095 ± 0.087867201273236 | 0.752908455011105
0.96 | 1.04 | 1 | 400 | 0.45819010655701387 ± 0.00823200122762438 | 0.0929533427802597 ± 0.003095981689161622 | 1.7636196223737122 ± 0.013731170649263384 | 1.7679999956946095 ± 0.087867201273236 | 0.752908455011105
0.96 | 1.04 | 1 | 500 | 0.45819010655701387 ± 0.00876519099996212 | 0.0929533427802597 ± 0.0033322018765236795 | 1.7636196223737122 ± 0.014492842413113362 | 1.7679999956946095 ± 0.08786705268992934 | 0.752908455011105
0.96 | 1.04 | 1 | 600 | 0.45819010655701387 ± 0.00876519099996212 | 0.0929533427802597 ± 0.0033322018765236795 | 1.7636196223737122 ± 0.014492842413113362 | 1.7679999956946095 ± 0.08786705268992934 | 0.752908455011105
0.96 | 1.04 | 1 | 700 | 0.45819010655701387 ± 0.00876519099996212 | 0.0929533427802597 ± 0.0033322018765236795 | 1.7636196223737122 ± 0.014492842413113362 | 1.7679999956946095 ± 0.08786705268992934 | 0.752908455011105
0.96 | 1.04 | 1 | 800 | 0.45819010655701387 ± 0.00876519099996212 | 0.0929533427802597 ± 0.0033322018765236795 | 1.7636196223737122 ± 0.014492842413113362 | 1.7679999956946095 ± 0.08786705268992934 | 0.752908455011105
0.96 | 1.04 | 2 | 400 | 0.45821052580444793 ± 0.00899651363672549 | 0.09296043065619182 ± 0.00343829087540997 | 1.7636411109219043 ± 0.014842941740047338 | 1.767999714379871 ± 0.08795199911639062 | 0.7529085353861522
0.96 | 1.04 | 2 | 500 | 0.45821052580444793 ± 0.00899651363672549 | 0.09296043065619182 ± 0.00343829087540997 | 1.7636411109219043 ± 0.014842941740047338 | 1.767999714379871 ± 0.08795199911639062 | 0.7529085353861522
0.96 | 1.04 | 2 | 600 | 0.45821052580444793 ± 0.00899651363672549 | 0.09296043065619182 ± 0.00343829087540997 | 1.7636411109219043 ± 0.014842941740047338 | 1.767999714379871 ± 0.08795199911639062 | 0.7529085353861522
0.96 | 1.04 | 2 | 700 | 0.45821052580444793 ± 0.00899651363672549 | 0.09296043065619182 ± 0.00343829087540997 | 1.7636411109219043 ± 0.014842941740047338 | 1.767999714379871 ± 0.08795199911639062 | 0.7529085353861522
0.96 | 1.04 | 2 | 800 | 0.45821052580444793 ± 0.00899651363672549 | 0.09296043065619182 ± 0.00343829087540997 | 1.7636411109219043 ± 0.014842941740047338 | 1.767999714379871 ± 0.08795199911639062 | 0.7529085353861522
0.97 | 1.03 | 0 | 600 | 0.45853433061760585 ± 0.004691562487634721 | 0.09311703812828893 ± 0.0018177270234677736 | 1.7679252633003535 ± 0.009961333933019293 | 1.7509998659087764 ± 0.06939243948129337 | 0.7621065450389714
0.97 | 1.03 | 0 | 700 | 0.4586832472316145 ± 0.005339091366959869 | 0.09316945800460892 ± 0.002187815406875675 | 1.7681432561177615 ± 0.01097753152551014 | 1.7509999887310461 ± 0.06970415106354211 | 0.7620974650840024
0.97 | 1.03 | 0 | 800 | 0.4586832472316145 ± 0.005339091366959869 | 0.09316945800460892 ± 0.002187815406875675 | 1.7681432561177615 ± 0.01097753152551014 | 1.7509999887310461 ± 0.06970415106354211 | 0.7620974650840024
0.97 | 1.03 | 1 | 600 | 0.45853433061760585 ± 0.004691562487634721 | 0.09311703812828893 ± 0.0018177270234677736 | 1.7679252633003535 ± 0.009961333933019293 | 1.7509998659087764 ± 0.06939243948129337 | 0.7621065450389714
0.97 | 1.03 | 1 | 700 | 0.4586832472316145 ± 0.019813860174824838 | 0.09316945800460892 ± 0.0026393595229673495 | 1.7681432561177615 ± 0.012311780062905522 | 1.7509999887310461 ± 0.0697039609548763 | 0.7620974650840024
0.97 | 1.03 | 1 | 800 | 0.4586832472316145 ± 0.019813860174824838 | 0.09316945800460892 ± 0.0026393595229673495 | 1.7681432561177615 ± 0.012311780062905522 | 1.7509999887310461 ± 0.0697039609548763 | 0.7620974650840024
0.97 | 1.03 | 2 | 500 | 0.4586274376466493 ± 0.004332979488648775 | 0.09315043499026815 ± 0.0016578325755075948 | 1.7680999152919346 ± 0.009553030098731001 | 1.7509999998776622 ± 0.06975731319827594 | 0.7621005351336111
0.97 | 1.03 | 2 | 600 | 0.45869620978142017 ± 0.01991921805796701 | 0.09317424429201364 ± 0.0026687247938585374 | 1.768179469155186 ± 0.012406021801317965 | 1.7509998626332361 ± 0.06979185083970452 | 0.76209729633822
0.97 | 1.03 | 2 | 700 | 0.45869620978142017 ± 0.01991921805796701 | 0.09317424429201364 ± 0.0026687247938585374 | 1.768179469155186 ± 0.012406021801317965 | 1.7509998626332361 ± 0.06979185083970452 | 0.76209729633822
0.97 | 1.03 | 2 | 800 | 0.45869620978142017 ± 0.01991921805796701 | 0.09317424429201364 ± 0.0026687247938585374 | 1.768179469155186 ± 0.012406021801317965 | 1.7509998626332361 ± 0.06979185083970452 | 0.76209729633822
0.98 | 1.02 | 0 | 800 | 0.45593983651429953 ± 0.012576392890514876 | 0.09224745489381721 ± 9.894778353963872e-05 | 1.7683924734532575 ± 0.007205500685550939 | 1.7339999662778414 ± 0.050140130059668664 | 0.7742001426964703
0.98 | 1.02 | 1 | 800 | 0.4559399619951511 ± 0.013337706993769044 | 0.09224735176402685 ± 9.689863614987928e-05 | 1.7683821955420302 ± 0.0072049836386296915 | 1.7339999270256714 ± 0.05015858225805703 | 0.7741999702375111
0.98 | 1.02 | 2 | 800 | 0.4559399027894845 ± 0.01191595680231372 | 0.09224742074910569 ± 9.800970313753301e-05 | 1.7683830762391124 ± 0.007205404424559355 | 1.7339998199157893 ± 0.05003366977825574 | 0.7742002854568053
0.99 | 1.01 | 0 | 600 | 0.451469955857757 ± 0.006428157481009056 | 0.09070634957710494 ± 9.642065966346216e-05 | 1.7662821667368558 ± 0.007200993079407837 | 1.7169999953351487 ± 0.029164971215657975 | 0.7987809140186886
0.99 | 1.01 | 0 | 700 | 0.451469955857757 ± 0.006428157481009056 | 0.09070634957710494 ± 9.642065966346216e-05 | 1.7662821667368558 ± 0.007200993079407837 | 1.7169999953351487 ± 0.029164971215657975 | 0.7987809140186886
0.99 | 1.01 | 0 | 800 | 0.451469955857757 ± 0.006428157481009056 | 0.09070634957710494 ± 9.642065966346216e-05 | 1.7662821667368558 ± 0.007200993079407837 | 1.7169999953351487 ± 0.029164971215657975 | 0.7987809140186886
0.99 | 1.01 | 1 | 500 | 0.4514693716311498 ± 0.00588338672342259 | 0.09070597294762194 ± 0.0001005948856842568 | 1.7662614014426625 ± 0.007201802313528884 | 1.7169999906321447 ± 0.029100919515810952 | 0.7987838232297888
0.99 | 1.01 | 1 | 600 | 0.4514699974939359 ± 0.0064522429036131534 | 0.09070627570895558 ± 9.623211475906821e-05 | 1.7662742930269089 ± 0.00720097883943805 | 1.716999999999982 ± 0.029137910938884404 | 0.7987807103466464
0.99 | 1.01 | 1 | 700 | 0.4514699974939359 ± 0.0064522429036131534 | 0.09070627570895558 ± 9.623211475906821e-05 | 1.7662742930269089 ± 0.00720097883943805 | 1.716999999999982 ± 0.029137910938884404 | 0.7987807103466464
0.99 | 1.01 | 1 | 800 | 0.4514699974939359 ± 0.0064522429036131534 | 0.09070627570895558 ± 9.623211475906821e-05 | 1.7662742930269089 ± 0.00720097883943805 | 1.716999999999982 ± 0.029137910938884404 | 0.7987807103466464
0.99 | 1.01 | 2 | 600 | 0.45146998510185077 ± 0.006405903437213228 | 0.09070618555896773 ± 9.622806000145832e-05 | 1.7662676656697345 ± 0.007200963771300736 | 1.7169999947489096 ± 0.029128728596665265 | 0.7987807868534205
0.99 | 1.01 | 2 | 700 | 0.45146998510185077 ± 0.005544796170610572 | 0.09070618555896773 ± 0.00010741679255943677 | 1.7662676656697345 ± 0.0072032630938680675 | 1.7169999947489096 ± 0.029128722969454235 | 0.7987807868534205
0.99 | 1.01 | 2 | 800 | 0.45146998510185077 ± 0.005544796170610572 | 0.09070618555896773 ± 0.00010741679255943677 | 1.7662676656697345 ± 0.0072032630938680675 | 1.7169999947489096 ± 0.029128722969454235 | 0.7987807868534205
