Otimização para log em ATLAS - Limites: eps_0_mg_0_a1_1_a2_0
Configuração: down | up | strategy | tol | migrad | mg ± error | eps ± error | a1 ± error | a2 ± error | χ²/ndof
======================================================================================================================================================
0.95 | 1.05 | 0 | 5e+00 | 300 | 0.351464 ± 0.000425 | 0.071535 ± 0.005164 | 1.697128 ± 0.033662 | 2.624998 ± 0.151091 | 0.419622
0.95 | 1.05 | 0 | 1e+00 | 300 | 0.351463 ± 0.000410 | 0.071535 ± 0.005069 | 1.697114 ± 0.033655 | 2.625000 ± 0.143667 | 0.419605
0.95 | 1.05 | 0 | 1e-01 | 300 | 0.351461 ± 0.000410 | 0.071535 ± 0.004662 | 1.696664 ± 0.033650 | 2.625000 ± 0.125579 | 0.419574
0.95 | 1.05 | 0 | 1e-02 | 300 | 0.351461 ± 0.000410 | 0.071535 ± 0.004662 | 1.696664 ± 0.033650 | 2.625000 ± 0.125579 | 0.419574
0.95 | 1.05 | 0 | 5e+00 | 400 | 0.351464 ± 0.000425 | 0.071535 ± 0.005164 | 1.697128 ± 0.033662 | 2.624998 ± 0.151091 | 0.419622
0.95 | 1.05 | 0 | 1e+00 | 400 | 0.351463 ± 0.000410 | 0.071535 ± 0.005069 | 1.697114 ± 0.033655 | 2.625000 ± 0.143667 | 0.419605
0.95 | 1.05 | 0 | 1e-01 | 400 | 0.351461 ± 0.000410 | 0.071535 ± 0.004662 | 1.696664 ± 0.033650 | 2.625000 ± 0.125579 | 0.419574
0.95 | 1.05 | 0 | 1e-02 | 400 | 0.351461 ± 0.000410 | 0.071535 ± 0.004662 | 1.696664 ± 0.033650 | 2.625000 ± 0.125579 | 0.419574
0.95 | 1.05 | 0 | 5e+00 | 500 | 0.351464 ± 0.000425 | 0.071535 ± 0.005164 | 1.697128 ± 0.033662 | 2.624998 ± 0.151091 | 0.419622
0.95 | 1.05 | 0 | 1e+00 | 500 | 0.351463 ± 0.000410 | 0.071535 ± 0.005069 | 1.697114 ± 0.033655 | 2.625000 ± 0.143667 | 0.419605
0.95 | 1.05 | 0 | 1e-01 | 500 | 0.351461 ± 0.000410 | 0.071535 ± 0.004662 | 1.696664 ± 0.033650 | 2.625000 ± 0.125579 | 0.419574
0.95 | 1.05 | 0 | 1e-02 | 500 | 0.351461 ± 0.000410 | 0.071535 ± 0.004662 | 1.696664 ± 0.033650 | 2.625000 ± 0.125579 | 0.419574
0.95 | 1.05 | 0 | 5e+00 | 600 | 0.351464 ± 0.000425 | 0.071535 ± 0.005164 | 1.697128 ± 0.033662 | 2.624998 ± 0.151091 | 0.419622
0.95 | 1.05 | 0 | 1e+00 | 600 | 0.351463 ± 0.000410 | 0.071535 ± 0.005069 | 1.697114 ± 0.033655 | 2.625000 ± 0.143667 | 0.419605
0.95 | 1.05 | 0 | 1e-01 | 600 | 0.351461 ± 0.000410 | 0.071535 ± 0.004662 | 1.696664 ± 0.033650 | 2.625000 ± 0.125579 | 0.419574
0.95 | 1.05 | 0 | 1e-02 | 600 | 0.351461 ± 0.000410 | 0.071535 ± 0.004662 | 1.696664 ± 0.033650 | 2.625000 ± 0.125579 | 0.419574
0.95 | 1.05 | 0 | 5e+00 | 700 | 0.351464 ± 0.000425 | 0.071535 ± 0.005164 | 1.697128 ± 0.033662 | 2.624998 ± 0.151091 | 0.419622
0.95 | 1.05 | 0 | 1e+00 | 700 | 0.351463 ± 0.000410 | 0.071535 ± 0.005069 | 1.697114 ± 0.033655 | 2.625000 ± 0.143667 | 0.419605
0.95 | 1.05 | 0 | 1e-01 | 700 | 0.351461 ± 0.000410 | 0.071535 ± 0.004662 | 1.696664 ± 0.033650 | 2.625000 ± 0.125579 | 0.419574
0.95 | 1.05 | 0 | 1e-02 | 700 | 0.351461 ± 0.000410 | 0.071535 ± 0.004662 | 1.696664 ± 0.033650 | 2.625000 ± 0.125579 | 0.419574
0.95 | 1.05 | 0 | 5e+00 | 800 | 0.351464 ± 0.000425 | 0.071535 ± 0.005164 | 1.697128 ± 0.033662 | 2.624998 ± 0.151091 | 0.419622
0.95 | 1.05 | 0 | 1e+00 | 800 | 0.351463 ± 0.000410 | 0.071535 ± 0.005069 | 1.697114 ± 0.033655 | 2.625000 ± 0.143667 | 0.419605
0.95 | 1.05 | 0 | 1e-01 | 800 | 0.351461 ± 0.000410 | 0.071535 ± 0.004662 | 1.696664 ± 0.033650 | 2.625000 ± 0.125579 | 0.419574
0.95 | 1.05 | 0 | 1e-02 | 800 | 0.351461 ± 0.000410 | 0.071535 ± 0.004662 | 1.696664 ± 0.033650 | 2.625000 ± 0.125579 | 0.419574
0.95 | 1.05 | 2 | 5e+00 | 400 | 0.351436 ± 0.001223 | 0.071537 ± 0.001452 | 1.697475 ± 0.052518 | 2.618341 ± 0.201054 | 0.419832
0.95 | 1.05 | 2 | 1e+00 | 400 | 0.351466 ± 0.000541 | 0.071537 ± 0.004627 | 1.696204 ± 0.034910 | 2.624258 ± 0.140579 | 0.419683
0.95 | 1.05 | 2 | 1e-01 | 400 | 0.351455 ± 0.000550 | 0.071535 ± 0.001592 | 1.697019 ± 0.036012 | 2.624359 ± 0.212798 | 0.419604
0.95 | 1.05 | 2 | 5e+00 | 500 | 0.351478 ± 0.000566 | 0.071538 ± 0.004980 | 1.695865 ± 0.033663 | 2.624991 ± 0.205599 | 0.419763
0.95 | 1.05 | 2 | 1e+00 | 500 | 0.351463 ± 0.000418 | 0.071535 ± 0.001669 | 1.696228 ± 0.033653 | 2.624995 ± 0.126193 | 0.419594
0.95 | 1.05 | 2 | 1e-01 | 500 | 0.351461 ± 0.000412 | 0.071535 ± 0.004640 | 1.696627 ± 0.033667 | 2.624991 ± 0.126112 | 0.419575
0.95 | 1.05 | 2 | 1e-02 | 500 | 0.351461 ± 0.000412 | 0.071535 ± 0.004640 | 1.696627 ± 0.033667 | 2.624991 ± 0.126112 | 0.419575
0.95 | 1.05 | 2 | 5e+00 | 600 | 0.351478 ± 0.000567 | 0.071538 ± 0.004980 | 1.695865 ± 0.033663 | 2.624991 ± 0.205586 | 0.419764
0.95 | 1.05 | 2 | 1e+00 | 600 | 0.351472 ± 0.000422 | 0.071535 ± 0.005106 | 1.695920 ± 0.033649 | 2.624996 ± 0.207913 | 0.419640
0.95 | 1.05 | 2 | 1e-01 | 600 | 0.351460 ± 0.000410 | 0.071535 ± 0.004637 | 1.696670 ± 0.033648 | 2.625000 ± 0.128185 | 0.419574
0.95 | 1.05 | 2 | 1e-02 | 600 | 0.351460 ± 0.000410 | 0.071535 ± 0.004637 | 1.696670 ± 0.033648 | 2.625000 ± 0.128185 | 0.419574
0.95 | 1.05 | 2 | 5e+00 | 700 | 0.351478 ± 0.000567 | 0.071538 ± 0.004980 | 1.695865 ± 0.033663 | 2.624991 ± 0.205586 | 0.419764
0.95 | 1.05 | 2 | 1e+00 | 700 | 0.351472 ± 0.000422 | 0.071535 ± 0.005106 | 1.695920 ± 0.033649 | 2.624996 ± 0.207913 | 0.419640
0.95 | 1.05 | 2 | 1e-01 | 700 | 0.351460 ± 0.000410 | 0.071535 ± 0.004637 | 1.696670 ± 0.033648 | 2.625000 ± 0.128185 | 0.419574
0.95 | 1.05 | 2 | 1e-02 | 700 | 0.351460 ± 0.000410 | 0.071535 ± 0.004637 | 1.696670 ± 0.033648 | 2.625000 ± 0.128185 | 0.419574
0.95 | 1.05 | 2 | 5e+00 | 800 | 0.351478 ± 0.000567 | 0.071538 ± 0.004980 | 1.695865 ± 0.033663 | 2.624991 ± 0.205586 | 0.419764
0.95 | 1.05 | 2 | 1e+00 | 800 | 0.351472 ± 0.000422 | 0.071535 ± 0.005106 | 1.695920 ± 0.033649 | 2.624996 ± 0.207913 | 0.419640
0.95 | 1.05 | 2 | 1e-01 | 800 | 0.351460 ± 0.000410 | 0.071535 ± 0.004637 | 1.696670 ± 0.033648 | 2.625000 ± 0.128185 | 0.419574
0.95 | 1.05 | 2 | 1e-02 | 800 | 0.351460 ± 0.000410 | 0.071535 ± 0.004637 | 1.696670 ± 0.033648 | 2.625000 ± 0.128185 | 0.419574
0.96 | 1.04 | 0 | 5e+00 | 300 | 0.352835 ± 0.000415 | 0.072288 ± 0.004250 | 1.703220 ± 0.033670 | 2.599997 ± 0.105737 | 0.449607
0.96 | 1.04 | 0 | 1e+00 | 300 | 0.352835 ± 0.000414 | 0.072288 ± 0.004233 | 1.703196 ± 0.033660 | 2.600000 ± 0.105406 | 0.449605
0.96 | 1.04 | 0 | 1e-01 | 300 | 0.352832 ± 0.000412 | 0.072288 ± 0.003826 | 1.702764 ± 0.033653 | 2.600000 ± 0.114230 | 0.449568
0.96 | 1.04 | 0 | 1e-02 | 300 | 0.352832 ± 0.000412 | 0.072288 ± 0.003826 | 1.702764 ± 0.033653 | 2.600000 ± 0.114230 | 0.449568
0.96 | 1.04 | 0 | 5e+00 | 400 | 0.352835 ± 0.000415 | 0.072288 ± 0.004250 | 1.703220 ± 0.033670 | 2.599997 ± 0.105737 | 0.449607
0.96 | 1.04 | 0 | 1e+00 | 400 | 0.352835 ± 0.000414 | 0.072288 ± 0.004233 | 1.703196 ± 0.033660 | 2.600000 ± 0.105406 | 0.449605
0.96 | 1.04 | 0 | 1e-01 | 400 | 0.352832 ± 0.000412 | 0.072288 ± 0.003826 | 1.702764 ± 0.033653 | 2.600000 ± 0.114230 | 0.449568
0.96 | 1.04 | 0 | 1e-02 | 400 | 0.352832 ± 0.000412 | 0.072288 ± 0.003826 | 1.702764 ± 0.033653 | 2.600000 ± 0.114230 | 0.449568
0.96 | 1.04 | 0 | 5e+00 | 500 | 0.352835 ± 0.000415 | 0.072288 ± 0.004250 | 1.703220 ± 0.033670 | 2.599997 ± 0.105737 | 0.449607
0.96 | 1.04 | 0 | 1e+00 | 500 | 0.352835 ± 0.000414 | 0.072288 ± 0.004233 | 1.703196 ± 0.033660 | 2.600000 ± 0.105406 | 0.449605
0.96 | 1.04 | 0 | 1e-01 | 500 | 0.352832 ± 0.000412 | 0.072288 ± 0.003826 | 1.702764 ± 0.033653 | 2.600000 ± 0.114230 | 0.449568
0.96 | 1.04 | 0 | 1e-02 | 500 | 0.352832 ± 0.000412 | 0.072288 ± 0.003826 | 1.702764 ± 0.033653 | 2.600000 ± 0.114230 | 0.449568
0.96 | 1.04 | 0 | 5e+00 | 600 | 0.352835 ± 0.000415 | 0.072288 ± 0.004250 | 1.703220 ± 0.033670 | 2.599997 ± 0.105737 | 0.449607
0.96 | 1.04 | 0 | 1e+00 | 600 | 0.352835 ± 0.000414 | 0.072288 ± 0.004233 | 1.703196 ± 0.033660 | 2.600000 ± 0.105406 | 0.449605
0.96 | 1.04 | 0 | 1e-01 | 600 | 0.352832 ± 0.000412 | 0.072288 ± 0.003826 | 1.702764 ± 0.033653 | 2.600000 ± 0.114230 | 0.449568
0.96 | 1.04 | 0 | 1e-02 | 600 | 0.352832 ± 0.000412 | 0.072288 ± 0.003826 | 1.702764 ± 0.033653 | 2.600000 ± 0.114230 | 0.449568
0.96 | 1.04 | 0 | 5e+00 | 700 | 0.352835 ± 0.000415 | 0.072288 ± 0.004250 | 1.703220 ± 0.033670 | 2.599997 ± 0.105737 | 0.449607
0.96 | 1.04 | 0 | 1e+00 | 700 | 0.352835 ± 0.000414 | 0.072288 ± 0.004233 | 1.703196 ± 0.033660 | 2.600000 ± 0.105406 | 0.449605
0.96 | 1.04 | 0 | 1e-01 | 700 | 0.352832 ± 0.000412 | 0.072288 ± 0.003826 | 1.702764 ± 0.033653 | 2.600000 ± 0.114230 | 0.449568
0.96 | 1.04 | 0 | 1e-02 | 700 | 0.352832 ± 0.000412 | 0.072288 ± 0.003826 | 1.702764 ± 0.033653 | 2.600000 ± 0.114230 | 0.449568
0.96 | 1.04 | 0 | 5e+00 | 800 | 0.352835 ± 0.000415 | 0.072288 ± 0.004250 | 1.703220 ± 0.033670 | 2.599997 ± 0.105737 | 0.449607
0.96 | 1.04 | 0 | 1e+00 | 800 | 0.352835 ± 0.000414 | 0.072288 ± 0.004233 | 1.703196 ± 0.033660 | 2.600000 ± 0.105406 | 0.449605
0.96 | 1.04 | 0 | 1e-01 | 800 | 0.352832 ± 0.000412 | 0.072288 ± 0.003826 | 1.702764 ± 0.033653 | 2.600000 ± 0.114230 | 0.449568
0.96 | 1.04 | 0 | 1e-02 | 800 | 0.352832 ± 0.000412 | 0.072288 ± 0.003826 | 1.702764 ± 0.033653 | 2.600000 ± 0.114230 | 0.449568
0.96 | 1.04 | 2 | 5e+00 | 400 | 0.352846 ± 0.000552 | 0.072292 ± 0.003872 | 1.702107 ± 0.033746 | 2.599935 ± 0.115244 | 0.449769
0.96 | 1.04 | 2 | 1e+00 | 400 | 0.352832 ± 0.000443 | 0.072289 ± 0.001340 | 1.702361 ± 0.033777 | 2.599956 ± 0.159363 | 0.449624
0.96 | 1.04 | 2 | 1e-01 | 400 | 0.352831 ± 0.000424 | 0.072288 ± 0.003793 | 1.702786 ± 0.033833 | 2.599930 ± 0.130436 | 0.449570
0.96 | 1.04 | 2 | 1e-02 | 400 | 0.352832 ± 0.000412 | 0.072288 ± 0.003827 | 1.702769 ± 0.033651 | 2.600000 ± 0.114143 | 0.449568
0.96 | 1.04 | 2 | 5e+00 | 500 | 0.352845 ± 0.000418 | 0.072288 ± 0.004313 | 1.701883 ± 0.033648 | 2.599999 ± 0.155660 | 0.449656
0.96 | 1.04 | 2 | 1e+00 | 500 | 0.352845 ± 0.000418 | 0.072288 ± 0.004313 | 1.701883 ± 0.033648 | 2.599999 ± 0.155660 | 0.449656
0.96 | 1.04 | 2 | 1e-01 | 500 | 0.352831 ± 0.000413 | 0.072288 ± 0.003809 | 1.702789 ± 0.033651 | 2.600000 ± 0.120788 | 0.449569
0.96 | 1.04 | 2 | 1e-02 | 500 | 0.352831 ± 0.000413 | 0.072288 ± 0.003809 | 1.702789 ± 0.033651 | 2.600000 ± 0.120692 | 0.449569
0.96 | 1.04 | 2 | 5e+00 | 600 | 0.352845 ± 0.000418 | 0.072288 ± 0.004313 | 1.701883 ± 0.033648 | 2.599999 ± 0.155660 | 0.449656
0.96 | 1.04 | 2 | 1e+00 | 600 | 0.352845 ± 0.000418 | 0.072288 ± 0.004313 | 1.701883 ± 0.033648 | 2.599999 ± 0.155660 | 0.449656
0.96 | 1.04 | 2 | 1e-01 | 600 | 0.352831 ± 0.000413 | 0.072288 ± 0.003809 | 1.702789 ± 0.033651 | 2.600000 ± 0.120788 | 0.449569
0.96 | 1.04 | 2 | 1e-02 | 600 | 0.352831 ± 0.000413 | 0.072288 ± 0.003809 | 1.702789 ± 0.033651 | 2.600000 ± 0.120835 | 0.449569
0.96 | 1.04 | 2 | 5e+00 | 700 | 0.352845 ± 0.000418 | 0.072288 ± 0.004313 | 1.701883 ± 0.033648 | 2.599999 ± 0.155660 | 0.449656
0.96 | 1.04 | 2 | 1e+00 | 700 | 0.352845 ± 0.000418 | 0.072288 ± 0.004313 | 1.701883 ± 0.033648 | 2.599999 ± 0.155660 | 0.449656
0.96 | 1.04 | 2 | 1e-01 | 700 | 0.352831 ± 0.000413 | 0.072288 ± 0.003809 | 1.702789 ± 0.033651 | 2.600000 ± 0.120788 | 0.449569
0.96 | 1.04 | 2 | 1e-02 | 700 | 0.352831 ± 0.000413 | 0.072288 ± 0.003809 | 1.702789 ± 0.033651 | 2.600000 ± 0.120835 | 0.449569
0.96 | 1.04 | 2 | 5e+00 | 800 | 0.352845 ± 0.000418 | 0.072288 ± 0.004313 | 1.701883 ± 0.033648 | 2.599999 ± 0.155660 | 0.449656
0.96 | 1.04 | 2 | 1e+00 | 800 | 0.352845 ± 0.000418 | 0.072288 ± 0.004313 | 1.701883 ± 0.033648 | 2.599999 ± 0.155660 | 0.449656
0.96 | 1.04 | 2 | 1e-01 | 800 | 0.352831 ± 0.000413 | 0.072288 ± 0.003809 | 1.702789 ± 0.033651 | 2.600000 ± 0.120788 | 0.449569
0.96 | 1.04 | 2 | 1e-02 | 800 | 0.352831 ± 0.000413 | 0.072288 ± 0.003809 | 1.702789 ± 0.033651 | 2.600000 ± 0.120835 | 0.449569
0.97 | 1.03 | 0 | 5e+00 | 300 | 0.354219 ± 0.000415 | 0.073041 ± 0.003759 | 1.709092 ± 0.033662 | 2.575000 ± 0.084948 | 0.481764
0.97 | 1.03 | 0 | 1e+00 | 300 | 0.354217 ± 0.000415 | 0.073041 ± 0.003516 | 1.709084 ± 0.033661 | 2.575000 ± 0.078138 | 0.481739
0.97 | 1.03 | 0 | 1e-01 | 300 | 0.354209 ± 0.000415 | 0.073041 ± 0.002996 | 1.708921 ± 0.033655 | 2.575000 ± 0.122162 | 0.481691
0.97 | 1.03 | 0 | 1e-02 | 300 | 0.354209 ± 0.000415 | 0.073041 ± 0.002996 | 1.708921 ± 0.033655 | 2.575000 ± 0.122162 | 0.481691
0.97 | 1.03 | 0 | 5e+00 | 400 | 0.354219 ± 0.000415 | 0.073041 ± 0.003759 | 1.709092 ± 0.033662 | 2.575000 ± 0.084948 | 0.481764
0.97 | 1.03 | 0 | 1e+00 | 400 | 0.354217 ± 0.000415 | 0.073041 ± 0.003516 | 1.709084 ± 0.033661 | 2.575000 ± 0.078138 | 0.481739
0.97 | 1.03 | 0 | 1e-01 | 400 | 0.354209 ± 0.000415 | 0.073041 ± 0.002996 | 1.708921 ± 0.033655 | 2.575000 ± 0.122162 | 0.481691
0.97 | 1.03 | 0 | 1e-02 | 400 | 0.354209 ± 0.000415 | 0.073041 ± 0.002996 | 1.708921 ± 0.033655 | 2.575000 ± 0.122162 | 0.481691
0.97 | 1.03 | 0 | 5e+00 | 500 | 0.354219 ± 0.000415 | 0.073041 ± 0.003759 | 1.709092 ± 0.033662 | 2.575000 ± 0.084948 | 0.481764
0.97 | 1.03 | 0 | 1e+00 | 500 | 0.354217 ± 0.000415 | 0.073041 ± 0.003516 | 1.709084 ± 0.033661 | 2.575000 ± 0.078138 | 0.481739
0.97 | 1.03 | 0 | 1e-01 | 500 | 0.354209 ± 0.000415 | 0.073041 ± 0.002996 | 1.708921 ± 0.033655 | 2.575000 ± 0.122162 | 0.481691
0.97 | 1.03 | 0 | 1e-02 | 500 | 0.354209 ± 0.000415 | 0.073041 ± 0.002996 | 1.708921 ± 0.033655 | 2.575000 ± 0.122162 | 0.481691
0.97 | 1.03 | 0 | 5e+00 | 600 | 0.354219 ± 0.000415 | 0.073041 ± 0.003759 | 1.709092 ± 0.033662 | 2.575000 ± 0.084948 | 0.481764
0.97 | 1.03 | 0 | 1e+00 | 600 | 0.354217 ± 0.000415 | 0.073041 ± 0.003516 | 1.709084 ± 0.033661 | 2.575000 ± 0.078138 | 0.481739
0.97 | 1.03 | 0 | 1e-01 | 600 | 0.354209 ± 0.000415 | 0.073041 ± 0.002996 | 1.708921 ± 0.033655 | 2.575000 ± 0.122162 | 0.481691
0.97 | 1.03 | 0 | 1e-02 | 600 | 0.354209 ± 0.000415 | 0.073041 ± 0.002996 | 1.708921 ± 0.033655 | 2.575000 ± 0.122162 | 0.481691
0.97 | 1.03 | 0 | 5e+00 | 700 | 0.354219 ± 0.000415 | 0.073041 ± 0.003759 | 1.709092 ± 0.033662 | 2.575000 ± 0.084948 | 0.481764
0.97 | 1.03 | 0 | 1e+00 | 700 | 0.354217 ± 0.000415 | 0.073041 ± 0.003516 | 1.709084 ± 0.033661 | 2.575000 ± 0.078138 | 0.481739
0.97 | 1.03 | 0 | 1e-01 | 700 | 0.354209 ± 0.000415 | 0.073041 ± 0.002996 | 1.708921 ± 0.033655 | 2.575000 ± 0.122162 | 0.481691
0.97 | 1.03 | 0 | 1e-02 | 700 | 0.354209 ± 0.000415 | 0.073041 ± 0.002996 | 1.708921 ± 0.033655 | 2.575000 ± 0.122162 | 0.481691
0.97 | 1.03 | 0 | 5e+00 | 800 | 0.354219 ± 0.000415 | 0.073041 ± 0.003759 | 1.709092 ± 0.033662 | 2.575000 ± 0.084948 | 0.481764
0.97 | 1.03 | 0 | 1e+00 | 800 | 0.354217 ± 0.000415 | 0.073041 ± 0.003516 | 1.709084 ± 0.033661 | 2.575000 ± 0.078138 | 0.481739
0.97 | 1.03 | 0 | 1e-01 | 800 | 0.354209 ± 0.000415 | 0.073041 ± 0.002996 | 1.708921 ± 0.033655 | 2.575000 ± 0.122162 | 0.481691
0.97 | 1.03 | 0 | 1e-02 | 800 | 0.354209 ± 0.000415 | 0.073041 ± 0.002996 | 1.708921 ± 0.033655 | 2.575000 ± 0.122162 | 0.481691
0.97 | 1.03 | 2 | 5e+00 | 300 | 0.354220 ± 0.000444 | 0.073042 ± 0.003015 | 1.707891 ± 0.033647 | 2.575000 ± 0.075468 | 0.481795
0.97 | 1.03 | 2 | 1e+00 | 300 | 0.354203 ± 0.000425 | 0.073041 ± 0.002799 | 1.708947 ± 0.033652 | 2.574999 ± 0.114964 | 0.481738
0.97 | 1.03 | 2 | 1e-01 | 300 | 0.354211 ± 0.000420 | 0.073041 ± 0.003004 | 1.708801 ± 0.033653 | 2.575000 ± 0.103456 | 0.481699
0.97 | 1.03 | 2 | 1e-02 | 300 | 0.354209 ± 0.000415 | 0.073041 ± 0.002975 | 1.708867 ± 0.033653 | 2.575000 ± 0.127460 | 0.481692
0.97 | 1.03 | 2 | 5e+00 | 400 | 0.354232 ± 0.000433 | 0.073041 ± 0.003830 | 1.707397 ± 0.033648 | 2.575000 ± 0.119174 | 0.481925
0.97 | 1.03 | 2 | 1e+00 | 400 | 0.354209 ± 0.000419 | 0.073041 ± 0.002974 | 1.708924 ± 0.033654 | 2.575000 ± 0.127685 | 0.481698
0.97 | 1.03 | 2 | 1e-01 | 400 | 0.354209 ± 0.000415 | 0.073041 ± 0.002981 | 1.708923 ± 0.033653 | 2.575000 ± 0.128063 | 0.481692
0.97 | 1.03 | 2 | 1e-02 | 400 | 0.354209 ± 0.000415 | 0.073041 ± 0.002981 | 1.708923 ± 0.033653 | 2.575000 ± 0.128063 | 0.481692
0.97 | 1.03 | 2 | 5e+00 | 500 | 0.354232 ± 0.000433 | 0.073041 ± 0.003830 | 1.707397 ± 0.033648 | 2.575000 ± 0.119174 | 0.481925
0.97 | 1.03 | 2 | 1e+00 | 500 | 0.354209 ± 0.000419 | 0.073041 ± 0.002974 | 1.708924 ± 0.033654 | 2.575000 ± 0.127685 | 0.481698
0.97 | 1.03 | 2 | 1e-01 | 500 | 0.354209 ± 0.000415 | 0.073041 ± 0.002981 | 1.708923 ± 0.033653 | 2.575000 ± 0.128063 | 0.481692
0.97 | 1.03 | 2 | 1e-02 | 500 | 0.354209 ± 0.000415 | 0.073041 ± 0.002981 | 1.708923 ± 0.033653 | 2.575000 ± 0.128063 | 0.481692
0.97 | 1.03 | 2 | 5e+00 | 600 | 0.354232 ± 0.000433 | 0.073041 ± 0.003830 | 1.707397 ± 0.033648 | 2.575000 ± 0.119174 | 0.481925
0.97 | 1.03 | 2 | 1e+00 | 600 | 0.354209 ± 0.000419 | 0.073041 ± 0.002974 | 1.708924 ± 0.033654 | 2.575000 ± 0.127685 | 0.481698
0.97 | 1.03 | 2 | 1e-01 | 600 | 0.354209 ± 0.000415 | 0.073041 ± 0.002981 | 1.708923 ± 0.033653 | 2.575000 ± 0.128063 | 0.481692
0.97 | 1.03 | 2 | 1e-02 | 600 | 0.354209 ± 0.000415 | 0.073041 ± 0.002981 | 1.708923 ± 0.033653 | 2.575000 ± 0.128063 | 0.481692
0.97 | 1.03 | 2 | 5e+00 | 700 | 0.354232 ± 0.000433 | 0.073041 ± 0.003830 | 1.707397 ± 0.033648 | 2.575000 ± 0.119174 | 0.481925
0.97 | 1.03 | 2 | 1e+00 | 700 | 0.354209 ± 0.000419 | 0.073041 ± 0.002974 | 1.708924 ± 0.033654 | 2.575000 ± 0.127685 | 0.481698
0.97 | 1.03 | 2 | 1e-01 | 700 | 0.354209 ± 0.000415 | 0.073041 ± 0.002981 | 1.708923 ± 0.033653 | 2.575000 ± 0.128063 | 0.481692
0.97 | 1.03 | 2 | 1e-02 | 700 | 0.354209 ± 0.000415 | 0.073041 ± 0.002981 | 1.708923 ± 0.033653 | 2.575000 ± 0.128063 | 0.481692
0.97 | 1.03 | 2 | 5e+00 | 800 | 0.354232 ± 0.000433 | 0.073041 ± 0.003830 | 1.707397 ± 0.033648 | 2.575000 ± 0.119174 | 0.481925
0.97 | 1.03 | 2 | 1e+00 | 800 | 0.354209 ± 0.000419 | 0.073041 ± 0.002974 | 1.708924 ± 0.033654 | 2.575000 ± 0.127685 | 0.481698
0.97 | 1.03 | 2 | 1e-01 | 800 | 0.354209 ± 0.000415 | 0.073041 ± 0.002981 | 1.708923 ± 0.033653 | 2.575000 ± 0.128063 | 0.481692
0.97 | 1.03 | 2 | 1e-02 | 800 | 0.354209 ± 0.000415 | 0.073041 ± 0.002981 | 1.708923 ± 0.033653 | 2.575000 ± 0.128063 | 0.481692
0.98 | 1.02 | 0 | 5e+00 | 300 | 0.355562 ± 0.000427 | 0.073795 ± 0.000588 | 1.716250 ± 0.033649 | 2.550000 ± 0.055901 | 0.516510
0.98 | 1.02 | 0 | 1e+00 | 300 | 0.355596 ± 0.000426 | 0.073794 ± 0.002189 | 1.715009 ± 0.033658 | 2.550000 ± 0.099984 | 0.515957
0.98 | 1.02 | 0 | 1e-01 | 300 | 0.355595 ± 0.000417 | 0.073794 ± 0.002162 | 1.714982 ± 0.033657 | 2.550000 ± 0.099602 | 0.515944
0.98 | 1.02 | 0 | 1e-02 | 300 | 0.355595 ± 0.000417 | 0.073794 ± 0.002162 | 1.714985 ± 0.033657 | 2.550000 ± 0.099596 | 0.515943
0.98 | 1.02 | 0 | 5e+00 | 400 | 0.355562 ± 0.000427 | 0.073795 ± 0.000588 | 1.716250 ± 0.033649 | 2.550000 ± 0.055901 | 0.516510
0.98 | 1.02 | 0 | 1e+00 | 400 | 0.355596 ± 0.000426 | 0.073794 ± 0.002189 | 1.715009 ± 0.033658 | 2.550000 ± 0.099984 | 0.515957
0.98 | 1.02 | 0 | 1e-01 | 400 | 0.355595 ± 0.000417 | 0.073794 ± 0.002162 | 1.714982 ± 0.033657 | 2.550000 ± 0.099602 | 0.515944
0.98 | 1.02 | 0 | 1e-02 | 400 | 0.355595 ± 0.000417 | 0.073794 ± 0.002162 | 1.714985 ± 0.033657 | 2.550000 ± 0.099596 | 0.515943
0.98 | 1.02 | 0 | 5e+00 | 500 | 0.355562 ± 0.000427 | 0.073795 ± 0.000588 | 1.716250 ± 0.033649 | 2.550000 ± 0.055901 | 0.516510
0.98 | 1.02 | 0 | 1e+00 | 500 | 0.355596 ± 0.000426 | 0.073794 ± 0.002189 | 1.715009 ± 0.033658 | 2.550000 ± 0.099984 | 0.515957
0.98 | 1.02 | 0 | 1e-01 | 500 | 0.355595 ± 0.000417 | 0.073794 ± 0.002162 | 1.714982 ± 0.033657 | 2.550000 ± 0.099602 | 0.515944
0.98 | 1.02 | 0 | 1e-02 | 500 | 0.355595 ± 0.000417 | 0.073794 ± 0.002162 | 1.714985 ± 0.033657 | 2.550000 ± 0.099596 | 0.515943
0.98 | 1.02 | 0 | 5e+00 | 600 | 0.355562 ± 0.000427 | 0.073795 ± 0.000588 | 1.716250 ± 0.033649 | 2.550000 ± 0.055901 | 0.516510
0.98 | 1.02 | 0 | 1e+00 | 600 | 0.355596 ± 0.000426 | 0.073794 ± 0.002189 | 1.715009 ± 0.033658 | 2.550000 ± 0.099984 | 0.515957
0.98 | 1.02 | 0 | 1e-01 | 600 | 0.355595 ± 0.000417 | 0.073794 ± 0.002162 | 1.714982 ± 0.033657 | 2.550000 ± 0.099602 | 0.515944
0.98 | 1.02 | 0 | 1e-02 | 600 | 0.355595 ± 0.000417 | 0.073794 ± 0.002162 | 1.714985 ± 0.033657 | 2.550000 ± 0.099596 | 0.515943
0.98 | 1.02 | 0 | 5e+00 | 700 | 0.355562 ± 0.000427 | 0.073795 ± 0.000588 | 1.716250 ± 0.033649 | 2.550000 ± 0.055901 | 0.516510
0.98 | 1.02 | 0 | 1e+00 | 700 | 0.355596 ± 0.000426 | 0.073794 ± 0.002189 | 1.715009 ± 0.033658 | 2.550000 ± 0.099984 | 0.515957
0.98 | 1.02 | 0 | 1e-01 | 700 | 0.355595 ± 0.000417 | 0.073794 ± 0.002162 | 1.714982 ± 0.033657 | 2.550000 ± 0.099602 | 0.515944
0.98 | 1.02 | 0 | 1e-02 | 700 | 0.355595 ± 0.000417 | 0.073794 ± 0.002162 | 1.714985 ± 0.033657 | 2.550000 ± 0.099596 | 0.515943
0.98 | 1.02 | 0 | 5e+00 | 800 | 0.355562 ± 0.000427 | 0.073795 ± 0.000588 | 1.716250 ± 0.033649 | 2.550000 ± 0.055901 | 0.516510
0.98 | 1.02 | 0 | 1e+00 | 800 | 0.355596 ± 0.000426 | 0.073794 ± 0.002189 | 1.715009 ± 0.033658 | 2.550000 ± 0.099984 | 0.515957
0.98 | 1.02 | 0 | 1e-01 | 800 | 0.355595 ± 0.000417 | 0.073794 ± 0.002162 | 1.714982 ± 0.033657 | 2.550000 ± 0.099602 | 0.515944
0.98 | 1.02 | 0 | 1e-02 | 800 | 0.355595 ± 0.000417 | 0.073794 ± 0.002162 | 1.714985 ± 0.033657 | 2.550000 ± 0.099596 | 0.515943
0.98 | 1.02 | 2 | 5e+00 | 400 | 0.355586 ± 0.000522 | 0.073799 ± 0.001853 | 1.715508 ± 0.034210 | 2.549357 ± 0.050282 | 0.516315
0.98 | 1.02 | 2 | 1e+00 | 400 | 0.355594 ± 0.000521 | 0.073795 ± 0.002015 | 1.714337 ± 0.035164 | 2.549448 ± 0.077083 | 0.516044
0.98 | 1.02 | 2 | 1e-01 | 400 | 0.355592 ± 0.000493 | 0.073794 ± 0.002131 | 1.715186 ± 0.034864 | 2.549497 ± 0.085744 | 0.515962
0.98 | 1.02 | 2 | 5e+00 | 500 | 0.355598 ± 0.000457 | 0.073795 ± 0.002127 | 1.715047 ± 0.033671 | 2.549993 ± 0.098192 | 0.516008
0.98 | 1.02 | 2 | 1e+00 | 500 | 0.355598 ± 0.000457 | 0.073795 ± 0.002127 | 1.715047 ± 0.033671 | 2.549993 ± 0.098192 | 0.516008
0.98 | 1.02 | 2 | 1e-01 | 500 | 0.355593 ± 0.000417 | 0.073794 ± 0.002099 | 1.715009 ± 0.033655 | 2.550000 ± 0.069291 | 0.515947
0.98 | 1.02 | 2 | 1e-02 | 500 | 0.355595 ± 0.000418 | 0.073794 ± 0.002164 | 1.715010 ± 0.033668 | 2.549994 ± 0.099613 | 0.515944
0.98 | 1.02 | 2 | 5e+00 | 600 | 0.355598 ± 0.000460 | 0.073796 ± 0.002129 | 1.715021 ± 0.033662 | 2.549998 ± 0.099236 | 0.516013
0.98 | 1.02 | 2 | 1e+00 | 600 | 0.355598 ± 0.000460 | 0.073796 ± 0.002129 | 1.715021 ± 0.033662 | 2.549998 ± 0.099236 | 0.516013
0.98 | 1.02 | 2 | 1e-01 | 600 | 0.355595 ± 0.000418 | 0.073794 ± 0.002159 | 1.715018 ± 0.033656 | 2.550000 ± 0.099178 | 0.515944
0.98 | 1.02 | 2 | 1e-02 | 600 | 0.355595 ± 0.000418 | 0.073794 ± 0.002159 | 1.715016 ± 0.033656 | 2.550000 ± 0.099251 | 0.515944
0.98 | 1.02 | 2 | 5e+00 | 700 | 0.355598 ± 0.000460 | 0.073796 ± 0.002129 | 1.715021 ± 0.033662 | 2.549998 ± 0.099236 | 0.516013
0.98 | 1.02 | 2 | 1e+00 | 700 | 0.355598 ± 0.000460 | 0.073796 ± 0.002129 | 1.715021 ± 0.033662 | 2.549998 ± 0.099236 | 0.516013
0.98 | 1.02 | 2 | 1e-01 | 700 | 0.355595 ± 0.000418 | 0.073794 ± 0.002159 | 1.715018 ± 0.033656 | 2.550000 ± 0.099178 | 0.515944
0.98 | 1.02 | 2 | 1e-02 | 700 | 0.355595 ± 0.000418 | 0.073794 ± 0.002159 | 1.715016 ± 0.033656 | 2.550000 ± 0.099251 | 0.515944
0.98 | 1.02 | 2 | 5e+00 | 800 | 0.355598 ± 0.000460 | 0.073796 ± 0.002129 | 1.715021 ± 0.033662 | 2.549998 ± 0.099236 | 0.516013
0.98 | 1.02 | 2 | 1e+00 | 800 | 0.355598 ± 0.000460 | 0.073796 ± 0.002129 | 1.715021 ± 0.033662 | 2.549998 ± 0.099236 | 0.516013
0.98 | 1.02 | 2 | 1e-01 | 800 | 0.355595 ± 0.000418 | 0.073794 ± 0.002159 | 1.715018 ± 0.033656 | 2.550000 ± 0.099178 | 0.515944
0.98 | 1.02 | 2 | 1e-02 | 800 | 0.355595 ± 0.000418 | 0.073794 ± 0.002159 | 1.715016 ± 0.033656 | 2.550000 ± 0.099251 | 0.515944
0.99 | 1.01 | 0 | 5e+00 | 300 | 0.356989 ± 0.000438 | 0.074548 ± 0.001330 | 1.721545 ± 0.033667 | 2.525000 ± 0.027382 | 0.552369
0.99 | 1.01 | 0 | 1e+00 | 300 | 0.356989 ± 0.000422 | 0.074547 ± 0.001293 | 1.721153 ± 0.033660 | 2.524998 ± 0.026376 | 0.552328
0.99 | 1.01 | 0 | 1e-01 | 300 | 0.356988 ± 0.000419 | 0.074547 ± 0.001271 | 1.721100 ± 0.033659 | 2.525000 ± 0.030966 | 0.552324
0.99 | 1.01 | 0 | 1e-02 | 300 | 0.356988 ± 0.000419 | 0.074547 ± 0.001271 | 1.721100 ± 0.033659 | 2.525000 ± 0.030966 | 0.552324
0.99 | 1.01 | 0 | 5e+00 | 400 | 0.356989 ± 0.000438 | 0.074548 ± 0.001330 | 1.721545 ± 0.033667 | 2.525000 ± 0.027382 | 0.552369
0.99 | 1.01 | 0 | 1e+00 | 400 | 0.356989 ± 0.000422 | 0.074547 ± 0.001293 | 1.721153 ± 0.033660 | 2.524998 ± 0.026376 | 0.552328
0.99 | 1.01 | 0 | 1e-01 | 400 | 0.356988 ± 0.000419 | 0.074547 ± 0.001271 | 1.721100 ± 0.033659 | 2.525000 ± 0.030966 | 0.552324
0.99 | 1.01 | 0 | 1e-02 | 400 | 0.356988 ± 0.000419 | 0.074547 ± 0.001271 | 1.721100 ± 0.033659 | 2.525000 ± 0.030966 | 0.552324
0.99 | 1.01 | 0 | 5e+00 | 500 | 0.356989 ± 0.000438 | 0.074548 ± 0.001330 | 1.721545 ± 0.033667 | 2.525000 ± 0.027382 | 0.552369
0.99 | 1.01 | 0 | 1e+00 | 500 | 0.356989 ± 0.000422 | 0.074547 ± 0.001293 | 1.721153 ± 0.033660 | 2.524998 ± 0.026376 | 0.552328
0.99 | 1.01 | 0 | 1e-01 | 500 | 0.356988 ± 0.000419 | 0.074547 ± 0.001271 | 1.721100 ± 0.033659 | 2.525000 ± 0.030966 | 0.552324
0.99 | 1.01 | 0 | 1e-02 | 500 | 0.356988 ± 0.000419 | 0.074547 ± 0.001271 | 1.721100 ± 0.033659 | 2.525000 ± 0.030966 | 0.552324
0.99 | 1.01 | 0 | 5e+00 | 600 | 0.356989 ± 0.000438 | 0.074548 ± 0.001330 | 1.721545 ± 0.033667 | 2.525000 ± 0.027382 | 0.552369
0.99 | 1.01 | 0 | 1e+00 | 600 | 0.356989 ± 0.000422 | 0.074547 ± 0.001293 | 1.721153 ± 0.033660 | 2.524998 ± 0.026376 | 0.552328
0.99 | 1.01 | 0 | 1e-01 | 600 | 0.356988 ± 0.000419 | 0.074547 ± 0.001271 | 1.721100 ± 0.033659 | 2.525000 ± 0.030966 | 0.552324
0.99 | 1.01 | 0 | 1e-02 | 600 | 0.356988 ± 0.000419 | 0.074547 ± 0.001271 | 1.721100 ± 0.033659 | 2.525000 ± 0.030966 | 0.552324
0.99 | 1.01 | 0 | 5e+00 | 700 | 0.356989 ± 0.000438 | 0.074548 ± 0.001330 | 1.721545 ± 0.033667 | 2.525000 ± 0.027382 | 0.552369
0.99 | 1.01 | 0 | 1e+00 | 700 | 0.356989 ± 0.000422 | 0.074547 ± 0.001293 | 1.721153 ± 0.033660 | 2.524998 ± 0.026376 | 0.552328
0.99 | 1.01 | 0 | 1e-01 | 700 | 0.356988 ± 0.000419 | 0.074547 ± 0.001271 | 1.721100 ± 0.033659 | 2.525000 ± 0.030966 | 0.552324
0.99 | 1.01 | 0 | 1e-02 | 700 | 0.356988 ± 0.000419 | 0.074547 ± 0.001271 | 1.721100 ± 0.033659 | 2.525000 ± 0.030966 | 0.552324
0.99 | 1.01 | 0 | 5e+00 | 800 | 0.356989 ± 0.000438 | 0.074548 ± 0.001330 | 1.721545 ± 0.033667 | 2.525000 ± 0.027382 | 0.552369
0.99 | 1.01 | 0 | 1e+00 | 800 | 0.356989 ± 0.000422 | 0.074547 ± 0.001293 | 1.721153 ± 0.033660 | 2.524998 ± 0.026376 | 0.552328
0.99 | 1.01 | 0 | 1e-01 | 800 | 0.356988 ± 0.000419 | 0.074547 ± 0.001271 | 1.721100 ± 0.033659 | 2.525000 ± 0.030966 | 0.552324
0.99 | 1.01 | 0 | 1e-02 | 800 | 0.356988 ± 0.000419 | 0.074547 ± 0.001271 | 1.721100 ± 0.033659 | 2.525000 ± 0.030966 | 0.552324
0.99 | 1.01 | 2 | 5e+00 | 300 | 0.357018 ± 0.000706 | 0.074561 ± 0.001208 | 1.720998 ± 0.033676 | 2.525000 ± 0.025294 | 0.553013
0.99 | 1.01 | 2 | 1e+00 | 300 | 0.356985 ± 0.000475 | 0.074547 ± 0.001237 | 1.721186 ± 0.034493 | 2.524753 ± 0.049618 | 0.552343
0.99 | 1.01 | 2 | 5e+00 | 400 | 0.357018 ± 0.000706 | 0.074561 ± 0.001208 | 1.720998 ± 0.033676 | 2.525000 ± 0.025294 | 0.553013
0.99 | 1.01 | 2 | 1e+00 | 400 | 0.356985 ± 0.000469 | 0.074547 ± 0.001237 | 1.721186 ± 0.034397 | 2.524753 ± 0.048915 | 0.552343
0.99 | 1.01 | 2 | 1e-01 | 400 | 0.356984 ± 0.000420 | 0.074547 ± 0.001218 | 1.721193 ± 0.033659 | 2.525000 ± 0.031779 | 0.552335
0.99 | 1.01 | 2 | 5e+00 | 500 | 0.357018 ± 0.000706 | 0.074561 ± 0.001208 | 1.720998 ± 0.033676 | 2.525000 ± 0.025294 | 0.553013
0.99 | 1.01 | 2 | 1e+00 | 500 | 0.356985 ± 0.000469 | 0.074547 ± 0.001237 | 1.721186 ± 0.034397 | 2.524753 ± 0.048915 | 0.552343
0.99 | 1.01 | 2 | 1e-01 | 500 | 0.356988 ± 0.000420 | 0.074547 ± 0.001277 | 1.721211 ± 0.033659 | 2.525000 ± 0.030775 | 0.552325
0.99 | 1.01 | 2 | 5e+00 | 600 | 0.357018 ± 0.000706 | 0.074561 ± 0.001208 | 1.720998 ± 0.033676 | 2.525000 ± 0.025294 | 0.553013
0.99 | 1.01 | 2 | 1e+00 | 600 | 0.356985 ± 0.000469 | 0.074547 ± 0.001237 | 1.721186 ± 0.034397 | 2.524753 ± 0.048915 | 0.552343
0.99 | 1.01 | 2 | 1e-01 | 600 | 0.356988 ± 0.000420 | 0.074547 ± 0.001277 | 1.721211 ± 0.033659 | 2.525000 ± 0.030775 | 0.552325
0.99 | 1.01 | 2 | 5e+00 | 700 | 0.357018 ± 0.000706 | 0.074561 ± 0.001208 | 1.720998 ± 0.033676 | 2.525000 ± 0.025294 | 0.553013
0.99 | 1.01 | 2 | 1e+00 | 700 | 0.356985 ± 0.000469 | 0.074547 ± 0.001237 | 1.721186 ± 0.034397 | 2.524753 ± 0.048915 | 0.552343
0.99 | 1.01 | 2 | 1e-01 | 700 | 0.356988 ± 0.000420 | 0.074547 ± 0.001277 | 1.721211 ± 0.033659 | 2.525000 ± 0.030775 | 0.552325
0.99 | 1.01 | 2 | 1e-02 | 700 | 0.356990 ± 0.000419 | 0.074547 ± 0.001296 | 1.721001 ± 0.033660 | 2.525000 ± 0.025216 | 0.552326
0.99 | 1.01 | 2 | 5e+00 | 800 | 0.357018 ± 0.000706 | 0.074561 ± 0.001208 | 1.720998 ± 0.033676 | 2.525000 ± 0.025294 | 0.553013
0.99 | 1.01 | 2 | 1e+00 | 800 | 0.356985 ± 0.000469 | 0.074547 ± 0.001237 | 1.721186 ± 0.034397 | 2.524753 ± 0.048915 | 0.552343
0.99 | 1.01 | 2 | 1e-01 | 800 | 0.356988 ± 0.000420 | 0.074547 ± 0.001277 | 1.721211 ± 0.033659 | 2.525000 ± 0.030775 | 0.552325
0.99 | 1.01 | 2 | 1e-02 | 800 | 0.356989 ± 0.000419 | 0.074547 ± 0.001275 | 1.721081 ± 0.033658 | 2.525000 ± 0.028636 | 0.552324
