Otimização para pl em ATLAS - Limites: eps_0_mg_1_a1_1_a2_1
Configuração: down | up | strategy | migrad | mg ± error | eps ± error | a1 ± error | a2 ± error | χ²/ndof
========================================================================================================================
0.99 | 1.01 | 0 | 200 | 0.41679000004815614 ± 0.0018188934871662399 | 0.07327173426883 ± 0.00017625529500582524 | 1.5321699972902871 ± 0.020004030507731585 | 2.0704999843286758 ± 0.03971849882073597 | 0.6915898659276741
0.99 | 1.01 | 0 | 300 | 0.41679000004815614 ± 0.0018188934871662399 | 0.07327173426883 ± 0.00017625529500582524 | 1.5321699972902871 ± 0.020004030507731585 | 2.0704999843286758 ± 0.03971849882073597 | 0.6915898659276741
0.99 | 1.01 | 0 | 400 | 0.41679000004815614 ± 0.0018188934871662399 | 0.07327173426883 ± 0.00017625529500582524 | 1.5321699972902871 ± 0.020004030507731585 | 2.0704999843286758 ± 0.03971849882073597 | 0.6915898659276741
0.99 | 1.01 | 0 | 500 | 0.41679000004815614 ± 0.0018188934871662399 | 0.07327173426883 ± 0.00017625529500582524 | 1.5321699972902871 ± 0.020004030507731585 | 2.0704999843286758 ± 0.03971849882073597 | 0.6915898659276741
0.99 | 1.01 | 0 | 600 | 0.41679000004815614 ± 0.0018188934871662399 | 0.07327173426883 ± 0.00017625529500582524 | 1.5321699972902871 ± 0.020004030507731585 | 2.0704999843286758 ± 0.03971849882073597 | 0.6915898659276741
0.99 | 1.01 | 0 | 700 | 0.41679000004815614 ± 0.0018188934871662399 | 0.07327173426883 ± 0.00017625529500582524 | 1.5321699972902871 ± 0.020004030507731585 | 2.0704999843286758 ± 0.03971849882073597 | 0.6915898659276741
0.99 | 1.01 | 0 | 800 | 0.41679000004815614 ± 0.0018188934871662399 | 0.07327173426883 ± 0.00017625529500582524 | 1.5321699972902871 ± 0.020004030507731585 | 2.0704999843286758 ± 0.03971849882073597 | 0.6915898659276741
0.99 | 1.01 | 1 | 200 | 0.41679000004813355 ± 0.0018188945703150605 | 0.07327173428188266 ± 0.00017625528976223664 | 1.5321699972905192 ± 0.02000403046724686 | 2.0704999843225256 ± 0.03971850048119263 | 0.6915898659263009
0.99 | 1.01 | 1 | 300 | 0.41679000004813355 ± 0.0018188678134121727 | 0.07327173428188266 ± 0.00017624961072747265 | 1.5321699972905192 ± 0.02000403073157364 | 2.0704999843225256 ± 0.039718499135703356 | 0.6915898659263009
0.99 | 1.01 | 1 | 400 | 0.41679000004813355 ± 0.0018188678134121727 | 0.07327173428188266 ± 0.00017624961072747265 | 1.5321699972905192 ± 0.02000403073157364 | 2.0704999843225256 ± 0.039718499135703356 | 0.6915898659263009
0.99 | 1.01 | 1 | 500 | 0.41679000004813355 ± 0.0018188678134121727 | 0.07327173428188266 ± 0.00017624961072747265 | 1.5321699972905192 ± 0.02000403073157364 | 2.0704999843225256 ± 0.039718499135703356 | 0.6915898659263009
0.99 | 1.01 | 1 | 600 | 0.41679000004813355 ± 0.0018188678134121727 | 0.07327173428188266 ± 0.00017624961072747265 | 1.5321699972905192 ± 0.02000403073157364 | 2.0704999843225256 ± 0.039718499135703356 | 0.6915898659263009
0.99 | 1.01 | 1 | 700 | 0.41679000004813355 ± 0.0018188678134121727 | 0.07327173428188266 ± 0.00017624961072747265 | 1.5321699972905192 ± 0.02000403073157364 | 2.0704999843225256 ± 0.039718499135703356 | 0.6915898659263009
0.99 | 1.01 | 1 | 800 | 0.41679000004813355 ± 0.0018188678134121727 | 0.07327173428188266 ± 0.00017624961072747265 | 1.5321699972905192 ± 0.02000403073157364 | 2.0704999843225256 ± 0.039718499135703356 | 0.6915898659263009
0.99 | 1.01 | 2 | 300 | 0.4167900004330888 ± 0.0017886856451004574 | 0.0732713687843678 ± 0.00017625517597132166 | 1.5321699913580356 ± 0.020020391627442735 | 2.07049997430309 ± 0.039705596205597216 | 0.691590386652225
0.99 | 1.01 | 2 | 400 | 0.4167900004330888 ± 0.0017886856451004574 | 0.0732713687843678 ± 0.00017625517597132166 | 1.5321699913580356 ± 0.020020391627442735 | 2.07049997430309 ± 0.039705596205597216 | 0.691590386652225
0.99 | 1.01 | 2 | 500 | 0.4167900004330888 ± 0.0017886856451004574 | 0.0732713687843678 ± 0.00017625517597132166 | 1.5321699913580356 ± 0.020020391627442735 | 2.07049997430309 ± 0.039705596205597216 | 0.691590386652225
0.99 | 1.01 | 2 | 600 | 0.4167900004330888 ± 0.0017886856451004574 | 0.0732713687843678 ± 0.00017625517597132166 | 1.5321699913580356 ± 0.020020391627442735 | 2.07049997430309 ± 0.039705596205597216 | 0.691590386652225
0.99 | 1.01 | 2 | 700 | 0.4167900004330888 ± 0.0017886856451004574 | 0.0732713687843678 ± 0.00017625517597132166 | 1.5321699913580356 ± 0.020020391627442735 | 2.07049997430309 ± 0.039705596205597216 | 0.691590386652225
0.99 | 1.01 | 2 | 800 | 0.4167900004330888 ± 0.0017886856451004574 | 0.0732713687843678 ± 0.00017625517597132166 | 1.5321699913580356 ± 0.020020391627442735 | 2.07049997430309 ± 0.039705596205597216 | 0.691590386652225
