Otimização para log em ATLAS - Limites: eps_1_mg_0_a1_0_a2_1
Configuração: down | up | strategy | tol | migrad | mg ± error | eps ± error | a1 ± error | a2 ± error | χ²/ndof
======================================================================================================================================================
0.98 | 1.02 | 0 | 5e+00 | 400 | 0.348880 ± 0.000510 | 0.067076 ± 0.000085 | 1.400458 ± 0.004205 | 4.571745 ± 0.083925 | 0.590219
0.98 | 1.02 | 0 | 1e+00 | 400 | 0.348880 ± 0.000440 | 0.067075 ± 0.000085 | 1.400460 ± 0.004246 | 4.571566 ± 0.083897 | 0.590214
0.98 | 1.02 | 0 | 1e-01 | 400 | 0.348880 ± 0.000451 | 0.067076 ± 0.000085 | 1.400460 ± 0.004233 | 4.571431 ± 0.083898 | 0.590212
0.98 | 1.02 | 0 | 5e+00 | 500 | 0.348880 ± 0.000510 | 0.067076 ± 0.000085 | 1.400458 ± 0.004205 | 4.571745 ± 0.083925 | 0.590219
0.98 | 1.02 | 0 | 1e+00 | 500 | 0.348880 ± 0.000440 | 0.067075 ± 0.000085 | 1.400460 ± 0.004246 | 4.571566 ± 0.083897 | 0.590214
0.98 | 1.02 | 0 | 1e-01 | 500 | 0.348880 ± 0.000451 | 0.067076 ± 0.000085 | 1.400460 ± 0.004233 | 4.571431 ± 0.083898 | 0.590212
0.98 | 1.02 | 0 | 1e-02 | 500 | 0.348880 ± 0.000448 | 0.067076 ± 0.000085 | 1.400460 ± 0.004231 | 4.571308 ± 0.083896 | 0.590212
0.98 | 1.02 | 0 | 5e+00 | 600 | 0.348880 ± 0.000510 | 0.067076 ± 0.000085 | 1.400458 ± 0.004205 | 4.571745 ± 0.083925 | 0.590219
0.98 | 1.02 | 0 | 1e+00 | 600 | 0.348880 ± 0.000440 | 0.067075 ± 0.000085 | 1.400460 ± 0.004246 | 4.571566 ± 0.083897 | 0.590214
0.98 | 1.02 | 0 | 1e-01 | 600 | 0.348880 ± 0.000451 | 0.067076 ± 0.000085 | 1.400460 ± 0.004233 | 4.571431 ± 0.083898 | 0.590212
0.98 | 1.02 | 0 | 1e-02 | 600 | 0.348880 ± 0.000448 | 0.067076 ± 0.000085 | 1.400460 ± 0.004231 | 4.571308 ± 0.083896 | 0.590212
0.98 | 1.02 | 0 | 5e+00 | 700 | 0.348880 ± 0.000510 | 0.067076 ± 0.000085 | 1.400458 ± 0.004205 | 4.571745 ± 0.083925 | 0.590219
0.98 | 1.02 | 0 | 1e+00 | 700 | 0.348880 ± 0.000440 | 0.067075 ± 0.000085 | 1.400460 ± 0.004246 | 4.571566 ± 0.083897 | 0.590214
0.98 | 1.02 | 0 | 1e-01 | 700 | 0.348880 ± 0.000451 | 0.067076 ± 0.000085 | 1.400460 ± 0.004233 | 4.571431 ± 0.083898 | 0.590212
0.98 | 1.02 | 0 | 1e-02 | 700 | 0.348880 ± 0.000448 | 0.067076 ± 0.000085 | 1.400460 ± 0.004231 | 4.571308 ± 0.083896 | 0.590212
0.98 | 1.02 | 0 | 5e+00 | 800 | 0.348880 ± 0.000510 | 0.067076 ± 0.000085 | 1.400458 ± 0.004205 | 4.571745 ± 0.083925 | 0.590219
0.98 | 1.02 | 0 | 1e+00 | 800 | 0.348880 ± 0.000440 | 0.067075 ± 0.000085 | 1.400460 ± 0.004246 | 4.571566 ± 0.083897 | 0.590214
0.98 | 1.02 | 0 | 1e-01 | 800 | 0.348880 ± 0.000451 | 0.067076 ± 0.000085 | 1.400460 ± 0.004233 | 4.571431 ± 0.083898 | 0.590212
0.98 | 1.02 | 0 | 1e-02 | 800 | 0.348880 ± 0.000448 | 0.067076 ± 0.000085 | 1.400460 ± 0.004231 | 4.571308 ± 0.083896 | 0.590212
